timestamp,R0C0,R0C1,R0C2,R1C0,R1C1,R1C2,R2C0,R2C1,R2C2,R3C0,R3C1,R3C2,R4C0,R4C1,R4C2
1748905642.537527,2.5704,2.5331,2.6827,2.6862,2.6843,2.7217,2.7117,2.7021,2.7681,2.7042,2.7569,2.9059,2.6695,2.7743,2.9212
1748905642.5498471,2.5766,2.5385,2.6814,2.6902,2.6857,2.7217,2.7131,2.7037,2.7671,2.7088,2.7617,2.9084,2.6728,2.7727,2.9253
1748905642.557228,2.5718,2.5352,2.6808,2.6857,2.6819,2.7203,2.716,2.709,2.7687,2.7077,2.7595,2.911,2.6728,2.7738,2.9215
1748905642.572244,2.5704,2.5358,2.6781,2.6892,2.683,2.7222,2.7058,2.7012,2.7622,2.7047,2.759,2.9078,2.6698,2.7759,2.921
1748905642.603961,2.572,2.5379,2.6841,2.6913,2.6913,2.726,2.7168,2.7063,2.7687,2.7077,2.763,2.914,2.6728,2.7757,2.9245
1748905642.6977742,2.5739,2.5371,2.6816,2.69,2.6846,2.7249,2.7198,2.7066,2.7714,2.7066,2.7571,2.907,2.6709,2.7724,2.9186
1748905642.818333,2.5696,2.5377,2.6781,2.6841,2.6897,2.7227,2.7174,2.7072,2.7681,2.705,2.7598,2.9067,2.6693,2.7727,2.914
1748905642.924983,2.5707,2.5342,2.6832,2.69,2.6926,2.7308,2.7195,2.709,2.7714,2.6996,2.752,2.9062,2.6773,2.7781,2.9269
1748905643.0388658,2.5742,2.5368,2.6822,2.69,2.6857,2.7249,2.7158,2.7034,2.7705,2.6988,2.7526,2.9016,2.6695,2.773,2.9226
1748905643.152929,2.572,2.5377,2.6822,2.6862,2.6811,2.7249,2.7195,2.7045,2.7692,2.7002,2.7491,2.9011,2.6693,2.7738,2.9188
1748905643.266913,2.5707,2.5368,2.6841,2.6841,2.6822,2.7209,2.7179,2.7088,2.7681,2.7007,2.7526,2.9022,2.6685,2.7722,2.9229
1748905643.380942,2.5734,2.5379,2.6811,2.6841,2.6811,2.7209,2.7176,2.705,2.77,2.6978,2.7493,2.9019,2.6687,2.7716,2.9164
1748905643.496267,2.5742,2.5377,2.6854,2.6841,2.6787,2.7225,2.7195,2.7063,2.7708,2.6959,2.7485,2.896,2.672,2.7738,2.9234
1748905643.6092942,2.5766,2.5368,2.6841,2.6857,2.6792,2.7235,2.7133,2.7042,2.762,2.6953,2.7483,2.9006,2.6636,2.7708,2.9221
1748905643.722851,2.5739,2.5385,2.6884,2.687,2.68,2.723,2.7174,2.7085,2.7714,2.6975,2.7472,2.9,2.6669,2.7705,2.9199
1748905643.8367481,2.5712,2.5358,2.6816,2.6875,2.683,2.7238,2.7171,2.6986,2.7665,2.6988,2.7493,2.9,2.6682,2.7695,2.9175
1748905643.9507499,2.5688,2.5339,2.6822,2.683,2.6811,2.7246,2.7144,2.7007,2.7614,2.6996,2.7456,2.9006,2.6679,2.7719,2.9172
1748905644.064804,2.571,2.5339,2.6843,2.6819,2.6808,2.7209,2.7144,2.7007,2.7636,2.698,2.7496,2.8955,2.6644,2.7679,2.9159
1748905644.1795719,2.5696,2.535,2.6849,2.683,2.6832,2.7265,2.7101,2.6964,2.762,2.694,2.7472,2.8917,2.6658,2.7689,2.9132
1748905644.293251,2.5723,2.5387,2.6803,2.6875,2.6865,2.726,2.7133,2.701,2.763,2.6994,2.7491,2.896,2.6709,2.7708,2.9167
1748905644.406751,2.571,2.5331,2.6787,2.6849,2.6816,2.7217,2.7149,2.701,2.7633,2.6959,2.7477,2.9003,2.6706,2.7727,2.9172
1748905644.520701,2.571,2.5352,2.68,2.6811,2.6849,2.7241,2.7088,2.6996,2.7617,2.698,2.7472,2.9006,2.6687,2.7705,2.9188
1748905644.642391,2.5712,2.5326,2.6803,2.6862,2.6886,2.7289,2.7063,2.6953,2.7582,2.6983,2.7464,2.9011,2.6674,2.7676,2.9156
1748905644.74877,2.571,2.5344,2.6781,2.6857,2.6832,2.7257,2.7053,2.7004,2.7603,2.6948,2.7466,2.8968,2.6685,2.7703,2.9151
1748905644.862626,2.5712,2.5352,2.6771,2.6846,2.6803,2.726,2.7039,2.6961,2.7609,2.7012,2.7536,2.9059,2.6639,2.7652,2.9145
1748905644.976644,2.5734,2.5355,2.68,2.6857,2.6854,2.727,2.7034,2.6951,2.7574,2.7007,2.7526,2.9067,2.6653,2.7649,2.9126
1748905645.090691,2.572,2.535,2.6806,2.6857,2.6814,2.7319,2.7072,2.6943,2.7614,2.7098,2.7593,2.9186,2.6634,2.7654,2.9151
1748905645.2063,2.5739,2.5368,2.6822,2.6819,2.6811,2.7222,2.7004,2.691,2.7569,2.709,2.7595,2.9121,2.6663,2.7673,2.9204
1748905645.3192298,2.5734,2.5377,2.6843,2.6808,2.6824,2.7257,2.6978,2.6924,2.7552,2.709,2.7582,2.918,2.665,2.7654,2.9188
1748905645.432665,2.572,2.536,2.6846,2.6819,2.6824,2.7249,2.6964,2.6892,2.7501,2.7072,2.7598,2.9164,2.6626,2.7679,2.9164
1748905645.5467288,2.5745,2.535,2.6849,2.6832,2.6843,2.7257,2.6983,2.6865,2.7523,2.7066,2.7582,2.9196,2.6636,2.7671,2.9204
1748905645.6605499,2.5774,2.5395,2.691,2.6798,2.6779,2.7273,2.6943,2.6849,2.7531,2.7026,2.7579,2.9135,2.6677,2.7684,2.9183
1748905645.7746618,2.5726,2.5358,2.6873,2.6811,2.6784,2.72,2.6937,2.6838,2.7528,2.7037,2.756,2.9124,2.6674,2.7714,2.9153
1748905645.8887308,2.5728,2.5366,2.6827,2.6781,2.6714,2.7192,2.6945,2.6859,2.7544,2.6961,2.7555,2.9113,2.6658,2.7679,2.9204
1748905646.0052328,2.5728,2.5363,2.6865,2.68,2.6781,2.7227,2.6961,2.6908,2.7539,2.7026,2.7577,2.9078,2.6687,2.7719,2.9172
1748905646.116682,2.5758,2.5377,2.6822,2.6768,2.6752,2.7171,2.6978,2.6905,2.7563,2.6956,2.7461,2.9014,2.6658,2.7687,2.9255
1748905646.2305632,2.5742,2.5352,2.6859,2.6787,2.6738,2.7195,2.6969,2.6924,2.7601,2.6972,2.7517,2.9054,2.665,2.7708,2.9204
1748905646.3445172,2.575,2.5382,2.6875,2.6803,2.6757,2.72,2.6983,2.6892,2.7598,2.701,2.7531,2.914,2.6663,2.7681,2.9245
1748905646.459085,2.5774,2.5374,2.6816,2.6792,2.6738,2.7176,2.7002,2.69,2.7512,2.6964,2.7488,2.9019,2.6669,2.7673,2.9172
1748905646.572553,2.5718,2.5342,2.6892,2.6776,2.6714,2.7192,2.7004,2.6935,2.7563,2.7018,2.7531,2.9108,2.6644,2.7716,2.9231
1748905646.6868548,2.5753,2.5371,2.6867,2.6816,2.6771,2.72,2.7072,2.6926,2.7563,2.7021,2.7507,2.9019,2.6693,2.7714,2.9191
1748905646.8007622,2.5763,2.5385,2.6889,2.6763,2.6701,2.7217,2.7026,2.6951,2.7566,2.698,2.7499,2.9024,2.6685,2.7722,2.921
1748905646.914433,2.5785,2.5379,2.6843,2.6795,2.6765,2.7203,2.7029,2.6916,2.7547,2.6999,2.7496,2.9084,2.665,2.7716,2.9242
1748905647.028449,2.5753,2.5422,2.6832,2.6773,2.6755,2.7206,2.705,2.6835,2.7499,2.6945,2.7472,2.9014,2.662,2.7689,2.9148
1748905647.142546,2.5758,2.5377,2.6832,2.6832,2.6725,2.7211,2.6999,2.6921,2.7547,2.6951,2.7469,2.9016,2.6615,2.7652,2.9089
1748905647.258073,2.579,2.5425,2.6913,2.6851,2.6851,2.7233,2.7069,2.6975,2.7628,2.7066,2.7582,2.9126,2.673,2.7789,2.9274
1748905647.371307,2.5771,2.5366,2.6835,2.6811,2.6771,2.7179,2.7069,2.6945,2.7577,2.6951,2.7434,2.9006,2.669,2.7757,2.9234
1748905647.48441,2.5753,2.536,2.6832,2.6822,2.6749,2.7149,2.7053,2.6929,2.7582,2.694,2.7453,2.8976,2.6695,2.7732,2.9178
1748905647.5984662,2.5753,2.5395,2.6814,2.6816,2.6773,2.7171,2.7031,2.6921,2.7577,2.7023,2.7504,2.9008,2.669,2.7719,2.921
1748905647.712496,2.575,2.5387,2.6859,2.6808,2.679,2.7166,2.7058,2.6948,2.7504,2.6983,2.7464,2.8981,2.6698,2.7722,2.918
1748905647.831817,2.5734,2.5368,2.6795,2.679,2.6771,2.7174,2.7042,2.6908,2.752,2.694,2.7464,2.896,2.6725,2.7738,2.9242
1748905647.940437,2.5742,2.5374,2.6795,2.6776,2.6744,2.7166,2.7045,2.6924,2.7531,2.6951,2.7483,2.9008,2.669,2.7751,2.9204
1748905648.054473,2.5739,2.5377,2.68,2.6822,2.6768,2.7171,2.7034,2.6921,2.7499,2.6961,2.7472,2.892,2.6677,2.7722,2.9169
1748905648.1730618,2.5723,2.5377,2.6808,2.6822,2.6747,2.7155,2.7021,2.687,2.7509,2.6953,2.7469,2.9,2.669,2.7703,2.9226
1748905648.282502,2.5763,2.5393,2.6806,2.6814,2.6795,2.719,2.6969,2.6819,2.7496,2.6964,2.7488,2.9032,2.6682,2.7714,2.9221
1748905648.396353,2.5763,2.5393,2.6808,2.6816,2.6763,2.7198,2.6991,2.6854,2.7504,2.6969,2.7515,2.9059,2.669,2.7695,2.9183
1748905648.510412,2.5723,2.5382,2.6795,2.6846,2.6795,2.7209,2.7004,2.6892,2.7483,2.6994,2.7523,2.9046,2.6687,2.7722,2.9172
1748905648.624414,2.5766,2.539,2.6811,2.6816,2.6755,2.7174,2.6983,2.6878,2.7499,2.7061,2.752,2.9024,2.665,2.7654,2.9143
1748905648.745163,2.5804,2.5422,2.6841,2.6849,2.6784,2.72,2.6961,2.69,2.7474,2.6994,2.7501,2.8995,2.6669,2.7705,2.9188
1748905648.852451,2.5763,2.5387,2.6838,2.6819,2.679,2.7195,2.6972,2.6886,2.745,2.7018,2.7512,2.9041,2.6671,2.7711,2.9188
1748905648.966468,2.5769,2.5393,2.6846,2.6822,2.6755,2.7187,2.6991,2.6851,2.7485,2.709,2.7582,2.9102,2.6706,2.7716,2.9178
1748905649.080215,2.5779,2.5395,2.6819,2.6822,2.6776,2.7158,2.6967,2.6902,2.7496,2.7045,2.7536,2.9032,2.6698,2.7743,2.9183
1748905649.1943161,2.5766,2.5403,2.6894,2.6776,2.6733,2.7176,2.6948,2.6841,2.7469,2.7123,2.7577,2.9081,2.6725,2.7724,2.9156
1748905649.3082612,2.5793,2.5398,2.6862,2.6811,2.6798,2.7217,2.7002,2.6902,2.7531,2.7055,2.7582,2.907,2.672,2.7719,2.914
1748905649.4222999,2.5763,2.5358,2.6849,2.6798,2.6728,2.719,2.6994,2.6932,2.7474,2.7088,2.7628,2.9086,2.6714,2.773,2.9167
1748905649.540183,2.5758,2.5374,2.6854,2.679,2.6725,2.72,2.6972,2.6926,2.7472,2.7141,2.7617,2.9194,2.6714,2.7743,2.9255
1748905649.65068,2.5796,2.5395,2.6873,2.679,2.676,2.7211,2.7018,2.6878,2.7501,2.7149,2.762,2.9156,2.6738,2.7754,2.9223
1748905649.8135529,2.5801,2.539,2.6897,2.6835,2.673,2.7174,2.6991,2.6892,2.7491,2.7104,2.7587,2.9132,2.679,2.7762,2.9223
1748905649.907399,2.5809,2.5417,2.6924,2.6787,2.6757,2.7219,2.694,2.6902,2.7512,2.7098,2.7555,2.9113,2.6709,2.7711,2.9247
1748905649.9924312,2.5796,2.5401,2.6838,2.6816,2.6795,2.7257,2.7039,2.6873,2.752,2.7152,2.7638,2.9226,2.6733,2.7751,2.9298
1748905650.108624,2.5782,2.5414,2.6889,2.6755,2.6736,2.7155,2.6972,2.6878,2.7515,2.7115,2.7534,2.9172,2.6749,2.7759,2.9277
1748905650.22074,2.579,2.5411,2.6854,2.6776,2.6714,2.7163,2.6986,2.6857,2.7464,2.7176,2.7663,2.9204,2.6741,2.7751,2.9261
1748905650.334368,2.5753,2.5401,2.6843,2.68,2.6717,2.7158,2.701,2.6884,2.7488,2.7155,2.7644,2.9229,2.6763,2.7765,2.9261
1748905650.448611,2.5774,2.5414,2.6884,2.6781,2.6714,2.7187,2.7018,2.6875,2.7512,2.7128,2.7582,2.9169,2.6806,2.7783,2.9269
1748905650.5660129,2.5785,2.5403,2.6857,2.6792,2.6704,2.7147,2.7015,2.6878,2.7472,2.7166,2.7606,2.9151,2.6781,2.7746,2.9255
1748905650.676237,2.579,2.5411,2.687,2.6814,2.6709,2.7174,2.7004,2.691,2.7491,2.7182,2.7649,2.9269,2.6757,2.7738,2.9255
1748905650.790857,2.5788,2.5385,2.6816,2.6784,2.6725,2.7179,2.7015,2.6908,2.7466,2.7195,2.7663,2.9261,2.6695,2.7724,2.9226
1748905650.904385,2.579,2.5428,2.6851,2.6822,2.6736,2.7184,2.7045,2.6935,2.7523,2.7206,2.7714,2.9277,2.6776,2.7754,2.9255
1748905651.0203562,2.5793,2.5401,2.6865,2.6827,2.6733,2.72,2.7018,2.6929,2.7501,2.7155,2.7617,2.9247,2.6714,2.7714,2.9239
1748905651.132512,2.5839,2.5403,2.6859,2.68,2.6725,2.7179,2.7047,2.6859,2.7469,2.7217,2.7625,2.9207,2.6695,2.773,2.9218
1748905651.2464561,2.5801,2.5422,2.6841,2.679,2.672,2.7171,2.6991,2.6889,2.7456,2.7182,2.7671,2.9253,2.6728,2.7781,2.9253
1748905651.361088,2.5798,2.5406,2.6822,2.6779,2.6749,2.7168,2.7007,2.6902,2.7464,2.7093,2.7579,2.9089,2.6712,2.7708,2.9215
1748905651.47513,2.5825,2.5398,2.6838,2.6816,2.6736,2.7176,2.7077,2.694,2.7469,2.709,2.7555,2.9094,2.6736,2.7727,2.9229
1748905651.588282,2.5804,2.5395,2.6867,2.6811,2.6757,2.7198,2.7029,2.6913,2.7491,2.7045,2.7571,2.9135,2.669,2.773,2.9178
1748905651.702265,2.5844,2.5436,2.6894,2.6816,2.6757,2.7206,2.7074,2.6951,2.7563,2.7039,2.756,2.9062,2.6687,2.7759,2.9237
1748905651.8163378,2.5798,2.5409,2.6851,2.6835,2.6752,2.7206,2.7029,2.6948,2.7488,2.6991,2.7488,2.9075,2.673,2.7708,2.9229
1748905651.93593,2.582,2.543,2.6929,2.6838,2.6738,2.7225,2.7045,2.6948,2.7515,2.6975,2.7466,2.9051,2.6717,2.7732,2.9239
1748905652.04418,2.5801,2.5406,2.6857,2.6835,2.6738,2.7174,2.7066,2.6924,2.7483,2.7104,2.7585,2.911,2.6752,2.7762,2.9207
1748905652.158164,2.5852,2.5417,2.6897,2.6816,2.6773,2.7206,2.7029,2.6959,2.7464,2.7139,2.759,2.9164,2.6773,2.7783,2.9274
1748905652.2721658,2.5814,2.5441,2.6929,2.6808,2.6752,2.719,2.7021,2.691,2.748,2.7085,2.7472,2.9089,2.6781,2.7735,2.9239
1748905652.388181,2.5839,2.5463,2.6935,2.68,2.6709,2.7128,2.7029,2.6897,2.7483,2.7042,2.7577,2.9137,2.6757,2.7746,2.9272
1748905652.5003278,2.5903,2.5514,2.69,2.679,2.6755,2.7174,2.7058,2.6945,2.7542,2.7077,2.7536,2.9132,2.6765,2.7791,2.9266
1748905652.6146472,2.59,2.5589,2.6902,2.6822,2.6765,2.7166,2.7066,2.6948,2.7499,2.7074,2.7563,2.9092,2.6771,2.7794,2.925
1748905652.728517,2.5898,2.5562,2.6889,2.6806,2.6717,2.7163,2.7101,2.6961,2.7507,2.7045,2.7517,2.9016,2.6773,2.7797,2.9263
1748905652.842319,2.5933,2.5562,2.6854,2.6781,2.6736,2.7176,2.7098,2.6937,2.7509,2.7104,2.7569,2.9081,2.6811,2.7813,2.9277
1748905652.956228,2.5916,2.553,2.6857,2.6816,2.673,2.7168,2.7063,2.6948,2.748,2.7029,2.7501,2.9054,2.6712,2.7727,2.9229
1748905653.070571,2.5849,2.5495,2.6814,2.6779,2.6701,2.7109,2.7037,2.6873,2.7461,2.7039,2.7501,2.9054,2.6733,2.7759,2.9274
1748905653.184212,2.5849,2.5538,2.6792,2.6763,2.6677,2.7101,2.6999,2.6956,2.7499,2.7085,2.7534,2.9094,2.6776,2.7791,2.9226
1748905653.298348,2.5868,2.5522,2.6838,2.6755,2.6709,2.7117,2.7069,2.6935,2.7472,2.7106,2.7555,2.9126,2.6757,2.774,2.9237
1748905653.412468,2.5879,2.5489,2.6803,2.6787,2.6682,2.7144,2.7061,2.6948,2.7496,2.7131,2.7609,2.9194,2.673,2.7773,2.9269
1748905653.526568,2.5814,2.5473,2.6822,2.6792,2.6677,2.7131,2.7093,2.6937,2.7483,2.7088,2.7577,2.9183,2.6701,2.7748,2.9247
1748905653.640098,2.5871,2.5505,2.6832,2.6757,2.669,2.7096,2.7061,2.6913,2.7501,2.7093,2.7598,2.9126,2.6736,2.774,2.9263
1748905653.754059,2.5903,2.5538,2.6808,2.6779,2.6704,2.7101,2.6975,2.6905,2.7445,2.7125,2.7603,2.9065,2.6749,2.781,2.921
1748905653.868047,2.5855,2.5546,2.6819,2.6779,2.6677,2.7112,2.7042,2.6913,2.7453,2.7101,2.7531,2.9032,2.6738,2.7735,2.9253
1748905653.9822788,2.5884,2.5546,2.6765,2.6736,2.6695,2.7123,2.6991,2.6865,2.7431,2.7117,2.7534,2.9124,2.6755,2.7786,2.925
1748905654.102085,2.5852,2.5495,2.6752,2.6738,2.669,2.7128,2.7012,2.691,2.7429,2.7109,2.7577,2.9084,2.673,2.7748,2.9226
1748905654.210408,2.5836,2.5524,2.673,2.6787,2.6698,2.7085,2.6994,2.6916,2.7469,2.716,2.7673,2.9191,2.676,2.7781,2.9274
1748905654.324102,2.5812,2.5471,2.6747,2.6741,2.6701,2.7133,2.7037,2.6918,2.7448,2.7109,2.7625,2.9145,2.6741,2.781,2.9288
1748905654.438057,2.5836,2.5471,2.6712,2.6771,2.6682,2.7117,2.7058,2.6961,2.7477,2.7101,2.7577,2.9175,2.6787,2.7821,2.9274
1748905654.552066,2.5809,2.5484,2.669,2.6736,2.6687,2.7144,2.7055,2.6953,2.7461,2.7206,2.7644,2.9169,2.6806,2.784,2.9282
1748905654.670149,2.5839,2.5489,2.6763,2.6771,2.6701,2.7144,2.7074,2.6948,2.7493,2.7147,2.7625,2.9159,2.6787,2.7791,2.9231
1748905654.7803771,2.579,2.5441,2.6714,2.6736,2.6698,2.7174,2.7012,2.6908,2.7474,2.7198,2.7681,2.9194,2.6781,2.7765,2.9269
1748905654.894179,2.579,2.543,2.6736,2.6741,2.6704,2.7209,2.7074,2.694,2.7499,2.7249,2.774,2.9285,2.68,2.7813,2.9304
1748905655.008106,2.5801,2.5471,2.6706,2.6755,2.6698,2.7195,2.7031,2.694,2.748,2.7195,2.7652,2.9231,2.6771,2.7813,2.9272
1748905655.122185,2.5774,2.5438,2.6698,2.6798,2.6706,2.7203,2.7058,2.694,2.7477,2.7203,2.7711,2.9242,2.6806,2.7773,2.9296
1748905655.242126,2.5777,2.5438,2.673,2.6757,2.6687,2.7149,2.7096,2.6929,2.7491,2.7211,2.7708,2.9277,2.6811,2.7837,2.9306
1748905655.350521,2.582,2.5425,2.6698,2.6757,2.6695,2.7166,2.7053,2.6937,2.7464,2.7206,2.7692,2.9221,2.676,2.7786,2.9245
1748905655.464101,2.5836,2.5495,2.6803,2.6816,2.6798,2.7163,2.7063,2.6929,2.7555,2.7364,2.7859,2.9392,2.6773,2.7824,2.9309
1748905655.578086,2.5844,2.5441,2.6747,2.6822,2.6757,2.716,2.7144,2.7002,2.7534,2.7346,2.7794,2.9347,2.6886,2.7945,2.9366
1748905655.6921148,2.5793,2.5446,2.6725,2.6822,2.6757,2.7179,2.7171,2.6959,2.7563,2.7297,2.7789,2.9285,2.687,2.7942,2.9368
1748905655.8077881,2.5814,2.5449,2.6712,2.679,2.6752,2.7166,2.7096,2.6951,2.7488,2.7281,2.7762,2.9269,2.6873,2.7963,2.9355
1748905655.920098,2.5847,2.5471,2.6738,2.6784,2.6779,2.7128,2.7139,2.6969,2.7526,2.7241,2.7738,2.9229,2.6824,2.7867,2.9333
1748905656.034183,2.5806,2.5436,2.672,2.6795,2.6765,2.7152,2.7136,2.6953,2.7509,2.7273,2.773,2.9269,2.6862,2.7937,2.9312
1748905656.148316,2.5771,2.5414,2.669,2.6755,2.6757,2.7088,2.7077,2.6905,2.7448,2.7243,2.7722,2.925,2.6814,2.7832,2.9285
1748905656.271345,2.5806,2.5401,2.6706,2.6781,2.6709,2.7066,2.7088,2.6926,2.7474,2.7276,2.7802,2.9296,2.6838,2.7945,2.9341
1748905656.376238,2.5814,2.5436,2.6706,2.6736,2.6722,2.7123,2.7069,2.69,2.7458,2.7303,2.7765,2.9285,2.6824,2.7904,2.9379
1748905656.4900181,2.5801,2.5395,2.669,2.6773,2.6725,2.7066,2.7061,2.6926,2.7488,2.726,2.7791,2.9253,2.6862,2.788,2.9293
1748905656.60406,2.5763,2.5414,2.6704,2.6747,2.669,2.7077,2.7066,2.6937,2.7464,2.7252,2.777,2.9258,2.6838,2.7894,2.9328
1748905656.718393,2.5788,2.5393,2.6682,2.6709,2.6709,2.7066,2.701,2.694,2.7469,2.723,2.7748,2.9245,2.6816,2.7805,2.925
1748905656.832151,2.5771,2.5438,2.669,2.673,2.6733,2.7109,2.7117,2.6921,2.7509,2.7308,2.7746,2.9239,2.6749,2.7791,2.9266
1748905656.946147,2.5779,2.5387,2.6687,2.6776,2.6714,2.7082,2.7055,2.6889,2.7461,2.7219,2.7716,2.9221,2.6808,2.7851,2.9293
1748905657.0601852,2.5771,2.5401,2.6661,2.6733,2.6682,2.7042,2.7061,2.6905,2.7469,2.723,2.777,2.9229,2.6822,2.7896,2.9325
1748905657.173963,2.5761,2.5409,2.6663,2.6714,2.6653,2.7039,2.7077,2.691,2.7469,2.727,2.7746,2.9269,2.6846,2.7856,2.9306
1748905657.288023,2.579,2.5422,2.672,2.6749,2.6693,2.7104,2.7101,2.6943,2.7483,2.7243,2.7719,2.9239,2.6835,2.7842,2.929
1748905657.404077,2.5828,2.5403,2.6712,2.6747,2.669,2.7055,2.7093,2.698,2.7512,2.7203,2.7695,2.9212,2.6873,2.7885,2.9331
1748905657.5161002,2.5782,2.5417,2.6685,2.6771,2.6738,2.7077,2.708,2.6929,2.7488,2.7203,2.7636,2.9164,2.6841,2.7891,2.9315
1748905657.6304069,2.5766,2.5409,2.6722,2.6765,2.6704,2.7047,2.708,2.6932,2.7483,2.712,2.7622,2.9094,2.6824,2.7872,2.9304
1748905657.744014,2.5836,2.5497,2.6741,2.6857,2.6918,2.72,2.7147,2.705,2.7649,2.7246,2.7802,2.9347,2.7069,2.8146,2.9546
1748905657.861082,2.571,2.536,2.6618,2.6706,2.6639,2.6994,2.7039,2.6924,2.7464,2.7066,2.7542,2.9057,2.6706,2.774,2.9178
1748905657.9721842,2.5704,2.5371,2.6628,2.6709,2.662,2.6996,2.7012,2.6889,2.7445,2.7123,2.7547,2.9038,2.6709,2.7727,2.918
1748905658.086004,2.5742,2.5366,2.6658,2.6685,2.6612,2.6935,2.7047,2.6878,2.7466,2.708,2.7531,2.9027,2.6725,2.7727,2.9172
1748905658.199984,2.5745,2.5387,2.6644,2.673,2.6661,2.6999,2.7045,2.6951,2.7477,2.7007,2.7469,2.9024,2.6695,2.7716,2.9221
1748905658.31443,2.575,2.5385,2.6653,2.6701,2.6618,2.6964,2.7021,2.6884,2.7469,2.7026,2.7485,2.9016,2.6704,2.7633,2.9135
1748905658.4315488,2.5755,2.5379,2.6644,2.6682,2.6593,2.6945,2.7088,2.6948,2.7458,2.698,2.7488,2.8965,2.6693,2.7727,2.9153
1748905658.5421708,2.5779,2.5382,2.662,2.6677,2.6599,2.6956,2.7074,2.6945,2.7507,2.6967,2.7464,2.8987,2.6682,2.7692,2.911
1748905658.655953,2.5753,2.5398,2.6642,2.6695,2.6615,2.6978,2.7128,2.6961,2.7458,2.7074,2.7523,2.8998,2.6669,2.7668,2.9126
1748905658.77,2.575,2.5377,2.661,2.6693,2.6628,2.6953,2.7026,2.687,2.7458,2.7037,2.7526,2.9011,2.6674,2.7708,2.9118
1748905658.884023,2.5774,2.5398,2.6636,2.6663,2.6604,2.6948,2.7037,2.6873,2.7448,2.7066,2.7507,2.9006,2.6685,2.7687,2.9126
1748905658.999211,2.575,2.5368,2.6644,2.6687,2.6653,2.6953,2.7026,2.6905,2.7434,2.7077,2.7547,2.8976,2.669,2.7687,2.9102
1748905659.1119711,2.5745,2.5401,2.6626,2.669,2.665,2.6948,2.7074,2.6953,2.7464,2.708,2.7544,2.9024,2.6693,2.7692,2.9108
1748905659.226104,2.5801,2.5385,2.662,2.6698,2.6636,2.6945,2.7115,2.6905,2.7474,2.709,2.7577,2.9059,2.6698,2.7673,2.9121
1748905659.3401449,2.5745,2.5393,2.6639,2.6669,2.6644,2.6953,2.7077,2.6929,2.7445,2.7131,2.7547,2.9038,2.6661,2.7673,2.9137
1748905659.454141,2.5742,2.5379,2.6636,2.6701,2.6628,2.6945,2.7047,2.6926,2.7415,2.7069,2.7542,2.9011,2.6669,2.7644,2.9121
1748905659.570749,2.5731,2.5398,2.6628,2.6685,2.6601,2.6961,2.7047,2.6908,2.7413,2.7021,2.7483,2.9008,2.6642,2.7668,2.9067
1748905659.6821141,2.5763,2.539,2.6596,2.6682,2.6575,2.6943,2.7047,2.6921,2.7466,2.7018,2.7534,2.9008,2.6642,2.7636,2.9084
1748905659.795933,2.5766,2.5398,2.6628,2.6669,2.6585,2.6935,2.7015,2.6916,2.7448,2.708,2.7569,2.9046,2.6666,2.7649,2.9078
1748905659.9100852,2.575,2.5406,2.6615,2.6682,2.6564,2.6916,2.7012,2.6862,2.7378,2.7018,2.7534,2.9008,2.6655,2.766,2.9092
1748905660.024449,2.5755,2.5401,2.6647,2.6658,2.6561,2.6921,2.6967,2.6841,2.7391,2.7042,2.7477,2.8874,2.6661,2.7614,2.9019
1748905660.138436,2.5737,2.5382,2.6599,2.6669,2.6575,2.6918,2.6999,2.6875,2.741,2.705,2.7507,2.9016,2.6661,2.7663,2.9043
1748905660.2524228,2.5737,2.5401,2.6601,2.6647,2.6607,2.694,2.7018,2.6873,2.7437,2.7096,2.7523,2.8912,2.6679,2.7679,2.9035
1748905660.366102,2.575,2.5371,2.6588,2.6679,2.6601,2.6945,2.7031,2.6851,2.7429,2.7029,2.7528,2.8995,2.6685,2.7684,2.9057
1748905660.4799092,2.5712,2.5398,2.6607,2.6693,2.658,2.6916,2.7012,2.6889,2.7434,2.7063,2.7563,2.9022,2.6655,2.7649,2.9035
1748905660.5940568,2.5723,2.5355,2.658,2.6642,2.6593,2.6935,2.7093,2.6945,2.7429,2.7082,2.7569,2.8917,2.6698,2.7714,2.9078
1748905660.712045,2.5726,2.5374,2.6604,2.6682,2.661,2.6943,2.705,2.6875,2.7389,2.712,2.7585,2.9019,2.6695,2.7711,2.9078
1748905660.821899,2.5677,2.5363,2.6569,2.6679,2.6601,2.6953,2.7002,2.6913,2.744,2.7085,2.7603,2.9016,2.6714,2.7716,2.9126
1748905660.935953,2.5739,2.5377,2.6607,2.6663,2.6636,2.6951,2.7104,2.6953,2.7472,2.7031,2.7536,2.896,2.6698,2.7705,2.9164
1748905661.050027,2.5723,2.5363,2.658,2.6679,2.6607,2.6948,2.7082,2.6948,2.744,2.7018,2.752,2.8955,2.6714,2.7708,2.9121
1748905661.1644402,2.5728,2.5344,2.6636,2.6693,2.6623,2.6969,2.7066,2.6975,2.7474,2.7047,2.7528,2.9057,2.6712,2.7708,2.9132
1748905661.2819169,2.5728,2.5366,2.6599,2.669,2.6601,2.6956,2.708,2.6913,2.7448,2.7058,2.7512,2.9006,2.6685,2.77,2.9078
1748905661.392128,2.5737,2.5374,2.6561,2.6679,2.6569,2.6948,2.7069,2.6916,2.7464,2.7039,2.7509,2.8955,2.6674,2.7697,2.9067
1748905661.506188,2.5731,2.5344,2.658,2.6666,2.6588,2.6945,2.7031,2.6875,2.7474,2.7069,2.7601,2.9038,2.6706,2.77,2.9121
1748905661.619963,2.5718,2.5326,2.6564,2.6682,2.662,2.6951,2.7133,2.6959,2.7477,2.7096,2.7547,2.9038,2.6706,2.77,2.9156
1748905661.73409,2.5742,2.5344,2.6575,2.6682,2.6593,2.6959,2.7069,2.6913,2.7442,2.7069,2.7603,2.9022,2.6698,2.7703,2.9105
1748905661.848779,2.5699,2.5331,2.6607,2.6695,2.6618,2.698,2.7082,2.6935,2.7466,2.7112,2.7606,2.9059,2.6687,2.7705,2.9143
1748905661.962187,2.5745,2.5339,2.6593,2.6671,2.6615,2.6956,2.7088,2.6945,2.7461,2.7015,2.7558,2.9014,2.6701,2.7697,2.9145
1748905662.075938,2.572,2.5339,2.6583,2.6679,2.6591,2.6961,2.7144,2.6988,2.7501,2.7125,2.7593,2.9116,2.669,2.7724,2.9178
1748905662.189971,2.5734,2.5358,2.6634,2.6677,2.6639,2.6959,2.7088,2.6948,2.748,2.7115,2.7614,2.9062,2.6744,2.7791,2.9188
1748905662.3040588,2.5739,2.536,2.6577,2.669,2.6607,2.6986,2.7109,2.6972,2.7474,2.7174,2.7622,2.9067,2.6698,2.7684,2.9059
1748905662.419564,2.5699,2.5344,2.6585,2.6682,2.6588,2.6937,2.7037,2.6951,2.7464,2.7131,2.7603,2.9032,2.6701,2.7679,2.9097
1748905662.5322418,2.5726,2.5328,2.6599,2.6677,2.6626,2.6978,2.7109,2.6943,2.7477,2.7063,2.7509,2.9008,2.6661,2.7665,2.9092
1748905662.645893,2.5707,2.5315,2.6596,2.6687,2.6596,2.6972,2.7163,2.6967,2.7483,2.7023,2.7579,2.9051,2.6682,2.7705,2.9196
1748905662.7599711,2.571,2.5315,2.6585,2.6655,2.6588,2.6956,2.7106,2.6926,2.7485,2.7012,2.7469,2.9035,2.6712,2.7722,2.9194
1748905662.874012,2.5742,2.5334,2.6618,2.6698,2.6601,2.6972,2.7093,2.6924,2.7485,2.7021,2.7499,2.9003,2.673,2.773,2.9167
1748905662.989525,2.5742,2.535,2.6661,2.6706,2.6585,2.7037,2.7061,2.6908,2.7488,2.7037,2.7507,2.9089,2.6704,2.7722,2.9237
1748905663.1020942,2.5755,2.5312,2.6636,2.6687,2.6585,2.7021,2.712,2.6956,2.7509,2.7085,2.7544,2.9129,2.6792,2.7762,2.9212
1748905663.216013,2.5742,2.5344,2.6658,2.6712,2.6569,2.6975,2.7149,2.6978,2.7499,2.7106,2.7603,2.9081,2.6741,2.7751,2.9204
1748905663.3300748,2.5739,2.5355,2.6626,2.6698,2.6575,2.7002,2.7042,2.6926,2.7466,2.7115,2.7593,2.9102,2.6784,2.7767,2.9229
1748905663.4439209,2.5688,2.5291,2.6534,2.665,2.6553,2.6943,2.7029,2.6913,2.7415,2.7085,2.7539,2.9032,2.6706,2.7743,2.9188
1748905663.560301,2.5704,2.5301,2.6567,2.669,2.6542,2.694,2.7053,2.6905,2.7458,2.7096,2.7558,2.911,2.6747,2.7722,2.9234
1748905663.672168,2.568,2.5301,2.6553,2.6663,2.655,2.694,2.6986,2.6835,2.7386,2.7069,2.7569,2.9073,2.6701,2.7722,2.921
1748905663.785917,2.5685,2.5283,2.6537,2.6631,2.6516,2.6881,2.6996,2.6851,2.7343,2.7101,2.762,2.907,2.6682,2.7711,2.9143
1748905663.899987,2.5669,2.5264,2.654,2.6639,2.6497,2.6897,2.6975,2.6824,2.7359,2.7152,2.7601,2.9049,2.6674,2.7727,2.9135
1748905664.014177,2.5691,2.5269,2.6524,2.6644,2.6553,2.69,2.7042,2.6878,2.7405,2.7182,2.762,2.9084,2.6725,2.7724,2.9186
1748905664.13068,2.5661,2.5283,2.6542,2.6642,2.6513,2.6921,2.7026,2.6875,2.7413,2.7147,2.7577,2.9067,2.6695,2.7722,2.9167
1748905664.24239,2.5683,2.5291,2.6569,2.6642,2.6521,2.6935,2.7055,2.691,2.7442,2.705,2.7542,2.9008,2.6712,2.7735,2.918
1748905664.35594,2.5659,2.5274,2.6499,2.6642,2.6534,2.6908,2.7015,2.6862,2.7367,2.7055,2.7515,2.9038,2.6709,2.7724,2.9188
1748905664.470168,2.568,2.5277,2.6556,2.6653,2.6502,2.6924,2.6983,2.6862,2.7335,2.7061,2.7582,2.9084,2.6695,2.7724,2.9167
1748905664.5862532,2.5691,2.5283,2.6553,2.6661,2.6499,2.6905,2.6999,2.6851,2.7364,2.7098,2.7628,2.9145,2.6677,2.7716,2.918
1748905664.698005,2.572,2.5288,2.6564,2.6583,2.6464,2.6916,2.7012,2.6838,2.7402,2.7168,2.7617,2.9178,2.6695,2.7684,2.9194
1748905664.812001,2.571,2.5328,2.6623,2.6626,2.6526,2.69,2.6994,2.6859,2.738,2.7149,2.7625,2.9116,2.6704,2.7692,2.9199
1748905664.9282491,2.572,2.5293,2.6588,2.6596,2.651,2.6945,2.6959,2.6771,2.7332,2.7152,2.7625,2.9175,2.6674,2.7697,2.9129
1748905665.0412018,2.5696,2.5301,2.6577,2.6615,2.651,2.6894,2.6999,2.6808,2.7348,2.7174,2.7601,2.9151,2.6666,2.7671,2.91
1748905665.249053,2.5718,2.5301,2.6599,2.6663,2.6521,2.6929,2.7023,2.6827,2.7362,2.7144,2.7601,2.9092,2.6687,2.7681,2.9161
1748905665.2682712,2.571,2.5293,2.6577,2.6636,2.6526,2.6932,2.6953,2.6824,2.7346,2.7128,2.7593,2.9124,2.6687,2.7711,2.9129
1748905665.382038,2.5696,2.5326,2.6599,2.6636,2.6567,2.6948,2.6975,2.6822,2.7364,2.7106,2.7595,2.9059,2.6687,2.7738,2.9151
1748905665.496064,2.5723,2.5309,2.6583,2.6653,2.6521,2.6926,2.7034,2.687,2.7367,2.7058,2.752,2.9006,2.6682,2.7679,2.9105
1748905665.615541,2.5699,2.5296,2.6588,2.6628,2.6505,2.6913,2.6948,2.6784,2.7329,2.6999,2.7488,2.8976,2.6687,2.7705,2.9135
1748905665.724003,2.5659,2.5304,2.6569,2.6623,2.6542,2.6921,2.6937,2.6752,2.7321,2.7023,2.7472,2.903,2.6666,2.7668,2.9156
1748905665.8379781,2.5704,2.5309,2.6585,2.6628,2.6518,2.6913,2.694,2.6765,2.7319,2.7072,2.7579,2.9081,2.6674,2.7716,2.9183
1748905665.952224,2.5669,2.5293,2.6601,2.6607,2.6489,2.6924,2.6961,2.6779,2.7278,2.7058,2.7566,2.9041,2.6658,2.7657,2.9118
1748905666.066116,2.5664,2.5272,2.6537,2.6639,2.6542,2.6921,2.6929,2.68,2.7308,2.7055,2.756,2.903,2.665,2.7671,2.9092
1748905666.18029,2.5675,2.5293,2.655,2.6626,2.6505,2.6859,2.694,2.6757,2.7327,2.7106,2.7585,2.9057,2.6674,2.7657,2.9121
1748905666.293865,2.5677,2.5283,2.6575,2.6618,2.6513,2.6892,2.6967,2.6822,2.7337,2.7096,2.7539,2.9035,2.6639,2.7633,2.9118
1748905666.4079769,2.5683,2.5299,2.6567,2.6599,2.6456,2.6884,2.6948,2.6757,2.7327,2.712,2.7603,2.9062,2.6661,2.7628,2.9073
1748905666.522078,2.5683,2.5288,2.6583,2.658,2.6454,2.6849,2.6948,2.6763,2.7313,2.7152,2.7609,2.9057,2.6618,2.7625,2.9086
1748905666.636173,2.5672,2.5288,2.6604,2.6575,2.6454,2.6865,2.6916,2.6763,2.7286,2.7066,2.7609,2.9075,2.6591,2.7614,2.9097
1748905666.7555342,2.5707,2.5291,2.6572,2.6593,2.6467,2.6905,2.6921,2.6752,2.7265,2.7155,2.7657,2.9078,2.6628,2.7711,2.9126
1748905666.864091,2.5702,2.5272,2.6558,2.6534,2.6451,2.6857,2.6884,2.6687,2.7219,2.7158,2.7614,2.907,2.658,2.7644,2.9094
1748905666.978053,2.5672,2.5288,2.6545,2.6548,2.6446,2.6841,2.6937,2.673,2.7268,2.708,2.7574,2.9086,2.665,2.7652,2.9124
1748905667.092111,2.5672,2.5277,2.6585,2.6561,2.6438,2.6846,2.6926,2.6733,2.7295,2.7131,2.7603,2.9073,2.6644,2.7657,2.9062
1748905667.2062469,2.5694,2.5283,2.6569,2.6521,2.6459,2.6843,2.6916,2.6747,2.726,2.7106,2.7558,2.9062,2.6661,2.7687,2.9132
1748905667.321437,2.5667,2.5274,2.6572,2.6534,2.6435,2.6819,2.6897,2.6747,2.7265,2.7117,2.762,2.9078,2.6669,2.7692,2.9148
1748905667.43607,2.5667,2.5264,2.6575,2.6558,2.6446,2.6803,2.6929,2.6752,2.7265,2.7123,2.762,2.9084,2.669,2.7714,2.9145
1748905667.547947,2.5669,2.5269,2.6569,2.655,2.6427,2.6803,2.6886,2.6695,2.7227,2.7072,2.7509,2.9057,2.6682,2.7711,2.914
1748905667.6621592,2.5669,2.5253,2.6521,2.6526,2.643,2.683,2.6943,2.6763,2.7268,2.708,2.7542,2.9,2.6671,2.77,2.9108
1748905667.779698,2.5667,2.5264,2.654,2.6548,2.6424,2.6827,2.6924,2.6741,2.727,2.7002,2.7483,2.8955,2.6679,2.7714,2.9161
1748905667.890095,2.5664,2.5261,2.6524,2.6553,2.6435,2.6835,2.6897,2.6712,2.7243,2.7066,2.7593,2.9022,2.6677,2.7695,2.9081
1748905668.00405,2.5677,2.5261,2.6532,2.6569,2.6432,2.6832,2.6929,2.6714,2.7286,2.705,2.7539,2.9014,2.6706,2.7714,2.9108
1748905668.118161,2.5667,2.5269,2.6532,2.6572,2.6419,2.6832,2.6945,2.6771,2.7227,2.7037,2.7493,2.9011,2.6677,2.7679,2.9132
1748905668.2408462,2.5672,2.5264,2.6521,2.6577,2.6443,2.6838,2.6881,2.68,2.7286,2.7055,2.7579,2.9006,2.6647,2.7703,2.914
1748905668.346007,2.5664,2.5242,2.6524,2.654,2.6435,2.6808,2.6918,2.6757,2.7246,2.7136,2.7606,2.9108,2.6695,2.7722,2.9164
1748905668.459917,2.5648,2.5269,2.6505,2.6521,2.6446,2.683,2.6892,2.6781,2.7286,2.7106,2.7598,2.9062,2.6687,2.7652,2.9129
1748905668.574112,2.5648,2.5274,2.6518,2.6532,2.6432,2.6814,2.694,2.6752,2.73,2.7096,2.7614,2.9084,2.6663,2.7697,2.9118
1748905668.6926138,2.5672,2.5258,2.6524,2.6534,2.6421,2.6795,2.6929,2.6773,2.7262,2.7096,2.762,2.9086,2.6658,2.7654,2.911
1748905668.802059,2.5664,2.5256,2.6486,2.6505,2.6432,2.6832,2.6916,2.6781,2.73,2.7069,2.7574,2.903,2.6653,2.7679,2.9092
1748905668.932297,2.5645,2.5248,2.6518,2.6507,2.6424,2.683,2.6943,2.676,2.7308,2.708,2.7614,2.9067,2.6671,2.7722,2.9143
1748905669.030314,2.5661,2.5264,2.6564,2.6556,2.6432,2.6827,2.6929,2.6763,2.7278,2.7039,2.7563,2.9043,2.6663,2.7703,2.9167
1748905669.144067,2.5648,2.5237,2.6481,2.6507,2.6446,2.6822,2.6935,2.6808,2.7278,2.7082,2.7574,2.9043,2.6674,2.7668,2.9113
1748905669.2579892,2.5653,2.524,2.6521,2.6545,2.6448,2.6808,2.6926,2.6728,2.7246,2.7117,2.7571,2.9022,2.6687,2.7646,2.9116
1748905669.373555,2.5648,2.521,2.6497,2.6507,2.6432,2.6781,2.6932,2.6781,2.7252,2.709,2.755,2.9011,2.6679,2.7695,2.9145
1748905669.486114,2.5621,2.5178,2.6451,2.6499,2.6403,2.6795,2.6905,2.6747,2.73,2.7042,2.756,2.8957,2.6663,2.7671,2.9057
1748905669.6003132,2.5645,2.521,2.6478,2.6505,2.6403,2.68,2.6884,2.6714,2.7238,2.7047,2.7534,2.8963,2.6612,2.7646,2.9081
1748905669.7139661,2.5645,2.5183,2.6483,2.6502,2.6411,2.6763,2.6924,2.6744,2.7246,2.7063,2.7547,2.8984,2.6685,2.7695,2.9108
1748905669.8281019,2.5645,2.5218,2.6486,2.6532,2.6424,2.6819,2.6945,2.68,2.7276,2.7066,2.7509,2.9014,2.6669,2.774,2.9105
1748905669.9433742,2.5616,2.5172,2.6475,2.6516,2.6419,2.6792,2.6943,2.6803,2.7321,2.7112,2.7574,2.9024,2.6687,2.7714,2.9118
1748905670.056266,2.5651,2.5205,2.6491,2.6507,2.6424,2.6779,2.694,2.6792,2.7241,2.7042,2.748,2.8949,2.6687,2.7711,2.9129
1748905670.170053,2.5602,2.5199,2.6473,2.6499,2.6427,2.6811,2.6916,2.6752,2.7222,2.7058,2.7542,2.896,2.6682,2.7663,2.9137
1748905670.283998,2.5597,2.5159,2.6475,2.6534,2.6403,2.683,2.6897,2.6747,2.7286,2.7053,2.7507,2.9006,2.6682,2.7681,2.9151
1748905670.3981829,2.5648,2.5178,2.6494,2.6516,2.6432,2.6835,2.6951,2.6787,2.7305,2.7047,2.7517,2.9016,2.6687,2.7716,2.9132
1748905670.513421,2.5605,2.5202,2.6491,2.6494,2.644,2.6849,2.6953,2.6819,2.7332,2.7074,2.7552,2.9078,2.6679,2.7676,2.9156
1748905670.6263008,2.5602,2.5164,2.6475,2.6502,2.643,2.6819,2.6959,2.6832,2.7311,2.7133,2.7595,2.9065,2.665,2.7676,2.9113
1748905670.740046,2.5624,2.5223,2.6505,2.6497,2.6435,2.6827,2.6948,2.6814,2.7316,2.7055,2.7515,2.9008,2.6671,2.7636,2.9075
1748905670.8540459,2.557,2.521,2.6502,2.655,2.6451,2.6811,2.6932,2.6752,2.7284,2.7077,2.7603,2.9019,2.6669,2.7654,2.9137
1748905670.9714692,2.5637,2.5213,2.6516,2.6513,2.644,2.6843,2.6943,2.6768,2.7278,2.7042,2.7526,2.9008,2.6639,2.7673,2.9102
1748905671.082463,2.5602,2.5164,2.6467,2.6483,2.64,2.679,2.6943,2.6771,2.7278,2.7031,2.7528,2.8957,2.6636,2.7644,2.9105
1748905671.19597,2.5618,2.5183,2.6473,2.6537,2.6411,2.6814,2.6902,2.6709,2.7219,2.7101,2.752,2.9003,2.6591,2.7622,2.9073
1748905671.310168,2.5581,2.5159,2.6446,2.6526,2.6438,2.6792,2.6878,2.6741,2.7214,2.708,2.7582,2.9014,2.6653,2.7673,2.9057
1748905671.4243462,2.5557,2.518,2.6475,2.651,2.6408,2.6765,2.6881,2.6706,2.7214,2.7023,2.7526,2.8984,2.6671,2.7695,2.9129
1748905671.539665,2.5578,2.5167,2.6462,2.6518,2.6413,2.6808,2.6913,2.672,2.7241,2.708,2.756,2.9019,2.6687,2.7692,2.9161
1748905671.6520479,2.5573,2.5159,2.6478,2.6534,2.6427,2.6832,2.691,2.6798,2.7295,2.7104,2.7571,2.9035,2.6695,2.7705,2.9145
1748905671.766269,2.5602,2.5154,2.6443,2.651,2.6435,2.6811,2.6951,2.6784,2.7268,2.7093,2.7544,2.9014,2.6687,2.7689,2.9129
1748905671.880312,2.5597,2.5162,2.6446,2.6524,2.6448,2.68,2.6959,2.6781,2.7289,2.7061,2.7504,2.9008,2.6677,2.7689,2.911
1748905671.99413,2.5535,2.5132,2.647,2.6499,2.6419,2.6787,2.6916,2.6768,2.7257,2.6986,2.7523,2.8968,2.6695,2.7679,2.9151
1748905672.1081731,2.5575,2.517,2.6454,2.6462,2.6419,2.6792,2.6894,2.6765,2.7257,2.7085,2.7585,2.9022,2.6677,2.7681,2.9143
1748905672.222019,2.5586,2.5151,2.644,2.6481,2.6384,2.6776,2.6889,2.6763,2.7238,2.7047,2.7566,2.9008,2.6698,2.7673,2.9148
1748905672.335998,2.5591,2.5154,2.6451,2.6478,2.6387,2.672,2.6881,2.6755,2.727,2.7066,2.7523,2.892,2.6687,2.766,2.9097
1748905672.450177,2.5624,2.5213,2.647,2.6499,2.643,2.6798,2.6943,2.6803,2.7327,2.7034,2.7531,2.8998,2.6728,2.7743,2.9175
