timestamp,R0C0,R0C1,R0C2,R1C0,R1C1,R1C2,R2C0,R2C1,R2C2,R3C0,R3C1,R3C2,R4C0,R4C1,R4C2
1748799847.528262,1.7232,1.7057,1.8191,1.3775,1.3337,1.1011,1.2958,1.2273,1.1946,0.9394,0.93,1.3205,0.9356,0.9402,1.3509
1748799847.533385,1.7632,1.7482,1.846,1.424,1.3904,1.096,1.2894,1.2383,1.1782,0.9224,0.9611,1.3482,0.9552,0.9466,1.3528
1748799847.5471911,1.7963,1.7922,1.868,1.4771,1.3995,1.0952,1.3106,1.2426,1.1766,0.9421,0.9485,1.3608,0.9533,0.9549,1.3794
1748799847.5563278,1.7686,1.7525,1.8433,1.4331,1.3786,1.0946,1.2856,1.2206,1.1532,0.9364,0.9423,1.3659,0.9388,0.9203,1.3735
1748799847.621936,1.8135,1.8113,1.8803,1.4664,1.4191,1.1191,1.3356,1.2281,1.1529,0.9335,0.9356,1.3579,0.9337,0.9343,1.3791
1748799847.7239418,1.8046,1.7947,1.8846,1.4951,1.4626,1.1389,1.3313,1.2816,1.1747,0.9179,0.9592,1.3778,0.9216,0.9455,1.3955
1748799847.837286,1.8105,1.796,1.8997,1.5002,1.45,1.1588,1.3506,1.2652,1.1962,0.9138,0.9351,1.4121,0.9173,0.9404,1.4213
1748799847.949931,1.8366,1.7812,1.897,1.5298,1.4739,1.1666,1.3396,1.3058,1.2574,0.9474,0.9157,1.4377,0.9412,0.9321,1.4223
1748799848.063049,1.8118,1.7928,1.9002,1.4825,1.4573,1.1304,1.3197,1.2878,1.2459,0.9469,0.9506,1.3904,0.9343,0.9574,1.4057
1748799848.1757739,1.8237,1.7874,1.8914,1.4511,1.425,1.1121,1.3052,1.2314,1.2007,0.948,0.9517,1.3928,0.9412,0.9528,1.3882
1748799848.290137,1.7527,1.7377,1.8551,1.439,1.4189,1.1381,1.32,1.2571,1.2182,0.9566,0.9592,1.3737,0.9412,0.9528,1.3751
1748799848.401749,1.7554,1.7245,1.8492,1.4154,1.3794,1.1341,1.3144,1.2134,1.1674,0.9351,0.9711,1.3439,0.938,0.9563,1.3708
1748799848.514768,1.7509,1.7116,1.8363,1.3874,1.3598,1.0949,1.2647,1.2461,1.2018,0.9396,0.93,1.3474,0.9439,0.949,1.3361
1748799848.628404,1.6378,1.6268,1.7471,1.2177,1.2085,1.057,1.1849,1.15,1.1733,0.934,0.9415,1.2413,0.9195,0.9455,1.2171
1748799848.745108,1.5752,1.5475,1.6571,1.1363,1.1046,1.0629,1.1478,1.0952,1.1153,0.916,0.9574,1.1596,0.9482,0.9566,1.1747
1748799848.854069,1.5341,1.4871,1.5905,1.0726,1.0782,1.0299,1.0997,1.0962,1.114,0.9539,0.9289,1.1392,0.938,0.9584,1.1489
1748799848.966756,1.471,1.436,1.5497,1.0294,1.0339,1.0318,1.0742,1.0944,1.1191,0.9079,0.9356,1.1218,0.9367,0.9587,1.1484
1748799849.079902,1.4266,1.3823,1.4876,1.0124,0.9818,0.9934,1.0457,1.0605,1.0815,0.9168,0.9375,1.0659,0.9442,0.9447,1.0825
1748799849.195773,1.4049,1.3882,1.4398,0.9823,0.9539,0.9412,1.0404,1.0465,1.0535,0.9187,0.9157,1.0218,0.9439,0.9533,1.0747
1748799849.305822,1.3254,1.2762,1.3598,0.9968,0.966,0.938,1.0275,0.9797,1.0132,0.9136,0.9235,1.0242,0.9735,0.9818,1.0597
1748799849.4192388,1.3117,1.2238,1.3076,0.9778,0.9394,0.9079,1.0487,0.9789,1.0071,0.9429,0.9353,1.017,0.9912,1.0095,1.0777
1748799849.53175,1.287,1.2034,1.2811,0.9979,0.9469,0.9163,1.0218,0.9678,0.9732,0.9786,0.9684,1.0044,0.97,0.9746,1.049
1748799849.645369,1.2786,1.2233,1.2577,0.9676,0.9106,0.8983,1.0417,0.9813,1.0011,0.9549,0.9372,1.0017,0.9874,0.9931,1.0455
1748799849.760097,1.2695,1.24,1.3106,0.9727,0.9227,0.9275,1.0116,0.9668,0.9853,0.9547,0.934,0.9767,0.9767,0.9977,1.0522
1748799849.870889,1.3821,1.3372,1.3823,0.977,0.9211,0.9136,1.0315,0.9584,0.967,0.948,0.9192,1.0052,0.9915,1.0057,1.06
1748799849.983806,1.3565,1.3227,1.3458,0.9547,0.9176,0.9004,0.9791,0.9705,0.9853,0.9402,0.9259,1.0105,0.9598,1.0226,1.0345
1748799850.0969129,1.3063,1.2391,1.3047,0.9566,0.912,0.9079,1.0205,0.992,1.0017,0.9587,0.9614,0.9915,1.0103,1.0538,1.0737
1748799850.210196,1.2765,1.2491,1.2789,0.938,0.9415,0.9098,1.0463,0.9729,0.9713,0.9574,0.9638,1.0079,1.028,1.0197,1.0764
1748799850.322942,1.2765,1.2287,1.2757,0.9558,0.9122,0.9095,1.032,1.0103,0.9893,0.9343,0.952,1.0105,1.0001,1.0267,1.0492
1748799850.435934,1.2923,1.237,1.28,0.9641,0.9383,0.905,1.0259,0.9842,1.014,0.9517,0.9606,1.0173,0.9926,1.0382,1.0667
1748799850.548854,1.2749,1.2126,1.3084,0.9404,0.9133,0.9206,1.0363,1.0014,0.9883,0.9402,0.9686,1.0119,0.9998,1.0237,1.0764
1748799850.6620271,1.2773,1.2265,1.3119,0.9523,0.905,0.9018,1.0302,0.9896,0.9695,0.9181,0.9727,1.0256,1.014,1.0253,1.0637
1748799850.7810829,1.2695,1.222,1.2649,0.97,0.9227,0.9308,1.0253,0.9775,0.9778,0.9222,0.9563,1.0011,0.9789,1.0036,1.0425
1748799850.887848,1.2424,1.2147,1.2856,0.9442,0.92,0.9383,1.0261,0.9732,1.0076,0.959,0.9297,1.0022,0.978,0.9877,1.0307
1748799851.00078,1.2977,1.2295,1.3117,0.9372,0.9415,0.9047,1.0465,1.0122,0.9979,0.9208,0.9206,0.9993,0.9767,0.9536,1.0095
1748799851.113814,1.299,1.2445,1.3127,0.9549,0.9321,0.9184,1.0084,0.9861,0.9861,0.9439,0.9388,1.0181,0.9974,0.9909,1.057
1748799851.226811,1.2794,1.2609,1.317,0.9453,0.931,0.9421,1.0307,1.0124,1.0017,0.9114,0.9335,1.0071,0.9858,0.9732,1.0208
1748799851.345518,1.3221,1.2397,1.3281,0.9437,0.92,0.9404,1.0216,0.9874,0.9987,0.916,0.9181,0.9977,0.9625,0.966,1.0664
1748799851.4531531,1.2993,1.2375,1.2797,0.9598,0.9308,0.927,1.0334,1.0092,0.9993,0.9112,0.9396,1.0248,0.9426,0.9713,1.05
1748799851.565758,1.2655,1.2042,1.2875,0.9552,0.9447,0.9071,1.0194,1.0022,0.9909,0.9388,0.9138,0.9845,0.9399,0.9598,1.0181
1748799851.679112,1.2757,1.1991,1.2907,0.9692,0.9224,0.9235,1.0382,0.9829,0.9979,0.9211,0.916,0.9746,0.9547,0.992,1.0299
1748799851.792189,1.2614,1.2018,1.2644,0.9641,0.9243,0.9149,1.0068,0.9869,0.9942,0.92,0.9463,0.9904,0.9756,0.9566,1.0382
1748799851.905177,1.2491,1.2021,1.2314,0.9716,0.9058,0.9345,1.0046,0.9883,1.0011,0.9262,0.9482,0.984,0.9447,0.9713,1.0116
1748799852.017931,1.2276,1.1956,1.2485,0.9343,0.9128,0.9219,0.9968,1.0122,0.9923,0.9429,0.931,0.9899,0.9533,0.9359,1.0202
1748799852.130854,1.2201,1.1696,1.2553,0.9635,0.9079,0.9415,0.9909,0.9866,0.9703,0.9617,0.9329,0.9869,0.9652,0.9802,1.0175
1748799852.2507951,1.2134,1.1838,1.2418,0.941,0.9023,0.8983,1.0079,0.9391,1.0143,0.9278,0.9488,0.9571,0.9345,0.9531,1.0105
1748799852.363433,1.2064,1.1642,1.2072,0.9515,0.9136,0.9351,1.0127,0.9617,1.0076,0.938,0.9423,0.9912,0.9719,0.9853,0.9826
1748799852.4700422,1.2158,1.1752,1.2131,0.9407,0.8899,0.9214,0.9966,0.9845,0.9799,0.9281,0.9047,0.9952,0.9359,0.9716,1.0089
1748799852.582881,1.1876,1.1698,1.2547,0.9361,0.916,0.9136,1.0337,0.9791,0.9713,0.92,0.9251,0.9842,0.9515,0.9869,1.0175
1748799852.695958,1.2093,1.1548,1.2263,0.9286,0.898,0.9055,0.9858,0.9439,0.9775,0.9369,0.9434,0.978,0.9396,0.9437,1.0197
1748799852.8091662,1.204,1.1629,1.2389,0.9485,0.9275,0.9155,0.9883,0.9823,0.9783,0.9262,0.9412,0.9858,0.9251,0.9595,1.0009
1748799852.921982,1.1956,1.1865,1.2244,0.9442,0.9053,0.9063,0.9912,0.9506,0.9861,0.9058,0.8942,0.9789,0.9523,0.9566,1.0143
1748799853.034981,1.1886,1.1811,1.2477,0.9458,0.9031,0.9163,1.0165,0.9721,0.9912,0.9133,0.9525,0.9703,0.9764,0.9606,1.031
1748799853.147943,1.2244,1.1545,1.2007,0.9415,0.9241,0.9023,1.0216,0.9869,0.9552,0.9544,0.9254,0.9676,0.9488,0.9676,1.035
1748799853.261056,1.1991,1.1457,1.2314,0.9292,0.913,0.9061,1.0197,0.981,0.9783,0.9474,0.9214,0.9899,0.9837,0.9829,0.9901
1748799853.376145,1.2187,1.1621,1.2152,0.9533,0.9238,0.8983,1.0234,0.9756,0.9936,0.9208,0.9415,0.9789,0.9348,0.9549,1.0259
1748799853.487488,1.2577,1.1817,1.2614,0.9635,0.9241,0.9251,1.0143,0.9729,0.9633,0.9254,0.9109,0.9874,0.952,0.9571,0.996
1748799853.5999382,1.2284,1.1975,1.2711,0.9404,0.8821,0.9085,1.0162,0.9579,0.9912,0.9418,0.9348,0.9528,0.9367,0.9407,1.0218
1748799853.713103,1.2402,1.2088,1.2585,0.9544,0.901,0.9074,0.9912,0.9807,0.9764,0.9461,0.9074,0.9611,0.9558,0.966,1.006
1748799853.826422,1.2485,1.2168,1.255,0.9273,0.9147,0.9144,1.0275,0.9891,0.9885,0.9318,0.9171,0.9861,0.9402,0.9472,1.0111
1748799853.93912,1.2641,1.2308,1.2886,0.9407,0.8916,0.9173,0.9896,0.9431,0.9657,0.9157,0.9251,0.9641,0.927,0.9412,1.0285
1748799854.0522869,1.2741,1.2373,1.2913,0.9474,0.9241,0.9031,0.9686,0.9633,0.9549,0.9275,0.9179,0.9821,0.9729,0.9515,1.0194
1748799854.165005,1.277,1.2402,1.2864,0.9284,0.8932,0.9066,1.0028,0.9686,0.9979,0.9265,0.9536,0.9869,0.9501,0.9544,0.9977
1748799854.278364,1.2378,1.2112,1.2451,0.9176,0.9028,0.9128,0.9958,0.9649,0.9764,0.912,0.9074,0.9807,0.9563,0.9665,1.0097
1748799854.39238,1.2816,1.2279,1.302,0.9412,0.8961,0.9044,0.996,0.9611,0.9907,0.9227,0.9128,0.9576,0.9611,0.9302,1.0175
1748799854.5044649,1.2545,1.2316,1.2652,0.9652,0.9168,0.9249,1.0028,0.9676,1.02,0.9273,0.9335,0.9821,0.9501,0.9488,1.0213
1748799854.617046,1.2657,1.2244,1.2722,0.9504,0.8964,0.8856,1.0076,0.963,0.9926,0.9361,0.9122,0.9842,0.9506,0.9708,1.0073
1748799854.730077,1.2676,1.2168,1.2668,0.93,0.8967,0.8977,0.9888,0.9592,0.9762,0.9407,0.9168,0.9472,0.9195,0.959,0.9998
1748799854.843211,1.2268,1.1886,1.2327,0.9211,0.9066,0.9284,0.9821,0.981,0.9743,0.9251,0.9335,0.9802,0.9523,0.9294,0.9958
1748799854.9563441,1.2577,1.1822,1.2373,0.9442,0.8889,0.9208,1.0194,0.9657,1.0001,0.9391,0.9168,0.966,0.9504,0.9681,1.0124
1748799855.06967,1.2015,1.1706,1.2303,0.9321,0.9259,0.9112,1.006,0.9568,0.9641,0.9173,0.9506,0.9657,0.945,0.9697,1.0173
1748799855.182019,1.2198,1.1817,1.2144,0.9579,0.8873,0.9246,1.0312,0.9807,0.981,0.9157,0.9512,0.9751,0.966,0.9617,1.0433
1748799855.295084,1.2064,1.1451,1.2136,0.9563,0.9125,0.9149,1.0124,0.9652,0.981,0.9442,0.9222,0.9732,0.9402,0.9611,1.0054
1748799855.408035,1.169,1.1621,1.2101,0.956,0.9082,0.9147,0.9853,0.9735,0.9786,0.9222,0.9477,0.9606,0.9547,0.9649,1.0208
1748799855.5217679,1.2085,1.1269,1.2104,0.949,0.9082,0.9206,1.0028,0.9692,0.9431,0.9407,0.938,0.9813,0.9764,0.9815,0.9995
1748799855.634078,1.19,1.1333,1.2171,0.9168,0.9235,0.923,0.995,0.9549,0.9872,0.9351,0.9055,0.9968,0.9633,0.9805,0.996
1748799855.7471712,1.2069,1.15,1.2128,0.9318,0.9104,0.9227,0.9743,0.9611,0.9711,0.9187,0.9208,0.9869,0.934,0.956,1.01
1748799855.860328,1.1905,1.1416,1.2109,0.9407,0.8907,0.9181,0.9952,0.9512,0.9678,0.9289,0.9275,0.9668,0.9343,0.9515,0.9928
1748799855.976932,1.2101,1.1615,1.2117,0.9243,0.913,0.895,0.9979,0.9737,0.985,0.938,0.9165,0.9721,0.9654,0.9673,1.0095
1748799856.086088,1.1876,1.1626,1.2131,0.9418,0.9224,0.8983,0.9864,0.9719,0.9563,0.9085,0.9173,0.9558,0.9695,0.9627,0.9778
1748799856.1990368,1.2032,1.1481,1.2101,0.9351,0.9047,0.9147,0.9864,0.9931,0.974,0.913,0.9335,0.9732,0.9509,0.9262,1.0304
1748799856.312309,1.222,1.1723,1.2158,0.9536,0.9104,0.934,0.9579,0.9525,0.966,0.956,0.9034,0.9681,0.9549,0.948,1.0063
1748799856.425183,1.2128,1.1897,1.2429,0.9179,0.9012,0.9369,0.9936,0.967,0.9958,0.934,0.9246,0.9754,0.9195,0.956,0.9987
1748799856.539902,1.2263,1.1771,1.2695,0.9439,0.9101,0.9085,1.0049,0.9515,0.9797,0.9138,0.8993,0.9595,0.9254,0.9351,0.9944
1748799856.651111,1.2475,1.2037,1.2531,0.9353,0.93,0.9098,0.9993,0.9708,0.9751,0.938,0.9292,0.9756,0.9085,0.9477,1.002
1748799856.764031,1.237,1.1833,1.2526,0.9332,0.913,0.9101,1.0044,0.9633,0.9861,0.9246,0.9165,0.9635,0.9458,0.9566,1.0162
1748799856.8770711,1.2502,1.1937,1.2652,0.963,0.9077,0.9305,0.9901,0.9845,0.9592,0.9415,0.92,0.9657,0.9684,0.9584,1.0283
1748799856.992448,1.2327,1.1954,1.2432,0.9281,0.9281,0.9036,0.9815,0.9821,0.9772,0.9047,0.913,1.0038,0.9568,0.934,1.0071
1748799857.103619,1.2091,1.1792,1.2437,0.948,0.8958,0.9028,1.0205,0.9721,0.9909,0.9042,0.9101,0.9837,0.9458,0.9539,0.9762
1748799857.216117,1.2203,1.1954,1.2381,0.9224,0.902,0.9028,0.9764,0.96,0.9721,0.8956,0.9332,0.9515,0.9453,0.9654,0.9869
1748799857.329112,1.2311,1.198,1.2402,0.9474,0.9273,0.8999,1.0014,0.9823,0.9536,0.9155,0.9122,0.9697,0.934,0.9493,1.006
1748799857.4424279,1.2136,1.1989,1.2214,0.9273,0.8838,0.9165,0.9681,0.9316,0.9848,0.9104,0.8932,0.9864,0.9584,0.9482,0.992
1748799857.5555,1.2155,1.2013,1.2483,0.9353,0.9053,0.9206,0.9864,0.9864,1.0011,0.9112,0.9004,0.9848,0.9611,0.9496,1.0119
1748799857.668585,1.2155,1.1929,1.2303,0.9458,0.9138,0.9219,0.9869,0.9818,0.9775,0.9251,0.9364,0.9762,0.9332,0.9552,0.9789
1748799857.781143,1.222,1.1518,1.2378,0.9093,0.9039,0.9031,1.0001,0.9893,0.9748,0.9262,0.9243,0.9826,0.9249,0.9684,0.9872
1748799857.894211,1.2182,1.1771,1.2386,0.9477,0.8864,0.9337,1.0221,0.9732,0.9885,0.93,0.9251,0.9746,0.9335,0.9458,0.9926
1748799858.009255,1.23,1.1706,1.233,0.9257,0.9012,0.9039,0.992,0.9711,0.9891,0.9219,0.8929,0.9665,0.931,0.9265,0.9861
1748799858.1207418,1.241,1.1787,1.2254,0.949,0.9095,0.9292,0.9574,0.9668,0.9783,0.9249,0.9184,0.9786,0.9335,0.9531,1.0006
1748799858.2332082,1.2185,1.1739,1.2539,0.9047,0.927,0.916,0.9654,0.9928,0.9708,0.8924,0.9367,0.9619,0.96,0.9501,1.0046
1748799858.346185,1.2085,1.1876,1.208,0.9361,0.9047,0.9058,1.0014,0.9574,0.9673,0.9184,0.9187,0.9681,0.9496,0.9324,0.9901
1748799858.4592159,1.2061,1.1717,1.2354,0.9439,0.9114,0.9087,0.9807,0.9676,0.96,0.891,0.9155,0.9654,0.9074,0.9517,1.0097
1748799858.5770931,1.2072,1.1771,1.2214,0.905,0.8916,0.9031,0.9864,0.9746,0.9872,0.9163,0.9179,0.9754,0.93,0.9286,1.0057
1748799858.6861959,1.1943,1.186,1.2171,0.934,0.9211,0.9093,0.9695,0.985,0.9791,0.9369,0.8779,0.9646,0.9453,0.9326,0.9985
1748799858.798149,1.198,1.1715,1.2002,0.9251,0.8838,0.9082,0.9754,0.9418,0.988,0.9369,0.9466,0.9609,0.9367,0.9421,0.9901
1748799858.9114392,1.222,1.1591,1.2209,0.9337,0.8983,0.8958,0.9896,0.949,0.9568,0.9023,0.9061,0.9746,0.9332,0.9133,0.9952
1748799859.0245812,1.1916,1.1693,1.2217,0.92,0.9071,0.9007,1.0111,0.9498,0.9504,0.9152,0.9281,0.9896,0.9423,0.9472,0.9872
1748799859.137441,1.2069,1.1596,1.2117,0.9396,0.884,0.9031,0.9684,0.9713,0.9759,0.9184,0.9313,0.9541,0.9278,0.9305,0.9928
1748799859.250262,1.2171,1.1862,1.2357,0.9246,0.884,0.8975,0.9923,0.9662,0.9453,0.952,0.9302,0.9686,0.9485,0.9367,0.9955
1748799859.363153,1.2061,1.1572,1.2308,0.9321,0.9101,0.9181,1.002,0.9772,0.9531,0.8921,0.9152,0.9743,0.9257,0.931,1.0068
1748799859.47631,1.2048,1.1569,1.2203,0.9485,0.9219,0.8921,0.9926,0.9582,0.9802,0.938,0.9181,0.9485,0.9141,0.9466,0.9678
1748799859.591512,1.1959,1.1663,1.2021,0.9144,0.9098,0.9095,1.0038,0.9574,0.9418,0.912,0.9087,0.9429,0.9369,0.9396,0.9783
1748799859.702285,1.2152,1.1709,1.2297,0.9262,0.9071,0.898,0.9705,0.9783,0.9754,0.8902,0.9423,0.9391,0.9455,0.9402,0.9842
1748799859.815243,1.2305,1.1779,1.2123,0.9378,0.9085,0.9356,1.0054,0.9549,0.949,0.9136,0.9074,0.9713,0.9348,0.9284,0.9587
1748799859.9283462,1.2142,1.1846,1.2077,0.9079,0.8945,0.9251,0.9877,0.9512,0.9883,0.8991,0.9399,1.0025,0.945,0.9431,0.9842
1748799860.041476,1.2107,1.1516,1.2338,0.9391,0.9241,0.9114,1.0111,0.9541,0.9815,0.9523,0.9179,0.956,0.9512,0.9439,0.9818
1748799860.156034,1.1876,1.1733,1.2099,0.9641,0.8972,0.9335,1.0057,0.9574,0.9592,0.9267,0.9243,0.9872,0.9294,0.9622,0.9971
1748799860.267195,1.2064,1.1701,1.2222,0.9372,0.8926,0.8875,0.96,0.9501,0.9719,0.9369,0.8881,0.945,0.9423,0.9273,1.0063
1748799860.3801532,1.2007,1.1921,1.2319,0.9383,0.8929,0.9243,0.9689,0.9772,0.9834,0.9289,0.9378,0.9721,0.92,0.9574,0.9858
1748799860.49333,1.2107,1.1701,1.2023,0.9262,0.9071,0.876,0.9998,0.9587,0.9617,0.9235,0.9101,0.9646,0.9421,0.9458,1.0052
1748799860.612167,1.2187,1.1642,1.1975,0.9265,0.898,0.9066,0.9743,0.9606,0.9697,0.913,0.9012,0.963,0.9055,0.9359,0.9893
1748799860.719676,1.2015,1.1661,1.2381,0.9356,0.9077,0.8991,0.9877,0.9751,0.9638,0.9238,0.9249,0.9571,0.9294,0.9394,1.0006
1748799860.832203,1.2246,1.2064,1.2601,0.9198,0.9262,0.9254,0.9842,0.9708,0.9778,0.9235,0.8983,0.97,0.9399,0.9525,1.0036
1748799860.9453251,1.2354,1.1876,1.2453,0.9378,0.9176,0.9133,0.9936,0.9724,0.9853,0.9356,0.9152,0.9496,0.9069,0.9533,1.0071
1748799861.062221,1.2348,1.2093,1.2593,0.9324,0.9273,0.8958,0.9977,0.9794,0.9582,0.9332,0.9109,0.9493,0.9241,0.9434,1.002
1748799861.171744,1.2622,1.1983,1.2862,0.9163,0.9262,0.9026,0.9979,0.9729,0.9552,0.9343,0.9128,0.959,0.9383,0.9547,0.9641
1748799861.284321,1.2526,1.2053,1.2706,0.9265,0.9007,0.9184,0.9649,0.9582,0.9633,0.9278,0.9079,0.984,0.9332,0.9321,0.999
1748799861.3973272,1.2408,1.1967,1.2252,0.9364,0.8929,0.9106,0.9845,0.9713,0.9802,0.9155,0.9063,0.9654,0.9034,0.9184,0.9936
1748799861.5102432,1.2375,1.2101,1.2475,0.9297,0.9063,0.9082,0.9756,0.978,0.9823,0.9275,0.902,0.9555,0.9369,0.9485,1.0009
1748799861.6271338,1.2152,1.2005,1.2413,0.9168,0.9219,0.9144,0.9866,0.9582,0.9724,0.9453,0.941,0.9928,0.9458,0.9136,0.9856
1748799861.7365482,1.2158,1.2072,1.2692,0.966,0.898,0.9157,0.9977,0.9815,0.9533,0.9275,0.9095,0.9504,0.9378,0.9224,1.0063
1748799861.8495529,1.2238,1.1709,1.2512,0.9302,0.9206,0.891,1.0103,0.9729,0.9864,0.9249,0.9195,0.9684,0.9074,0.9144,0.9885
1748799861.962475,1.2069,1.1951,1.2252,0.9394,0.8956,0.8999,1.002,0.9746,0.996,0.9184,0.9203,0.9592,0.9305,0.9007,0.9939
1748799862.075541,1.2225,1.1717,1.2432,0.9431,0.8958,0.9316,0.9955,0.9512,0.9713,0.9144,0.934,0.9716,0.9318,0.9549,0.9732
1748799862.189125,1.2037,1.1513,1.2348,0.9329,0.9224,0.9179,0.9931,0.9455,0.9926,0.9187,0.9128,0.96,0.9703,0.9254,0.9848
1748799862.3014212,1.223,1.1999,1.2284,0.912,0.9077,0.9147,0.977,0.9458,0.9622,0.9243,0.9063,0.9418,0.9181,0.9622,1.0041
1748799862.414491,1.2187,1.1921,1.234,0.9284,0.9243,0.9149,1.003,0.9579,0.959,0.9297,0.9316,0.9869,0.9399,0.9515,0.985
1748799862.5275059,1.2061,1.1655,1.2314,0.9348,0.9087,0.8983,1.0025,0.9735,0.9695,0.9098,0.9168,0.9547,0.9243,0.9265,0.9971
1748799862.640634,1.2225,1.1921,1.223,0.9157,0.9265,0.8881,0.995,0.9528,0.9649,0.9227,0.9074,0.9686,0.8969,0.941,0.9574
1748799862.754133,1.2257,1.1886,1.2252,0.9281,0.9192,0.9136,0.9711,0.9345,0.9614,0.9063,0.905,0.97,0.9429,0.9262,0.9936
1748799862.866359,1.2037,1.1935,1.2155,0.9308,0.8945,0.9224,0.9582,0.9732,0.9641,0.9206,0.9184,0.9649,0.9488,0.9152,0.97
1748799862.9794502,1.223,1.1825,1.2225,0.9122,0.909,0.9053,0.9936,0.9638,0.9721,0.894,0.9095,0.9472,0.9238,0.9117,0.9936
1748799863.092374,1.2346,1.1849,1.1978,0.92,0.9077,0.9195,0.9797,0.948,0.9496,0.9168,0.8848,0.9335,0.9472,0.9238,1.0003
1748799863.206006,1.234,1.1962,1.2496,0.9259,0.8867,0.898,0.9789,0.9574,0.9729,0.9058,0.9184,0.959,0.9254,0.9423,0.9958
1748799863.318593,1.23,1.1766,1.2421,0.9482,0.913,0.9356,0.9993,0.9719,0.9584,0.9036,0.8932,0.9619,0.9375,0.966,0.9783
1748799863.431298,1.1868,1.1723,1.2131,0.9267,0.9273,0.9235,0.9748,0.9378,0.9396,0.8967,0.9149,0.9751,0.9453,0.948,0.9926
1748799863.544682,1.2185,1.2058,1.2472,0.916,0.9026,0.902,0.9848,0.9638,0.9649,0.945,0.9214,0.949,0.9144,0.9528,1.0054
1748799863.6573079,1.2233,1.2005,1.244,0.9138,0.9241,0.913,0.9848,0.9708,0.9552,0.9101,0.931,0.9869,0.9313,0.9281,0.9754
1748799863.770708,1.2045,1.208,1.233,0.9216,0.912,0.9192,1.0038,0.9515,0.9856,0.9063,0.8805,0.9695,0.9496,0.9485,1.013
1748799863.883445,1.2346,1.1964,1.2311,0.938,0.9034,0.9184,0.9684,0.9321,0.9523,0.9241,0.8907,0.9786,0.9286,0.9163,0.9845
1748799863.9965498,1.2485,1.2066,1.2743,0.9506,0.9023,0.9128,1.0108,0.9592,0.9689,0.9173,0.9063,0.9791,0.9249,0.9138,0.9955
1748799864.109589,1.2794,1.2762,1.3068,0.9254,0.9289,0.9044,0.9917,0.9472,0.9603,0.9292,0.9203,0.949,0.9206,0.9313,0.9966
1748799864.2246962,1.2923,1.2386,1.3031,0.92,0.9173,0.9082,0.9915,0.9762,1.003,0.9015,0.9251,0.978,0.9047,0.9388,0.9939
1748799864.335839,1.2923,1.2456,1.3098,0.9297,0.9066,0.9189,1.0084,0.9713,0.9791,0.9192,0.9152,0.9472,0.9104,0.9259,1.0063
1748799864.4483469,1.28,1.2577,1.3127,0.9353,0.9189,0.9112,1.0028,0.9711,1.0046,0.9192,0.9047,0.9735,0.9203,0.9267,1.0154
1748799864.561462,1.2821,1.2292,1.3012,0.9501,0.9157,0.9259,0.9668,1.0006,0.9716,0.9426,0.8886,0.9794,0.9297,0.931,0.9649
1748799864.674634,1.2698,1.2238,1.3066,0.9222,0.9216,0.9238,1.0041,0.9791,0.9751,0.9181,0.9235,0.9985,0.923,0.9031,1.0001
1748799864.788629,1.2617,1.2389,1.2907,0.9482,0.912,0.8956,0.9821,0.9649,0.9681,0.9071,0.9254,0.9907,0.9421,0.9168,0.9968
1748799864.900386,1.2657,1.219,1.2622,0.9292,0.9079,0.9055,0.9899,0.9713,0.9821,0.9224,0.9189,0.9797,0.9238,0.9104,0.9848
1748799865.013372,1.2537,1.212,1.2405,0.9093,0.902,0.9181,0.9958,0.9915,0.9719,0.9313,0.913,0.9582,0.9275,0.916,0.9982
1748799865.126564,1.2093,1.2064,1.2682,0.9455,0.9147,0.9066,0.9998,0.9721,0.985,0.9434,0.8926,0.9748,0.9208,0.9404,0.9754
1748799865.241751,1.2252,1.23,1.2676,0.9294,0.9047,0.9356,0.9926,0.9842,1.0006,0.9179,0.909,0.9477,0.9426,0.9216,0.9676
1748799865.3529751,1.2421,1.2005,1.2459,0.9128,0.9321,0.9069,0.9772,0.9746,0.974,0.8961,0.8709,0.978,0.9101,0.916,0.9703
1748799865.4653819,1.2263,1.2029,1.2789,0.9461,0.8926,0.9343,0.9952,0.9697,0.9547,0.9192,0.9155,0.96,0.9198,0.9367,0.978
1748799865.578466,1.2268,1.2066,1.273,0.9179,0.8894,0.9018,0.9869,0.9461,0.9719,0.9066,0.8929,0.9832,0.9434,0.9157,1.0017
1748799865.6916769,1.2671,1.201,1.2805,0.934,0.9335,0.9117,0.9853,0.9652,0.9695,0.9023,0.9308,0.9737,0.9391,0.9472,0.9888
1748799865.806464,1.2964,1.2424,1.2872,0.9343,0.8905,0.9488,1.0036,0.9727,0.9832,0.9181,0.8991,0.9662,0.9402,0.9187,0.9807
1748799865.917655,1.2972,1.212,1.3012,0.92,0.9243,0.8864,0.9684,0.9678,0.9716,0.9117,0.8929,0.9805,0.9206,0.9061,1.0157
1748799866.030425,1.2649,1.2456,1.2888,0.9415,0.9079,0.9104,0.9775,0.9455,0.9939,0.9227,0.8929,0.984,0.9125,0.9235,0.9966
1748799866.143498,1.2778,1.2531,1.2864,0.9353,0.8988,0.9128,0.9931,0.9609,0.977,0.9488,0.9147,0.9469,0.9391,0.945,0.9756
1748799866.258674,1.2636,1.2348,1.2741,0.9286,0.9106,0.9152,1.013,0.9582,0.956,0.8864,0.9216,0.9665,0.9249,0.9496,0.9909
1748799866.36991,1.2579,1.2093,1.2776,0.93,0.9125,0.9122,0.9748,0.9595,0.9737,0.9082,0.92,0.9748,0.9485,0.9208,1.0122
1748799866.482541,1.27,1.2155,1.2794,0.9246,0.8873,0.9297,0.9729,0.9523,0.9654,0.9152,0.9141,0.9721,0.9442,0.9324,0.9743
1748799866.5955431,1.2563,1.2201,1.2802,0.9429,0.9133,0.9061,0.9807,0.9461,0.9662,0.9289,0.9189,0.9756,0.9469,0.9337,0.9807
1748799866.7086139,1.2676,1.2292,1.2797,0.9391,0.8999,0.9133,1.0054,0.9439,0.9641,0.9198,0.8958,0.9735,0.9165,0.9286,1.0022
1748799866.822161,1.2555,1.2042,1.2528,0.9171,0.9055,0.913,0.9587,0.956,0.9668,0.9047,0.9273,0.9649,0.9609,0.9531,0.9896
1748799866.934556,1.2397,1.2139,1.244,0.9388,0.9074,0.901,0.9904,0.9474,0.9732,0.8881,0.9222,0.9523,0.9292,0.909,0.9907
1748799867.047629,1.2348,1.2115,1.2561,0.9152,0.8768,0.9028,0.988,0.9504,0.9646,0.9219,0.8969,0.9641,0.9472,0.9386,0.9673
1748799867.1605482,1.2109,1.1932,1.262,0.9404,0.9069,0.8988,0.9751,0.9606,0.9313,0.909,0.92,0.9412,0.9321,0.9289,0.9998
1748799867.275682,1.2475,1.1994,1.2542,0.9246,0.9147,0.9122,0.9735,0.9576,0.9939,0.9259,0.9259,0.984,0.9396,0.9136,1.0205
1748799867.386694,1.2112,1.1784,1.2386,0.9332,0.9136,0.9211,0.9528,0.9445,0.9622,0.9219,0.9028,0.9762,0.9415,0.9249,0.9789
1748799867.499508,1.2241,1.1717,1.2158,0.9238,0.8977,0.8967,0.9708,0.9582,0.9729,0.9061,0.9318,0.9504,0.9053,0.9259,0.9829
1748799867.612664,1.2217,1.18,1.2123,0.9321,0.8942,0.9203,0.9643,0.9587,0.9544,0.9122,0.902,0.9834,0.9308,0.9396,0.9643
1748799867.725538,1.1956,1.1889,1.2101,0.9184,0.8905,0.9216,0.9866,0.948,0.963,0.8924,0.9294,0.9402,0.9168,0.9077,0.9877
1748799867.841088,1.2099,1.1798,1.2185,0.9407,0.9195,0.9208,0.9606,0.9294,0.9848,0.916,0.88,0.9834,0.9375,0.9326,0.9729
1748799867.951968,1.1946,1.1575,1.2263,0.9246,0.9173,0.9082,1.0006,0.9469,0.9756,0.9055,0.905,0.9635,0.9222,0.9343,0.9536
1748799868.064506,1.2007,1.1414,1.1975,0.9351,0.9216,0.9112,0.9928,0.963,0.9566,0.9232,0.9074,0.9619,0.9181,0.949,0.9703
1748799868.17778,1.2018,1.1634,1.215,0.9071,0.9192,0.9136,0.999,0.9646,0.9482,0.9404,0.9026,0.9541,0.9286,0.9324,0.9759
1748799868.2915041,1.2029,1.1766,1.2074,0.9122,0.8924,0.8996,0.9979,0.9539,0.9558,0.9297,0.9004,0.9418,0.9343,0.9598,0.9743
1748799868.4038951,1.2021,1.1467,1.2115,0.9211,0.8854,0.9324,0.9654,0.9284,0.9496,0.9203,0.9007,0.9848,0.909,0.956,0.9907
1748799868.516533,1.1908,1.1551,1.215,0.923,0.8899,0.8899,0.9845,0.9466,0.9563,0.9165,0.9044,0.963,0.9418,0.9176,1.0044
1748799868.62962,1.2179,1.158,1.2238,0.9181,0.9082,0.9251,0.9716,0.9692,0.9748,0.9208,0.9144,0.941,0.9359,0.9361,0.985
1748799868.7425458,1.1849,1.1535,1.197,0.9195,0.9149,0.9034,1.0025,0.9574,0.945,0.9235,0.9098,0.9595,0.9418,0.9278,0.9662
1748799868.857547,1.1975,1.158,1.2222,0.9181,0.8937,0.9265,0.985,0.9547,0.9579,0.9079,0.9004,0.9797,0.9278,0.9305,0.9665
1748799868.9693792,1.201,1.1529,1.2053,0.9353,0.8867,0.9184,0.9813,0.9614,0.9617,0.8811,0.9203,0.9926,0.9141,0.9388,1.0017
1748799869.081514,1.1921,1.158,1.205,0.9445,0.8768,0.9082,0.9732,0.9708,0.9326,0.8977,0.884,0.956,0.9501,0.9053,0.9713
1748799869.194834,1.2029,1.1457,1.2187,0.9101,0.9055,0.9026,0.9506,0.9412,0.966,0.9152,0.9122,0.9512,0.9267,0.9181,0.9566
1748799869.311328,1.1935,1.1535,1.2112,0.9098,0.9133,0.9138,0.945,0.9762,0.9643,0.9012,0.9128,0.9512,0.9198,0.9321,0.977
1748799869.421126,1.2021,1.1497,1.1895,0.9324,0.9144,0.9015,0.9509,0.9555,0.9541,0.9332,0.9281,0.9566,0.9216,0.9429,0.9764
1748799869.5336478,1.1932,1.1776,1.1959,0.9281,0.9198,0.9254,0.9783,0.9458,0.967,0.8873,0.9367,0.9574,0.9343,0.9528,0.9772
1748799869.646602,1.1892,1.1661,1.204,0.9308,0.9063,0.9104,0.9678,0.9506,0.9523,0.913,0.8873,0.9756,0.9136,0.9337,0.9721
1748799869.75986,1.183,1.1435,1.1897,0.93,0.9219,0.9232,0.978,0.9571,0.9541,0.9093,0.9085,0.9834,0.9466,0.9173,0.9592
1748799869.872706,1.1983,1.1615,1.2077,0.9079,0.9181,0.9044,0.9735,0.9547,0.9523,0.9219,0.9375,0.9603,0.9071,0.9079,0.959
1748799869.985831,1.1741,1.1604,1.208,0.905,0.9192,0.9216,0.959,0.9369,0.9654,0.9138,0.8956,0.9386,0.9198,0.9259,0.9515
1748799870.0985768,1.1946,1.1492,1.2074,0.9335,0.9044,0.9063,0.9635,0.9418,0.9697,0.9195,0.9251,0.9402,0.9458,0.9074,0.9977
1748799870.211665,1.1779,1.1486,1.2144,0.9286,0.8924,0.9093,0.9595,0.9603,0.9488,0.9109,0.9222,0.9646,0.9192,0.9069,0.9797
1748799870.3251588,1.1849,1.1658,1.2246,0.9085,0.9152,0.9294,0.9783,0.9517,0.9517,0.9106,0.9053,0.9579,0.9533,0.912,0.9794
1748799870.438097,1.2002,1.1774,1.223,0.9082,0.8824,0.9219,0.9563,0.9668,0.9853,0.9356,0.8991,0.9501,0.9208,0.9348,0.999
1748799870.550598,1.2091,1.1615,1.1862,0.8932,0.909,0.9114,0.9813,0.9504,0.9695,0.9138,0.8848,0.9721,0.9262,0.9469,0.9958
1748799870.6636648,1.2093,1.1655,1.2123,0.9028,0.9208,0.9254,0.9936,0.9643,0.9512,0.9098,0.9133,0.963,0.9238,0.9039,0.9676
1748799870.776785,1.1991,1.1755,1.2139,0.9421,0.901,0.8867,0.9842,0.9582,0.96,0.8894,0.8921,0.9633,0.9254,0.9085,0.9789
1748799870.893384,1.2061,1.176,1.194,0.9211,0.8813,0.905,0.9708,0.9372,0.9727,0.9216,0.9208,0.9345,0.9353,0.9235,1.0063
1748799871.002778,1.2115,1.1661,1.2021,0.9181,0.9235,0.9058,0.9891,0.9238,0.9657,0.9294,0.8854,0.9719,0.9184,0.934,0.9512
1748799871.115592,1.2158,1.1803,1.2061,0.9547,0.8988,0.9117,0.9568,0.9654,0.966,0.9394,0.9071,0.9751,0.9214,0.9232,0.9708
1748799871.228704,1.1964,1.1905,1.2128,0.941,0.9144,0.9053,0.9915,0.9646,0.9404,0.9147,0.8945,0.956,0.9246,0.9329,0.9813
1748799871.3454988,1.1935,1.1725,1.2007,0.9012,0.9093,0.8907,1.006,0.9606,0.9864,0.9232,0.8784,0.9614,0.9313,0.9181,0.9968
1748799871.454664,1.1895,1.1881,1.2093,0.9289,0.9232,0.9388,0.9778,0.96,0.9429,0.9278,0.8899,0.9512,0.9222,0.9181,0.9695
1748799871.567644,1.2316,1.19,1.2246,0.9265,0.9047,0.9251,0.9756,0.9759,0.9762,0.9144,0.905,0.9676,0.9391,0.9442,0.985
1748799871.680714,1.2088,1.1895,1.2343,0.9198,0.9055,0.9343,0.9713,0.9729,0.9474,0.9262,0.945,0.9638,0.9308,0.9042,0.9818
1748799871.793706,1.1956,1.204,1.2375,0.9198,0.9192,0.9184,0.9979,0.9493,0.9437,0.9082,0.9232,0.9498,0.898,0.9431,0.9813
1748799871.907049,1.2083,1.1739,1.2308,0.9281,0.898,0.9163,0.9802,0.9329,0.9665,0.8932,0.9396,0.9348,0.913,0.9463,1.0108
1748799872.019764,1.2209,1.1892,1.2346,0.9356,0.8988,0.8924,0.9614,0.9743,0.9872,0.9246,0.913,0.9517,0.923,0.9461,0.9998
1748799872.13276,1.2155,1.1946,1.2534,0.9181,0.8821,0.9133,0.967,0.9536,0.9866,0.9415,0.9077,0.963,0.9388,0.9222,1.0052
1748799872.245858,1.2217,1.1862,1.2451,0.9421,0.8924,0.9246,0.9598,0.9533,0.9971,0.9351,0.9082,0.9434,0.9496,0.9147,0.992
1748799872.3587682,1.241,1.2015,1.2698,0.9463,0.9034,0.9058,0.9998,0.9657,0.9923,0.938,0.9265,0.9579,0.9326,0.9662,0.9909
1748799872.472875,1.2598,1.2096,1.2523,0.9335,0.8784,0.9109,0.9818,0.9353,0.9625,0.9095,0.894,0.9654,0.8907,0.9257,1.0044
1748799872.584795,1.2434,1.1997,1.2418,0.9181,0.8975,0.9087,0.9678,0.9501,0.9504,0.8961,0.898,0.9638,0.9469,0.9138,0.9716
1748799872.697674,1.2185,1.2007,1.2483,0.9173,0.8918,0.9189,0.9864,0.9579,0.9756,0.9085,0.9106,0.9533,0.9308,0.9482,0.9998
1748799872.810792,1.2209,1.1809,1.2502,0.9163,0.9112,0.9144,0.9845,0.9724,0.9807,0.9093,0.9039,0.9549,0.9265,0.9369,0.9944
1748799872.926721,1.2203,1.1954,1.234,0.9012,0.8795,0.9372,1.0092,0.949,0.9646,0.9152,0.9085,0.966,0.9504,0.9141,0.9832
1748799873.03697,1.2257,1.2091,1.2284,0.9321,0.9034,0.8956,0.9668,0.9407,0.9649,0.9026,0.883,0.9493,0.9104,0.9361,0.9952
1748799873.149699,1.1927,1.2115,1.2464,0.9138,0.9063,0.9232,0.9883,0.9453,0.9665,0.9286,0.8838,0.9657,0.9321,0.9125,0.9891
1748799873.262783,1.2158,1.2107,1.2139,0.9173,0.9187,0.9061,1.0063,0.9689,0.9791,0.9351,0.8808,0.9531,0.9249,0.9251,0.9544
1748799873.375869,1.2083,1.2005,1.2502,0.9332,0.8808,0.8862,0.97,0.9614,0.977,0.9176,0.9227,0.9584,0.9039,0.9195,0.9939
1748799873.488864,1.2252,1.1806,1.2365,0.927,0.931,0.9267,0.9958,0.9501,0.9732,0.891,0.8996,0.9498,0.9434,0.9039,0.9735
1748799873.602101,1.2236,1.1806,1.248,0.9152,0.9181,0.9047,0.9923,0.9652,0.9504,0.9232,0.9069,0.9383,0.9308,0.9434,0.9842
1748799873.714706,1.2126,1.205,1.2416,0.9493,0.8996,0.9407,0.963,0.9606,0.9571,0.9267,0.9087,0.9439,0.9364,0.9187,0.9797
1748799873.8279948,1.2295,1.1688,1.2429,0.923,0.9034,0.9284,0.9947,0.9697,0.9668,0.9015,0.9181,0.9606,0.9329,0.9461,0.978
1748799873.943862,1.2359,1.1715,1.2287,0.9227,0.9087,0.9171,0.9915,0.9429,0.9407,0.9034,0.9044,0.9386,0.9493,0.9114,0.9509
1748799874.0539892,1.2034,1.1886,1.2069,0.9241,0.8902,0.9184,0.9759,0.9404,0.9531,0.9034,0.9434,0.959,0.9313,0.92,0.9762
1748799874.166771,1.2193,1.1647,1.2281,0.9155,0.9155,0.9238,0.9676,0.9539,0.9772,0.9109,0.8921,0.9652,0.9533,0.8999,0.9805
1748799874.279828,1.2158,1.187,1.2002,0.8967,0.93,0.9206,0.996,0.9609,0.9609,0.8999,0.9044,0.9574,0.9437,0.9278,0.9743
1748799874.393176,1.2021,1.1599,1.2459,0.9079,0.9267,0.9235,0.9904,0.9609,0.9622,0.9031,0.895,0.9802,0.9302,0.9488,1.0022
1748799874.507725,1.1929,1.1857,1.2147,0.9541,0.8958,0.9278,1.0108,0.956,0.9622,0.9087,0.9112,0.9627,0.9187,0.9254,0.9974
1748799874.619031,1.197,1.1586,1.2182,0.9087,0.905,0.9039,0.9936,0.9337,0.9439,0.8972,0.8894,0.9633,0.9391,0.9469,0.9713
1748799874.731881,1.208,1.1492,1.2174,0.9189,0.8875,0.9243,0.9724,0.9423,0.9826,0.9289,0.9313,0.9579,0.912,0.9439,0.9805
1748799874.845089,1.2023,1.1642,1.23,0.9087,0.9147,0.8961,0.9883,0.9541,0.9609,0.8835,0.9168,0.974,0.9281,0.9399,0.9609
1748799874.960961,1.1927,1.1661,1.215,0.9394,0.9063,0.9165,0.9799,0.96,0.981,0.8846,0.8958,0.9754,0.9329,0.9302,0.9767
1748799875.070765,1.1779,1.1621,1.2332,0.9313,0.9249,0.9284,0.9595,0.978,0.9582,0.9313,0.9112,0.9686,0.9176,0.92,0.9971
1748799875.1837492,1.2142,1.1776,1.198,0.9267,0.912,0.9351,0.9952,0.963,0.9789,0.8985,0.8913,0.9404,0.9061,0.9364,0.9823
1748799875.296795,1.1838,1.1986,1.2091,0.9531,0.9026,0.9079,0.9598,0.9635,0.9759,0.9133,0.8878,0.9617,0.9219,0.934,0.9885
1748799875.4100852,1.2023,1.1803,1.2174,0.9394,0.9028,0.9257,0.9966,0.9506,0.9743,0.9044,0.9136,0.9412,0.9203,0.9292,0.9646
1748799875.5229912,1.2064,1.1663,1.2134,0.9434,0.9179,0.9077,1.0108,0.941,0.9442,0.9163,0.905,0.9791,0.8942,0.931,0.9764
1748799875.636169,1.2074,1.1621,1.2244,0.9173,0.8899,0.8972,0.9864,0.9746,0.9711,0.9353,0.9114,0.97,0.9168,0.9525,0.9606
1748799875.7488089,1.2034,1.169,1.2241,0.9348,0.9095,0.9232,0.9759,0.9447,0.9558,0.9259,0.9181,0.9713,0.923,0.9203,0.96
1748799875.862068,1.1989,1.1787,1.2279,0.9117,0.9184,0.9098,0.9619,0.9458,0.9799,0.8945,0.9047,0.9547,0.92,0.9071,0.9531
1748799875.981314,1.2045,1.1663,1.2152,0.9187,0.916,0.9071,0.9818,0.9592,0.9652,0.9077,0.9114,0.9525,0.9211,0.9144,0.9861
1748799876.088005,1.2209,1.1905,1.2023,0.9262,0.8918,0.9109,0.9515,0.9716,0.9762,0.9219,0.8991,0.9619,0.9321,0.9402,0.9635
1748799876.2008371,1.1919,1.1771,1.2112,0.9176,0.8913,0.9265,1.0028,0.9563,0.9587,0.9012,0.8703,0.9506,0.913,0.891,0.9799
1748799876.3138611,1.2093,1.1626,1.2343,0.9179,0.9179,0.9332,0.9877,0.9423,0.9587,0.9117,0.9211,0.9558,0.9552,0.9439,0.9759
1748799876.426827,1.2099,1.1838,1.2268,0.9257,0.9351,0.9386,0.9719,0.9678,0.9643,0.9109,0.9216,0.9931,0.9351,0.9412,0.9821
1748799876.540046,1.1895,1.1696,1.2373,0.9192,0.9133,0.9461,0.9805,0.9504,0.9453,0.9093,0.93,0.9592,0.9463,0.8975,0.9931
1748799876.653023,1.2045,1.1878,1.2324,0.8854,0.8948,0.9165,0.984,0.977,0.9552,0.9101,0.8851,0.966,0.9466,0.9297,0.9721
1748799876.7658129,1.2171,1.1717,1.237,0.9356,0.9138,0.9181,0.985,0.9877,0.9713,0.938,0.9034,0.945,0.8999,0.9439,0.9719
1748799876.87901,1.2032,1.1817,1.2195,0.9184,0.898,0.9195,0.9778,0.9611,0.959,0.9001,0.9187,0.9735,0.9367,0.9375,0.9837
1748799876.992901,1.1846,1.1954,1.2279,0.9289,0.9251,0.9042,0.967,0.9284,0.9934,0.8929,0.8993,0.9558,0.9074,0.8983,0.9764
1748799877.1050408,1.2074,1.1862,1.2512,0.9431,0.8964,0.9222,0.9732,0.9445,0.9697,0.9004,0.8913,0.9547,0.9351,0.9206,0.9815
1748799877.2181041,1.1843,1.1927,1.2163,0.9421,0.912,0.8996,1.0079,0.96,1.0009,0.8894,0.912,0.945,0.9206,0.9155,0.9821
1748799877.3308952,1.216,1.1739,1.2308,0.9463,0.9066,0.9222,1.0081,0.9673,0.9652,0.8897,0.8972,0.9735,0.9351,0.9241,1.0076
1748799877.4442282,1.2383,1.1827,1.2281,0.9163,0.9165,0.9187,1.0003,0.9566,0.9525,0.9474,0.9085,0.9791,0.9485,0.9375,0.9635
