timestamp,R0C0,R0C1,R0C2,R1C0,R1C1,R1C2,R2C0,R2C1,R2C2,R3C0,R3C1,R3C2,R4C0,R4C1,R4C2
1748798401.2048142,1.9983,1.9529,1.9932,1.4221,1.334,1.2776,1.6383,1.4742,1.4433,1.4207,1.2663,1.5704,1.4503,1.2496,1.5975
1748798401.290737,1.9972,1.9448,2.0117,1.4468,1.309,1.2773,1.6249,1.4734,1.414,1.4328,1.2657,1.5908,1.4903,1.2539,1.6219
1748798401.403914,2.0249,1.9744,2.0482,1.4884,1.3657,1.3281,1.7047,1.558,1.5542,1.472,1.2832,1.6125,1.4699,1.2588,1.6316
1748798401.516643,2.0364,2.0055,2.0891,1.4468,1.3772,1.3383,1.7286,1.5499,1.6061,1.4256,1.2853,1.6609,1.4296,1.2526,1.6703
1748798401.630423,1.9983,1.966,2.0506,1.4041,1.3404,1.2878,1.6399,1.5199,1.5752,1.3958,1.2972,1.6136,1.3829,1.2518,1.6211
1748798401.7427971,1.977,1.947,2.0391,1.3528,1.3106,1.2816,1.6335,1.4847,1.547,1.3692,1.2864,1.5892,1.3595,1.2504,1.5789
1748798401.855734,1.9781,1.9222,2.0152,1.3606,1.2974,1.2633,1.62,1.5,1.5507,1.3958,1.2606,1.6037,1.3729,1.2238,1.6018
1748798401.968588,1.9765,1.9287,1.9762,1.3592,1.3084,1.2421,1.6273,1.4602,1.5053,1.3705,1.2311,1.5644,1.4011,1.222,1.6018
1748798402.081565,1.9719,1.9429,2.0203,1.3571,1.2776,1.2469,1.5972,1.4503,1.4739,1.3796,1.2324,1.5687,1.389,1.2472,1.5765
1748798402.1949198,1.9983,1.9322,2.0042,1.3834,1.2789,1.2217,1.6192,1.4618,1.4769,1.4035,1.2537,1.5489,1.4129,1.2042,1.5857
1748798402.307594,1.994,1.9365,2.0087,1.4342,1.3009,1.237,1.6638,1.4602,1.4702,1.4538,1.2499,1.5741,1.4589,1.2461,1.6106
1748798402.42106,2.0077,1.9378,1.9964,1.432,1.2899,1.2217,1.6206,1.4737,1.4315,1.4411,1.2612,1.5679,1.4605,1.2442,1.5553
1748798402.535862,1.9744,1.8981,1.9827,1.3971,1.2609,1.2185,1.6012,1.4272,1.4218,1.4264,1.2547,1.536,1.4516,1.1964,1.5601
1748798402.6467588,1.9472,1.8957,1.9784,1.3689,1.2445,1.2126,1.5757,1.4076,1.3963,1.3952,1.2327,1.5129,1.4035,1.2096,1.5489
1748798402.759572,1.9462,1.868,1.9607,1.3361,1.259,1.1733,1.5462,1.4035,1.3643,1.3799,1.2305,1.5075,1.3842,1.2236,1.5381
1748798402.8726668,1.9271,1.8873,1.9625,1.3369,1.233,1.1959,1.5475,1.3949,1.3826,1.3651,1.2018,1.4994,1.3735,1.1908,1.5354
1748798402.9859672,1.9271,1.8613,1.951,1.3474,1.2354,1.1989,1.5601,1.3941,1.3415,1.3681,1.2099,1.4976,1.3555,1.2088,1.497
1748798403.099645,1.9319,1.8637,1.9655,1.3635,1.2684,1.2042,1.5704,1.4154,1.3743,1.4159,1.2163,1.5113,1.4296,1.2311,1.5421
1748798403.211713,1.9515,1.8803,1.9615,1.3982,1.2518,1.1905,1.608,1.41,1.367,1.4213,1.2311,1.5314,1.46,1.2305,1.5725
1748798403.32463,1.9537,1.8795,1.9762,1.3686,1.2579,1.223,1.5924,1.4213,1.3528,1.4425,1.2472,1.5233,1.4328,1.2303,1.5561
1748798403.437721,1.9359,1.8726,1.9526,1.3853,1.2792,1.1962,1.5838,1.4172,1.3756,1.3915,1.2107,1.555,1.4245,1.2268,1.5564
1748798403.550803,1.9405,1.8497,1.9287,1.3737,1.2528,1.2093,1.5926,1.3858,1.3595,1.3923,1.2547,1.5201,1.4046,1.1967,1.5142
1748798403.663693,1.9429,1.8513,1.9445,1.3316,1.2545,1.1937,1.5384,1.3837,1.3657,1.3815,1.2394,1.4951,1.3847,1.1905,1.5317
1748798403.776631,1.9427,1.8583,1.9432,1.3726,1.2558,1.1792,1.5513,1.3576,1.3506,1.4167,1.2421,1.5166,1.4476,1.2034,1.5252
1748798403.889672,1.9636,1.8873,1.9376,1.3474,1.2163,1.1956,1.5596,1.3979,1.3444,1.4403,1.204,1.5293,1.4245,1.2107,1.5381
1748798404.0029042,1.9655,1.8742,1.9502,1.3842,1.2762,1.1905,1.5824,1.3847,1.3651,1.4355,1.2327,1.54,1.4258,1.2343,1.5516
1748798404.116683,1.9437,1.8841,1.944,1.3662,1.2375,1.172,1.583,1.3721,1.36,1.4111,1.2088,1.4951,1.421,1.2136,1.533
1748798404.228642,1.9137,1.8715,1.9413,1.3735,1.2413,1.2074,1.5698,1.3955,1.3748,1.418,1.2109,1.5199,1.4119,1.1956,1.5327
1748798404.3419058,1.9679,1.8975,1.9846,1.424,1.2725,1.2123,1.6405,1.4393,1.3705,1.497,1.2604,1.5368,1.4672,1.2155,1.5741
1748798404.4546309,1.9676,1.901,1.9921,1.4559,1.2784,1.2389,1.6166,1.3949,1.3705,1.4839,1.234,1.5671,1.522,1.2209,1.5687
1748798404.573174,2.0348,1.944,2.0098,1.4559,1.3033,1.2093,1.6469,1.4022,1.3882,1.5545,1.2539,1.5583,1.5591,1.2297,1.5714
1748798404.680703,2.0039,1.9147,1.9929,1.4608,1.3039,1.2064,1.6421,1.4105,1.3624,1.5387,1.2692,1.5421,1.5397,1.2579,1.5647
1748798404.793706,1.9752,1.8919,1.9983,1.4715,1.2824,1.2297,1.6139,1.3979,1.3576,1.5258,1.2832,1.5577,1.5279,1.2263,1.5473
1748798404.9069152,2.0007,1.9196,1.9821,1.4723,1.2757,1.1972,1.6504,1.4019,1.3716,1.5182,1.248,1.5599,1.5099,1.2246,1.5768
1748798405.02098,1.9996,1.9295,1.9907,1.4352,1.2703,1.2042,1.609,1.389,1.3455,1.5002,1.2797,1.525,1.4753,1.2319,1.5333
1748798405.132875,2.0061,1.9064,1.9754,1.4425,1.2663,1.2123,1.6069,1.3917,1.3329,1.4699,1.2574,1.525,1.5019,1.2249,1.5217
1748798405.245644,1.9883,1.9034,1.9953,1.4903,1.2545,1.2236,1.6133,1.3745,1.3528,1.5411,1.2617,1.5379,1.5322,1.2182,1.5588
1748798405.358677,2.0423,1.93,2.0071,1.5021,1.2824,1.1989,1.6582,1.3923,1.3506,1.5596,1.269,1.5709,1.5728,1.255,1.5926
1748798405.474144,2.0762,1.9881,2.0595,1.4836,1.2929,1.2107,1.6617,1.3917,1.3267,1.5601,1.2719,1.5435,1.5832,1.2292,1.5806
1748798405.584813,2.0034,1.9274,1.9832,1.4742,1.2929,1.1954,1.6104,1.3718,1.3066,1.5078,1.2445,1.5268,1.558,1.24,1.561
1748798405.6977339,1.9985,1.9158,2.0012,1.4446,1.2722,1.183,1.5988,1.3455,1.3205,1.5236,1.2735,1.5188,1.5094,1.2209,1.5601
1748798405.810706,1.9945,1.8876,1.965,1.4428,1.2725,1.1878,1.6144,1.3557,1.3356,1.5147,1.2464,1.5188,1.493,1.2343,1.5553
1748798405.925292,1.9862,1.922,1.9803,1.4261,1.2687,1.1631,1.5803,1.3579,1.2972,1.5107,1.2357,1.5196,1.529,1.2112,1.5344
1748798406.036816,1.9701,1.9013,1.9862,1.4103,1.2695,1.1841,1.5706,1.3514,1.2999,1.4876,1.2526,1.5064,1.4916,1.2101,1.5344
1748798406.1497548,1.9741,1.8693,1.9838,1.4269,1.2593,1.1629,1.5967,1.3528,1.3058,1.4935,1.2408,1.5027,1.5153,1.241,1.5384
1748798406.262805,1.987,1.9048,1.9698,1.4191,1.2762,1.205,1.6187,1.3869,1.3033,1.5161,1.24,1.5357,1.572,1.2308,1.5819
1748798406.3818161,1.9926,1.8854,1.9714,1.4908,1.2735,1.1991,1.6429,1.3799,1.3136,1.5709,1.2518,1.561,1.6316,1.2759,1.5996
1748798406.4889002,2.0106,1.894,1.9561,1.489,1.2778,1.2158,1.6163,1.3958,1.3205,1.5709,1.2896,1.5247,1.6031,1.2792,1.5709
1748798406.6017559,1.9545,1.8809,1.9599,1.4489,1.2819,1.1948,1.6203,1.353,1.2961,1.5322,1.2528,1.5217,1.5744,1.2894,1.5679
1748798406.714983,1.9607,1.8922,1.9263,1.4218,1.2649,1.1873,1.5859,1.3482,1.3012,1.5212,1.2512,1.4935,1.5395,1.2598,1.5851
1748798406.8319292,1.9572,1.8683,1.9437,1.4315,1.2453,1.1715,1.5889,1.338,1.2939,1.5199,1.2719,1.5043,1.5491,1.2265,1.5338
1748798406.941188,1.9427,1.8973,1.9381,1.41,1.2373,1.1774,1.5741,1.3455,1.2977,1.5298,1.2472,1.5255,1.5239,1.2461,1.5529
1748798407.053867,1.965,1.8521,1.9384,1.4328,1.2348,1.183,1.5924,1.3759,1.2837,1.5,1.2467,1.4946,1.5134,1.2636,1.5473
1748798407.1667168,1.955,1.875,1.9405,1.4197,1.2617,1.1806,1.5926,1.345,1.2598,1.518,1.2706,1.5142,1.5287,1.2295,1.5322
1748798407.284757,1.9582,1.8602,1.915,1.3874,1.23,1.1709,1.5803,1.3238,1.2735,1.5156,1.2531,1.4788,1.4984,1.2453,1.5451
1748798407.393076,1.9357,1.8597,1.9542,1.4326,1.2459,1.1827,1.5768,1.3299,1.2665,1.4965,1.2488,1.4981,1.4968,1.2741,1.5107
1748798407.505911,1.9642,1.8715,1.9357,1.4025,1.2332,1.1881,1.5752,1.3385,1.266,1.4887,1.2327,1.5067,1.5314,1.2451,1.5513
1748798407.618901,1.9483,1.8623,1.9475,1.4078,1.2424,1.1792,1.5642,1.3238,1.2762,1.4822,1.2649,1.4704,1.5247,1.2418,1.5379
1748798407.739748,1.9561,1.8591,1.9397,1.418,1.2292,1.1457,1.561,1.3533,1.2872,1.4758,1.2553,1.4793,1.5016,1.2362,1.4978
1748798407.8448079,1.9599,1.8575,1.9118,1.3853,1.2507,1.1588,1.5583,1.3313,1.2722,1.4825,1.241,1.5029,1.508,1.2362,1.5268
1748798407.957956,1.9427,1.8693,1.9424,1.3925,1.2343,1.1516,1.5626,1.3101,1.2751,1.4785,1.2499,1.4737,1.4994,1.2257,1.5201
1748798408.0708742,1.94,1.8527,1.9265,1.3995,1.2206,1.1655,1.5655,1.3286,1.2644,1.479,1.255,1.4796,1.4962,1.2391,1.5279
1748798408.19067,1.937,1.8328,1.9394,1.3807,1.234,1.18,1.5634,1.3447,1.252,1.4989,1.2391,1.4914,1.4857,1.2359,1.5271
1748798408.29744,1.9346,1.8634,1.9104,1.4003,1.2263,1.1484,1.5456,1.3461,1.2604,1.4833,1.2432,1.4793,1.5075,1.2343,1.537
1748798408.4098089,1.9488,1.8787,1.9386,1.4054,1.1991,1.1588,1.5701,1.313,1.2467,1.5067,1.2604,1.4798,1.5056,1.2502,1.5231
1748798408.523115,1.9625,1.8728,1.9384,1.3678,1.2198,1.1709,1.5747,1.3254,1.2547,1.4847,1.2459,1.4874,1.4833,1.2507,1.5319
1748798408.6373172,1.9792,1.8943,1.9607,1.4006,1.223,1.186,1.562,1.3678,1.2835,1.468,1.2622,1.5086,1.5145,1.2238,1.5529
1748798408.749578,1.9644,1.8632,1.9684,1.3896,1.2166,1.1803,1.5819,1.3587,1.2891,1.486,1.2271,1.4777,1.4962,1.237,1.5333
1748798408.861802,1.9639,1.8914,1.9462,1.3826,1.2185,1.1647,1.5798,1.3495,1.3044,1.461,1.2174,1.4857,1.4519,1.2128,1.5185
1748798408.974981,1.9298,1.8685,1.9413,1.3764,1.2279,1.1895,1.5483,1.3482,1.2945,1.4274,1.2209,1.4578,1.4581,1.1956,1.5172
1748798409.088073,1.9104,1.8567,1.9325,1.3678,1.2083,1.1564,1.5126,1.3195,1.2878,1.4127,1.2045,1.4868,1.4291,1.2096,1.486
1748798409.202724,1.9303,1.8683,1.9271,1.359,1.1948,1.179,1.5215,1.3025,1.2931,1.4339,1.2206,1.4581,1.4342,1.1849,1.4935
1748798409.313828,1.9196,1.8285,1.9182,1.3721,1.2147,1.1639,1.5314,1.3149,1.2966,1.4089,1.2273,1.475,1.4374,1.2378,1.4857
1748798409.427528,1.9381,1.8564,1.9359,1.3541,1.1943,1.1674,1.5174,1.3283,1.2778,1.4084,1.2185,1.4763,1.4508,1.1997,1.5043
1748798409.539815,1.9311,1.8529,1.9171,1.3786,1.2101,1.1669,1.5413,1.3189,1.2743,1.4086,1.2131,1.4452,1.4352,1.1809,1.5005
1748798409.653322,1.9247,1.8371,1.9163,1.3541,1.2343,1.1704,1.5497,1.3439,1.3023,1.4092,1.2249,1.4822,1.4086,1.2217,1.493
1748798409.765957,1.93,1.8492,1.9112,1.363,1.2101,1.158,1.5473,1.3342,1.2663,1.3949,1.1983,1.4637,1.403,1.2005,1.4892
1748798409.878838,1.919,1.8374,1.8948,1.3469,1.2085,1.1548,1.522,1.3082,1.2523,1.406,1.1959,1.4694,1.406,1.2026,1.486
1748798409.9925609,1.9069,1.857,1.9319,1.353,1.1911,1.1459,1.5387,1.3179,1.2738,1.3944,1.2348,1.4688,1.389,1.2053,1.4798
1748798410.1049972,1.929,1.839,1.9171,1.3557,1.2037,1.1363,1.5263,1.3095,1.27,1.4111,1.2158,1.4699,1.4121,1.1776,1.4602
1748798410.218024,1.9155,1.8427,1.9179,1.3643,1.2193,1.1328,1.536,1.317,1.2915,1.3992,1.2021,1.4487,1.4033,1.1897,1.4976
1748798410.330909,1.9161,1.8333,1.9429,1.37,1.2115,1.1583,1.565,1.349,1.2939,1.4269,1.2319,1.4535,1.4366,1.1997,1.4825
1748798410.448312,1.9018,1.85,1.9139,1.3649,1.1935,1.1701,1.5352,1.3482,1.2569,1.4127,1.1937,1.471,1.4406,1.198,1.4935
1748798410.5570712,1.9056,1.8344,1.9085,1.3571,1.2112,1.1406,1.5483,1.3329,1.2708,1.4159,1.2182,1.461,1.4242,1.2045,1.5099
1748798410.669993,1.9107,1.8605,1.8967,1.3702,1.222,1.1438,1.5333,1.3149,1.2555,1.414,1.2185,1.4613,1.4382,1.2144,1.4949
1748798410.782938,1.93,1.8333,1.9365,1.363,1.1852,1.1414,1.5532,1.3232,1.2668,1.4027,1.2295,1.4449,1.4347,1.2096,1.5086
1748798410.895844,1.9045,1.8591,1.9349,1.3318,1.1908,1.1553,1.5242,1.3235,1.2305,1.3917,1.2096,1.4514,1.4127,1.2166,1.5086
1748798411.0088918,1.9222,1.8793,1.9502,1.3708,1.1932,1.1653,1.5381,1.3275,1.2749,1.4025,1.2088,1.4454,1.4417,1.2058,1.5019
1748798411.122268,1.93,1.8884,1.9311,1.3735,1.2045,1.1424,1.5604,1.3735,1.2902,1.4,1.2144,1.4578,1.4175,1.198,1.4863
1748798411.234825,1.9327,1.8462,1.9161,1.3479,1.1846,1.1809,1.5408,1.331,1.2883,1.3861,1.2032,1.4358,1.4229,1.1895,1.4887
1748798411.353754,1.9008,1.8282,1.9077,1.3251,1.1975,1.1596,1.5185,1.324,1.2542,1.3982,1.1733,1.4463,1.3974,1.2042,1.4621
1748798411.46109,1.8981,1.8406,1.8935,1.3187,1.1698,1.1518,1.4788,1.3028,1.2606,1.3952,1.2088,1.4425,1.3675,1.2023,1.4745
1748798411.5740218,1.9102,1.8067,1.8978,1.3415,1.1835,1.1725,1.5228,1.3192,1.2279,1.4033,1.216,1.4476,1.4366,1.1911,1.5048
1748798411.6869252,1.9392,1.8395,1.9077,1.4253,1.2214,1.1543,1.5634,1.352,1.2631,1.4712,1.2007,1.4618,1.471,1.2147,1.5156
1748798411.8000169,1.9316,1.8215,1.8919,1.4191,1.2096,1.1475,1.5682,1.3444,1.2641,1.4315,1.2091,1.4527,1.4522,1.1814,1.4613
1748798411.913033,1.9212,1.8094,1.8795,1.3759,1.2088,1.1521,1.5553,1.3136,1.2571,1.4436,1.204,1.4548,1.4522,1.1862,1.464
1748798412.0260081,1.8865,1.7989,1.8884,1.3872,1.1913,1.1524,1.5115,1.2969,1.2252,1.3912,1.2244,1.4261,1.4095,1.1975,1.4704
1748798412.138905,1.8959,1.8129,1.8922,1.3606,1.1983,1.1376,1.5268,1.2931,1.2314,1.3915,1.2007,1.41,1.4046,1.2271,1.4634
1748798412.2522838,1.8731,1.8143,1.8852,1.3412,1.2007,1.1347,1.5169,1.2835,1.2083,1.4194,1.1911,1.4234,1.439,1.1886,1.446
1748798412.370912,1.8736,1.7938,1.8594,1.3587,1.1929,1.1322,1.5019,1.2894,1.223,1.4124,1.1983,1.4403,1.4113,1.1905,1.4922
1748798412.4780009,1.8755,1.8207,1.8989,1.3482,1.1841,1.1285,1.5072,1.2851,1.2152,1.3952,1.2136,1.4326,1.4057,1.183,1.4648
1748798412.590976,1.8688,1.828,1.8892,1.335,1.1819,1.1328,1.5153,1.2843,1.2034,1.4049,1.1994,1.4352,1.4202,1.169,1.4527
1748798412.7041438,1.8954,1.7863,1.8811,1.3764,1.186,1.1293,1.5438,1.3004,1.2335,1.4317,1.2064,1.4291,1.4374,1.2018,1.4527
1748798412.8220081,1.9126,1.8105,1.8696,1.3721,1.1752,1.1435,1.5569,1.2972,1.244,1.4473,1.2171,1.464,1.4879,1.198,1.4997
1748798412.9304252,1.9102,1.821,1.8905,1.4092,1.2064,1.1513,1.5569,1.3264,1.2074,1.5035,1.1986,1.4629,1.5209,1.2048,1.5051
1748798413.042944,1.9292,1.81,1.8809,1.4508,1.2147,1.1556,1.5905,1.3289,1.2475,1.5368,1.2448,1.4876,1.5424,1.2566,1.5223
1748798413.156214,1.9228,1.8255,1.8811,1.45,1.2198,1.1478,1.6063,1.3485,1.2682,1.5499,1.2515,1.5096,1.5967,1.2947,1.58
1748798413.269394,1.9161,1.8046,1.8911,1.4237,1.2139,1.1623,1.6074,1.3576,1.2459,1.5368,1.2518,1.4976,1.6128,1.3334,1.5953
1748798413.382078,1.9376,1.857,1.9026,1.4726,1.2273,1.1747,1.6386,1.378,1.2829,1.5647,1.3009,1.5233,1.6499,1.3686,1.6448
1748798413.4950268,1.922,1.8376,1.9155,1.4597,1.2244,1.1639,1.6372,1.3606,1.2537,1.6012,1.3015,1.5516,1.6603,1.3904,1.6337
1748798413.608054,1.9292,1.8304,1.9123,1.4371,1.2123,1.1583,1.6096,1.371,1.2719,1.5593,1.2563,1.5126,1.6641,1.3675,1.6039
1748798413.725162,1.9147,1.8041,1.9075,1.4172,1.2152,1.1543,1.6066,1.3477,1.2405,1.5502,1.2716,1.5129,1.6152,1.3267,1.5878
1748798413.833781,1.9427,1.8167,1.8922,1.4234,1.2142,1.1435,1.5822,1.3455,1.2523,1.5327,1.2464,1.4766,1.6002,1.3434,1.5873
1748798413.947017,1.9107,1.807,1.8836,1.4256,1.198,1.1513,1.5926,1.302,1.2367,1.5212,1.2467,1.4814,1.5607,1.3165,1.5827
1748798414.06001,1.8884,1.8081,1.8828,1.399,1.2134,1.1486,1.5738,1.3181,1.241,1.5142,1.2534,1.5002,1.5875,1.3213,1.5505
1748798414.173269,1.9214,1.8153,1.8914,1.4175,1.2236,1.1518,1.5999,1.342,1.2515,1.537,1.2612,1.5045,1.5878,1.3074,1.5728
1748798414.286442,1.929,1.8011,1.8699,1.4242,1.2136,1.1368,1.5921,1.3364,1.2367,1.5489,1.2741,1.5188,1.5642,1.3071,1.5634
1748798414.398956,1.8857,1.8175,1.8594,1.3896,1.2053,1.1352,1.5878,1.3275,1.2314,1.5051,1.2609,1.4777,1.5583,1.2953,1.5545
1748798414.51223,1.9126,1.8175,1.8771,1.4186,1.205,1.1309,1.5636,1.3318,1.2485,1.5019,1.2434,1.4801,1.5725,1.3181,1.5655
1748798414.628164,1.9287,1.8255,1.9085,1.4043,1.1876,1.1457,1.5755,1.3109,1.2456,1.5024,1.2588,1.4669,1.562,1.2929,1.5553
1748798414.7384288,1.8927,1.7973,1.8983,1.3802,1.2206,1.1446,1.5575,1.3267,1.2421,1.5083,1.2332,1.4906,1.5373,1.2899,1.5618
1748798414.851042,1.8935,1.818,1.8973,1.3737,1.1935,1.1441,1.5583,1.3332,1.2104,1.4876,1.2187,1.4554,1.5161,1.2961,1.5346
1748798414.9640908,1.9131,1.7998,1.8801,1.3778,1.1964,1.1432,1.5596,1.3246,1.2142,1.4734,1.2464,1.4712,1.5338,1.2862,1.5266
1748798415.0773041,1.9222,1.8102,1.8951,1.3775,1.212,1.1685,1.547,1.324,1.2365,1.472,1.2408,1.4696,1.5121,1.2902,1.522
1748798415.191421,1.8903,1.8304,1.9021,1.3702,1.1929,1.1236,1.5405,1.3305,1.2284,1.4874,1.2434,1.4578,1.5207,1.277,1.5424
1748798415.3030841,1.9002,1.8263,1.883,1.3877,1.2096,1.1457,1.5516,1.3165,1.2437,1.4968,1.2187,1.475,1.5174,1.2896,1.5499
1748798415.416057,1.911,1.8194,1.8922,1.3925,1.197,1.1599,1.5537,1.3334,1.2139,1.4659,1.2305,1.4514,1.5212,1.2561,1.5397
1748798415.529064,1.8868,1.8006,1.8948,1.3678,1.1927,1.1548,1.5306,1.3329,1.2308,1.4436,1.215,1.4648,1.4951,1.2418,1.519
1748798415.646413,1.897,1.7936,1.8742,1.3573,1.1886,1.147,1.5258,1.3302,1.2351,1.4301,1.19,1.4543,1.4903,1.2636,1.5027
1748798415.7549949,1.8793,1.8097,1.894,1.3504,1.1913,1.1373,1.5368,1.3286,1.2743,1.4363,1.2295,1.4511,1.4704,1.2574,1.4994
1748798415.868096,1.8755,1.8057,1.8914,1.363,1.2026,1.1621,1.558,1.3042,1.2424,1.4197,1.2357,1.4702,1.4976,1.2494,1.5427
1748798415.981021,1.8924,1.8084,1.8701,1.3477,1.1964,1.165,1.5483,1.3391,1.2531,1.4089,1.2303,1.4616,1.4629,1.2695,1.5035
1748798416.094466,1.8951,1.8153,1.8787,1.3474,1.1655,1.1518,1.5145,1.3149,1.2402,1.4296,1.2177,1.4371,1.4449,1.2512,1.5145
1748798416.209175,1.89,1.7973,1.8742,1.3318,1.201,1.1389,1.5319,1.2985,1.2314,1.4261,1.2112,1.4371,1.4656,1.2679,1.5311
1748798416.320193,1.9056,1.7968,1.8795,1.3557,1.1932,1.1373,1.5223,1.3138,1.2397,1.4497,1.219,1.4352,1.4597,1.2324,1.4908
1748798416.433113,1.9016,1.8161,1.9075,1.3632,1.1999,1.1183,1.5569,1.3082,1.2311,1.4414,1.2109,1.4621,1.4973,1.2171,1.4938
1748798416.546245,1.8991,1.8126,1.9013,1.3606,1.1849,1.1371,1.5352,1.3036,1.2574,1.435,1.2037,1.471,1.4879,1.2442,1.5164
1748798416.659934,1.9255,1.8178,1.8632,1.3627,1.1838,1.1424,1.5301,1.3232,1.2459,1.428,1.2236,1.4363,1.4798,1.2281,1.486
1748798416.772114,1.9045,1.8164,1.882,1.3482,1.1811,1.1255,1.5368,1.2964,1.2168,1.4301,1.1916,1.4559,1.4597,1.2228,1.4825
1748798416.8851478,1.9085,1.8089,1.883,1.3708,1.1924,1.1822,1.5411,1.3109,1.2472,1.4473,1.2171,1.443,1.472,1.2093,1.5236
1748798416.998144,1.9059,1.8403,1.9026,1.3622,1.1937,1.1852,1.5693,1.3493,1.2977,1.414,1.2023,1.511,1.4613,1.2413,1.5306
1748798417.114604,1.9249,1.8333,1.9064,1.3536,1.1989,1.1849,1.5725,1.3649,1.3074,1.4081,1.2074,1.4946,1.4312,1.1924,1.5333
1748798417.224273,1.9145,1.8339,1.9142,1.3821,1.212,1.1663,1.5951,1.3608,1.2966,1.4307,1.2166,1.489,1.4484,1.204,1.5129
1748798417.33727,1.9212,1.8564,1.9225,1.3829,1.2053,1.1782,1.576,1.3418,1.3213,1.4269,1.216,1.4849,1.45,1.1999,1.5456
1748798417.45016,1.9126,1.8693,1.9048,1.3974,1.1956,1.1905,1.5959,1.3563,1.3259,1.4223,1.2195,1.4919,1.4387,1.2281,1.5177
1748798417.566693,1.9298,1.854,1.9042,1.3563,1.1951,1.1758,1.5781,1.371,1.3436,1.4009,1.2048,1.4731,1.4137,1.2128,1.5145
1748798417.676457,1.904,1.8591,1.9362,1.3673,1.179,1.1583,1.5373,1.3493,1.2942,1.3968,1.2268,1.4742,1.4307,1.2343,1.5032
1748798417.7890618,1.9016,1.829,1.9214,1.3442,1.2005,1.1655,1.5357,1.342,1.2977,1.3764,1.1967,1.4583,1.417,1.2316,1.5182
1748798417.9026182,1.8946,1.803,1.8828,1.3302,1.1817,1.1564,1.5096,1.3033,1.2716,1.3673,1.2112,1.4702,1.4081,1.2088,1.4916
1748798418.01617,1.9193,1.8118,1.8734,1.3485,1.1913,1.1741,1.5287,1.3275,1.2808,1.3896,1.1951,1.4484,1.4269,1.2322,1.4992
1748798418.128043,1.9034,1.8075,1.8965,1.338,1.2018,1.1344,1.5443,1.3224,1.287,1.4049,1.2032,1.4444,1.424,1.2222,1.4876
1748798418.241184,1.8854,1.7944,1.8879,1.3144,1.1731,1.169,1.5161,1.3103,1.2722,1.4033,1.216,1.4395,1.4092,1.1997,1.4895
1748798418.354225,1.8997,1.8038,1.8833,1.3106,1.1682,1.1545,1.4949,1.3098,1.2507,1.3748,1.2117,1.4317,1.4,1.2053,1.4968
1748798418.469758,1.8838,1.7965,1.8951,1.3345,1.1612,1.1395,1.5086,1.3007,1.2647,1.3764,1.2166,1.4573,1.3933,1.2093,1.5019
1748798418.580117,1.8798,1.8051,1.882,1.3345,1.1782,1.1363,1.5091,1.3101,1.273,1.3724,1.1889,1.4444,1.3925,1.1889,1.4895
1748798418.69311,1.8846,1.8003,1.876,1.2931,1.147,1.1231,1.4852,1.3101,1.2437,1.3702,1.1876,1.4403,1.3987,1.2152,1.4981
1748798418.8061068,1.8699,1.8102,1.8554,1.3119,1.1852,1.15,1.4949,1.2851,1.2456,1.3764,1.1873,1.4591,1.3807,1.208,1.479
1748798418.9219751,1.8857,1.7992,1.8594,1.3009,1.1849,1.1572,1.5016,1.3007,1.2523,1.3316,1.1763,1.4172,1.3506,1.2077,1.4562
1748798419.032764,1.8688,1.7992,1.8758,1.3286,1.1833,1.1295,1.4804,1.2999,1.2491,1.3361,1.2037,1.4417,1.3995,1.198,1.4739
1748798419.145472,1.8607,1.8019,1.8752,1.2851,1.1822,1.1355,1.482,1.3157,1.2614,1.3665,1.2203,1.4256,1.3555,1.1943,1.4675
1748798419.258378,1.8575,1.7947,1.8709,1.3109,1.1857,1.1578,1.497,1.2953,1.251,1.3702,1.187,1.4355,1.3906,1.1747,1.4852
1748798419.373024,1.8755,1.8089,1.8677,1.3031,1.1795,1.1212,1.4753,1.2956,1.2563,1.3667,1.2104,1.4516,1.3791,1.204,1.4573
1748798419.484262,1.8446,1.799,1.8575,1.2862,1.1774,1.1583,1.4755,1.2985,1.2574,1.3565,1.2021,1.4078,1.4022,1.2045,1.4618
1748798419.597238,1.8704,1.7871,1.875,1.2934,1.1602,1.1516,1.475,1.3079,1.2421,1.3681,1.1989,1.4323,1.3761,1.2037,1.4699
1748798419.710295,1.8642,1.7914,1.8519,1.3047,1.1929,1.1553,1.4761,1.3031,1.2391,1.3401,1.1835,1.4116,1.3659,1.2211,1.4557
1748798419.8258219,1.8513,1.8065,1.8755,1.3168,1.1706,1.1529,1.5045,1.3101,1.252,1.3692,1.1886,1.4355,1.3667,1.1924,1.4591
1748798419.936707,1.8419,1.7989,1.8811,1.3082,1.1607,1.143,1.5016,1.3042,1.2373,1.3764,1.1916,1.414,1.3767,1.2091,1.4882
1748798420.0491729,1.8632,1.7909,1.8524,1.3004,1.1639,1.1371,1.4876,1.3007,1.2598,1.3812,1.1819,1.4264,1.3761,1.1784,1.4557
1748798420.162389,1.846,1.7941,1.865,1.3122,1.1481,1.1328,1.4793,1.2996,1.2416,1.3584,1.1755,1.4266,1.3909,1.2085,1.4659
1748798420.2768362,1.8674,1.7922,1.8524,1.3221,1.1612,1.1298,1.5072,1.3176,1.2639,1.3514,1.1776,1.4484,1.4019,1.1943,1.4839
1748798420.389038,1.8924,1.8067,1.8763,1.3146,1.179,1.1508,1.4994,1.3082,1.2426,1.3547,1.2117,1.4403,1.3649,1.1897,1.4863
1748798420.501205,1.8777,1.7761,1.8763,1.3023,1.1701,1.1535,1.5067,1.3149,1.2488,1.3619,1.1857,1.4428,1.3815,1.2177,1.4578
1748798420.614175,1.8932,1.7984,1.868,1.3084,1.1599,1.1223,1.4868,1.2966,1.2461,1.3517,1.1835,1.424,1.3753,1.2037,1.4685
1748798420.727305,1.8685,1.7952,1.8589,1.2778,1.1741,1.1392,1.4814,1.2845,1.237,1.3514,1.1725,1.4189,1.381,1.1954,1.4441
1748798420.840916,1.8618,1.7804,1.8594,1.2996,1.1621,1.1285,1.4696,1.2947,1.2305,1.3353,1.1956,1.4538,1.3415,1.1956,1.4683
1748798420.953229,1.8559,1.7844,1.8529,1.2942,1.1841,1.1309,1.4822,1.2982,1.2338,1.3469,1.2002,1.4385,1.341,1.1868,1.4379
1748798421.066232,1.8535,1.7879,1.836,1.2883,1.168,1.1618,1.4704,1.3127,1.2534,1.3485,1.2107,1.4073,1.3458,1.1682,1.4656
1748798421.179209,1.8696,1.7608,1.8371,1.2711,1.1688,1.1357,1.4761,1.2743,1.2362,1.3547,1.198,1.4309,1.3614,1.1865,1.4489
1748798421.296422,1.8704,1.7834,1.8527,1.284,1.1596,1.1271,1.4884,1.2797,1.2139,1.3665,1.1886,1.4293,1.3579,1.176,1.4503
1748798421.405341,1.8395,1.792,1.8532,1.305,1.1776,1.1239,1.5,1.288,1.2499,1.3455,1.1919,1.4197,1.3654,1.1916,1.4505
1748798421.525857,1.8355,1.7724,1.8508,1.2872,1.172,1.1344,1.4497,1.2759,1.2292,1.3428,1.1919,1.425,1.3504,1.1615,1.4753
1748798421.63117,1.8551,1.7869,1.8586,1.2915,1.1494,1.1363,1.4777,1.2768,1.2434,1.3557,1.1929,1.4068,1.3673,1.1612,1.4489
1748798421.747913,1.8349,1.7613,1.8717,1.2875,1.1653,1.1373,1.4634,1.3103,1.2225,1.3702,1.1878,1.3925,1.3893,1.1792,1.4465
1748798421.8573198,1.8589,1.7963,1.8621,1.2966,1.1492,1.1132,1.4925,1.309,1.2432,1.3638,1.1972,1.4143,1.3444,1.168,1.4226
1748798421.970218,1.8567,1.7624,1.8505,1.2974,1.1717,1.1038,1.4554,1.2945,1.2365,1.3726,1.2053,1.4113,1.3501,1.1924,1.4312
1748798422.083222,1.8666,1.7863,1.858,1.2977,1.1634,1.1236,1.4788,1.3015,1.226,1.3466,1.172,1.41,1.3487,1.1806,1.4495
1748798422.1963,1.8465,1.8,1.8562,1.2719,1.1658,1.1212,1.4688,1.3012,1.2324,1.3487,1.1937,1.4151,1.3584,1.1889,1.4594
1748798422.310383,1.843,1.7955,1.8583,1.2784,1.1701,1.1298,1.4882,1.2939,1.2504,1.3358,1.2085,1.4261,1.3705,1.1841,1.4473
1748798422.422415,1.8615,1.7863,1.8798,1.2993,1.1739,1.1505,1.4522,1.295,1.2273,1.3512,1.1989,1.4317,1.3436,1.1631,1.4449
1748798422.535211,1.8699,1.7928,1.8508,1.3036,1.1532,1.1441,1.4817,1.3101,1.2649,1.3461,1.1621,1.4073,1.3657,1.1741,1.4653
1748798422.648424,1.8656,1.7828,1.8755,1.327,1.1819,1.1526,1.4626,1.2974,1.2236,1.3536,1.197,1.418,1.3407,1.1602,1.4691
1748798422.762877,1.8575,1.781,1.8578,1.3098,1.1661,1.1333,1.4648,1.2843,1.2539,1.3662,1.1655,1.4089,1.371,1.1776,1.4366
1748798422.874238,1.8594,1.7914,1.8513,1.3162,1.147,1.125,1.4957,1.2902,1.2324,1.3353,1.1803,1.4183,1.3571,1.1744,1.4788
1748798422.987168,1.8774,1.8084,1.8658,1.3023,1.1897,1.1236,1.4938,1.3127,1.2518,1.3756,1.1937,1.4245,1.37,1.1876,1.4755
1748798423.100375,1.9018,1.8395,1.9067,1.3399,1.1878,1.1408,1.4806,1.2856,1.2281,1.3826,1.1688,1.4283,1.3941,1.2005,1.4669
1748798423.218493,1.8889,1.8452,1.9018,1.3203,1.1827,1.1156,1.4761,1.3119,1.2093,1.3968,1.2018,1.4366,1.4304,1.1946,1.4562
1748798423.326344,1.9013,1.8325,1.9115,1.2966,1.1795,1.1242,1.4847,1.3009,1.2289,1.3872,1.1951,1.4191,1.3823,1.2107,1.46
1748798423.439305,1.8981,1.8121,1.879,1.3082,1.1763,1.1435,1.4753,1.2894,1.2201,1.3737,1.1688,1.4446,1.3705,1.1989,1.4548
1748798423.552311,1.8975,1.8113,1.8825,1.3149,1.1696,1.1325,1.4884,1.291,1.2211,1.3705,1.2066,1.4226,1.3576,1.2007,1.4535
1748798423.671254,1.8669,1.8102,1.8857,1.2902,1.1669,1.1255,1.482,1.2958,1.2228,1.3372,1.1889,1.4151,1.3925,1.1629,1.4583
1748798423.778333,1.8613,1.8073,1.8618,1.2958,1.1575,1.1293,1.4621,1.273,1.2182,1.3517,1.1682,1.3858,1.3834,1.2021,1.4489
1748798423.891236,1.8521,1.7887,1.8696,1.2982,1.1733,1.1231,1.4925,1.2802,1.2107,1.3377,1.1857,1.4162,1.3592,1.1669,1.4683
1748798424.0044,1.8728,1.7855,1.8854,1.2958,1.1599,1.1341,1.4822,1.2891,1.1962,1.3533,1.1749,1.3933,1.378,1.1655,1.4457
1748798424.120544,1.8707,1.7826,1.8597,1.298,1.147,1.1145,1.4659,1.2797,1.2136,1.3305,1.1892,1.4049,1.3705,1.1685,1.4234
1748798424.230741,1.8734,1.7925,1.8575,1.2875,1.1755,1.1282,1.4613,1.2921,1.2045,1.3393,1.186,1.4017,1.3565,1.1637,1.4382
1748798424.343586,1.8454,1.7855,1.8648,1.2816,1.158,1.1258,1.4573,1.2835,1.2139,1.3638,1.2074,1.4189,1.3528,1.1873,1.4261
1748798424.456414,1.8709,1.7855,1.8723,1.2757,1.1736,1.0997,1.4734,1.2899,1.2238,1.3238,1.147,1.4108,1.3649,1.1873,1.439
1748798424.570836,1.8903,1.781,1.8384,1.3111,1.1424,1.1258,1.4573,1.2921,1.2123,1.3246,1.1749,1.4052,1.3332,1.1588,1.4326
1748798424.682734,1.8642,1.7955,1.854,1.2856,1.1451,1.1347,1.4567,1.2606,1.1951,1.3493,1.1599,1.4057,1.356,1.1843,1.4414
1748798424.7956889,1.836,1.7761,1.8602,1.288,1.172,1.1118,1.435,1.2942,1.2378,1.3372,1.1913,1.421,1.3313,1.1827,1.421
1748798424.908493,1.846,1.7659,1.8419,1.3025,1.1572,1.1129,1.4559,1.2883,1.2152,1.3377,1.1739,1.4073,1.3533,1.1787,1.4411
1748798425.023137,1.8586,1.7764,1.8688,1.2612,1.1505,1.1282,1.4573,1.2759,1.1916,1.3264,1.1661,1.3987,1.3619,1.1814,1.435
1748798425.134797,1.8621,1.7979,1.8656,1.2921,1.1392,1.1142,1.4634,1.2614,1.2144,1.3369,1.1908,1.3968,1.3764,1.1929,1.4514
1748798425.247531,1.8562,1.7605,1.8425,1.2733,1.158,1.1277,1.4532,1.2851,1.2195,1.3302,1.1806,1.4156,1.317,1.1572,1.4221
1748798425.360359,1.8513,1.7772,1.8516,1.2622,1.1725,1.1365,1.4812,1.2636,1.2099,1.3512,1.1741,1.403,1.3192,1.1962,1.4355
1748798425.476084,1.843,1.793,1.8669,1.2738,1.1586,1.1105,1.4567,1.2762,1.1975,1.3469,1.1833,1.4019,1.3299,1.1819,1.41
1748798425.586844,1.8707,1.7895,1.8427,1.2759,1.1438,1.1218,1.4377,1.2859,1.2268,1.338,1.1631,1.3987,1.3525,1.1951,1.4113
1748798425.699348,1.8476,1.7831,1.8629,1.2746,1.1615,1.1158,1.468,1.2813,1.2158,1.3093,1.1908,1.3912,1.3259,1.1685,1.4299
1748798425.812381,1.858,1.7761,1.8648,1.2738,1.1578,1.1035,1.4669,1.2671,1.2305,1.3447,1.1516,1.3912,1.3192,1.1677,1.4304
1748798425.925405,1.8664,1.7879,1.861,1.2896,1.1639,1.0984,1.4283,1.266,1.2179,1.3369,1.1943,1.3939,1.3453,1.1962,1.4358
1748798426.038899,1.8621,1.771,1.8508,1.2547,1.1473,1.1124,1.4471,1.2601,1.2045,1.3353,1.1852,1.3718,1.3576,1.1709,1.4352
1748798426.151647,1.868,1.7971,1.8513,1.2797,1.1529,1.1054,1.4608,1.2786,1.222,1.334,1.1739,1.4191,1.3458,1.194,1.4127
1748798426.264447,1.8293,1.7646,1.8556,1.2883,1.1537,1.1118,1.454,1.2773,1.2126,1.3434,1.1569,1.4347,1.3528,1.1631,1.4264
1748798426.377556,1.8363,1.7855,1.8505,1.2741,1.1658,1.103,1.4613,1.2813,1.2093,1.3482,1.1682,1.3847,1.3565,1.1607,1.414
1748798426.491031,1.8384,1.7812,1.8618,1.2827,1.1424,1.1333,1.4597,1.2784,1.1989,1.345,1.1637,1.4191,1.356,1.1569,1.4025
1748798426.603842,1.8672,1.7807,1.8838,1.255,1.1371,1.1387,1.4557,1.2776,1.2193,1.3256,1.1701,1.4033,1.3485,1.1806,1.4285
1748798426.716405,1.8414,1.7683,1.8527,1.2821,1.1282,1.1086,1.4191,1.2684,1.1921,1.3213,1.1897,1.3952,1.345,1.158,1.4489
1748798426.829487,1.8586,1.7936,1.8457,1.2499,1.1545,1.1226,1.4594,1.2692,1.1892,1.3369,1.1715,1.4033,1.3289,1.1758,1.4197
1748798426.9425201,1.8409,1.7691,1.8594,1.269,1.1553,1.1137,1.4597,1.2639,1.2144,1.3369,1.1502,1.3767,1.3364,1.169,1.4436
1748798427.055669,1.8414,1.7726,1.829,1.2655,1.1623,1.096,1.4428,1.2633,1.2085,1.3238,1.1642,1.3863,1.3401,1.1607,1.4154
1748798427.168353,1.8457,1.8049,1.8685,1.2886,1.133,1.115,1.4591,1.2719,1.1991,1.3084,1.1653,1.3745,1.334,1.1709,1.4401
1748798427.28196,1.8535,1.7675,1.8548,1.2816,1.1631,1.0976,1.442,1.2725,1.2279,1.3326,1.1723,1.3958,1.3221,1.1518,1.4197
1748798427.394956,1.8339,1.7788,1.8632,1.2754,1.1618,1.1395,1.4731,1.2609,1.2134,1.3431,1.1916,1.4025,1.3541,1.179,1.4326
1748798427.507474,1.8223,1.7544,1.8462,1.24,1.1508,1.096,1.4368,1.2738,1.2107,1.334,1.1913,1.4223,1.3453,1.1518,1.4043
1748798427.6203609,1.8693,1.7565,1.8637,1.2716,1.1647,1.1054,1.45,1.2655,1.2115,1.3439,1.161,1.388,1.3238,1.1449,1.4197
1748798427.73348,1.8462,1.7659,1.8376,1.2582,1.1548,1.1244,1.4395,1.2848,1.204,1.3052,1.1803,1.3966,1.3466,1.18,1.4186
1748798427.8490748,1.8535,1.7651,1.8543,1.2434,1.161,1.0995,1.4309,1.2496,1.2072,1.3275,1.1833,1.3971,1.3393,1.1784,1.4398
1748798427.95946,1.8492,1.7662,1.832,1.2738,1.1494,1.1285,1.4355,1.2394,1.212,1.3291,1.1733,1.4025,1.309,1.1838,1.4301
1748798428.072392,1.8562,1.7707,1.8417,1.2792,1.158,1.1357,1.4634,1.2824,1.1975,1.3205,1.2037,1.3812,1.3316,1.1548,1.4296
1748798428.185527,1.8352,1.7619,1.8427,1.2663,1.1347,1.1067,1.4368,1.2499,1.1978,1.3313,1.1639,1.3812,1.3044,1.187,1.4043
1748798428.300844,1.8484,1.7691,1.8392,1.2864,1.1535,1.1261,1.4586,1.237,1.1948,1.3243,1.1873,1.3845,1.3267,1.1419,1.4156
1748798428.411519,1.8441,1.7576,1.8341,1.2816,1.132,1.1204,1.4411,1.2676,1.2198,1.3289,1.1529,1.396,1.3324,1.1561,1.3888
1748798428.5243971,1.8417,1.7621,1.8462,1.2687,1.1661,1.1199,1.4602,1.277,1.2061,1.3283,1.1806,1.3992,1.3179,1.1548,1.4151
1748798428.637459,1.8564,1.7463,1.8446,1.2649,1.1548,1.1223,1.4651,1.2308,1.1857,1.3332,1.19,1.4129,1.3506,1.1806,1.4207
1748798428.75169,1.8476,1.7879,1.8645,1.255,1.1478,1.1051,1.4178,1.2432,1.2061,1.3205,1.1905,1.3923,1.32,1.1559,1.4215
1748798428.863935,1.839,1.782,1.825,1.2647,1.1626,1.129,1.4242,1.255,1.2072,1.3138,1.1787,1.3794,1.3385,1.1666,1.4277
1748798428.976393,1.8554,1.7613,1.8505,1.2805,1.1543,1.1124,1.4328,1.2445,1.2056,1.334,1.1787,1.3788,1.3189,1.1717,1.4215
1748798429.089586,1.839,1.7568,1.8516,1.2566,1.1379,1.1322,1.4334,1.2923,1.2144,1.2993,1.1741,1.3855,1.3407,1.1661,1.4135
1748798429.2084632,1.8438,1.774,1.8374,1.2424,1.1389,1.1277,1.4221,1.2811,1.2109,1.3453,1.186,1.3906,1.3485,1.1567,1.3976
1748798429.315401,1.8414,1.7643,1.8495,1.2679,1.1537,1.1271,1.4116,1.244,1.2279,1.3286,1.1857,1.3906,1.3213,1.1766,1.4073
1748798429.428691,1.8186,1.7734,1.8417,1.2569,1.1271,1.1083,1.4347,1.2451,1.1978,1.3525,1.1749,1.4052,1.3329,1.172,1.4395
1748798429.54127,1.8586,1.7697,1.8355,1.2456,1.1177,1.1185,1.4398,1.2416,1.2112,1.3364,1.1682,1.3759,1.3401,1.1706,1.4422
1748798429.6544151,1.847,1.763,1.8352,1.2614,1.1451,1.121,1.4274,1.2523,1.1999,1.3385,1.158,1.3909,1.3294,1.1416,1.4105
1748798429.770112,1.8245,1.7608,1.846,1.2811,1.1446,1.1024,1.4175,1.2531,1.208,1.3396,1.1763,1.3904,1.3109,1.1475,1.432
1748798429.8803961,1.8438,1.7761,1.8355,1.2781,1.1449,1.0997,1.4581,1.2547,1.2131,1.3536,1.1817,1.4218,1.3474,1.1642,1.4129
1748798429.9934342,1.8403,1.764,1.8395,1.2475,1.1647,1.118,1.4205,1.2397,1.2228,1.3165,1.1658,1.3893,1.3517,1.183,1.4272
1748798430.106377,1.8382,1.7796,1.8578,1.2708,1.1572,1.122,1.4331,1.237,1.1841,1.3273,1.18,1.3998,1.3426,1.1768,1.418
1748798430.219605,1.8519,1.7691,1.8486,1.2641,1.1338,1.1008,1.4046,1.2695,1.1978,1.3332,1.1631,1.389,1.3117,1.1631,1.4137
1748798430.337544,1.8476,1.7734,1.8269,1.248,1.1505,1.1137,1.4234,1.2716,1.1948,1.3385,1.1825,1.3775,1.3162,1.1513,1.4105
1748798430.445436,1.8352,1.7718,1.8468,1.2606,1.1529,1.1188,1.4331,1.2622,1.194,1.3205,1.1674,1.407,1.3356,1.1615,1.4129
1748798430.558335,1.8589,1.7546,1.8486,1.2504,1.1578,1.0852,1.4334,1.2534,1.183,1.3364,1.1604,1.3947,1.3415,1.1567,1.4296
1748798430.6714911,1.8535,1.7638,1.8296,1.2891,1.1314,1.1043,1.4344,1.2741,1.1946,1.352,1.1661,1.3877,1.359,1.1586,1.417
1748798430.7844748,1.8409,1.7828,1.8642,1.2816,1.1441,1.1228,1.4497,1.2792,1.187,1.3281,1.1747,1.3888,1.3192,1.1588,1.4242
1748798430.9028869,1.8363,1.7737,1.8589,1.2566,1.1578,1.1032,1.4634,1.2644,1.2193,1.3133,1.1672,1.3949,1.3109,1.1567,1.4368
1748798431.010605,1.8484,1.7812,1.8535,1.2947,1.1647,1.1304,1.4718,1.2851,1.2187,1.3289,1.1843,1.3923,1.3842,1.19,1.4043
1748798431.123399,1.8621,1.8032,1.8505,1.3168,1.1521,1.1314,1.4763,1.2579,1.2292,1.3407,1.1637,1.4033,1.3471,1.1634,1.4465
