timestamp,R0C0,R0C1,R0C2,R1C0,R1C1,R1C2,R2C0,R2C1,R2C2,R3C0,R3C1,R3C2,R4C0,R4C1,R4C2
1748905816.318395,2.7402,2.7227,2.8404,2.7982,2.7974,2.8388,0.0,0.0,0.0,2.7402,2.7227,2.8404,2.7982,2.7974,2.8388
1748905816.323043,2.7402,2.7227,2.8404,2.7982,2.7974,2.8388,0.0,0.0,0.0,2.7402,2.7227,2.8404,2.7982,2.7974,2.8388
1748905816.349403,2.7402,2.7227,2.8404,2.7982,2.7974,2.8388,0.0,0.0,0.0,2.7402,2.7227,2.8404,2.7982,2.7974,2.8388
1748905816.39692,2.7402,2.7227,2.8404,2.7982,2.7974,2.8388,0.0,0.0,0.0,2.7402,2.7227,2.8404,2.7982,2.7974,2.8388
1748905816.4056242,2.7402,2.7227,2.8404,2.7982,2.7974,2.8388,0.0,0.0,0.0,2.7402,2.7227,2.8404,2.7982,2.7974,2.8388
1748905816.41329,2.7402,2.7227,2.8404,2.7982,2.7974,2.8388,0.0,0.0,0.0,2.7402,2.7227,2.8404,2.7982,2.7974,2.8388
1748905816.421186,2.7297,2.7139,2.8356,2.8087,2.7998,2.835,2.8565,2.8691,2.9591,2.838,2.8603,3.0413,2.8264,2.8756,3.0475
1748905816.427441,2.7222,2.7021,2.8283,2.7971,2.7907,2.8321,2.8517,2.8627,2.9575,2.8358,2.8511,3.0327,2.8256,2.8788,3.0488
1748905816.4351249,2.7209,2.7026,2.8345,2.7974,2.7931,2.8283,2.8474,2.8501,2.946,2.8452,2.8613,3.0373,2.8245,2.8775,3.0435
1748905816.4449532,2.7155,2.6999,2.8251,2.799,2.7875,2.8286,2.8366,2.8482,2.9425,2.8356,2.8511,3.0295,2.8224,2.8804,3.044
1748905816.45789,2.7174,2.7063,2.8253,2.7942,2.7861,2.8253,2.8527,2.864,2.9486,2.8315,2.8471,3.0268,2.8232,2.8839,3.0488
1748905816.4662259,2.7243,2.6948,2.8216,2.792,2.7786,2.8208,2.86,2.8659,2.9529,2.8412,2.8605,3.048,2.8141,2.8732,3.0483
1748905816.5522282,2.7211,2.6926,2.8253,2.7832,2.7781,2.8259,2.8565,2.864,2.9562,2.8331,2.857,3.0343,2.824,2.8772,3.0507
1748905816.666356,2.7227,2.6945,2.8202,2.7813,2.7751,2.8154,2.8471,2.8509,2.947,2.828,2.8503,3.0298,2.8205,2.8705,3.0335
1748905816.780113,2.7346,2.6986,2.8275,2.7861,2.774,2.8176,2.8522,2.86,2.9521,2.8337,2.8501,3.0373,2.8253,2.8772,3.0564
1748905816.897683,2.7217,2.6929,2.8243,2.7826,2.7716,2.817,2.846,2.8503,2.946,2.831,2.8468,3.0303,2.8213,2.8713,3.0402
1748905817.008544,2.7276,2.6857,2.8157,2.7791,2.7705,2.8143,2.8393,2.8482,2.9379,2.8323,2.856,3.0298,2.809,2.8667,3.0287
1748905817.122227,2.7246,2.6889,2.817,2.7885,2.7767,2.8186,2.8487,2.8514,2.9366,2.8227,2.8417,3.0228,2.8068,2.8643,3.0357
1748905817.236423,2.7281,2.6926,2.8235,2.7832,2.7719,2.8202,2.849,2.8503,2.9376,2.8288,2.8498,3.0316,2.813,2.8758,3.0499
1748905817.350388,2.7313,2.6908,2.8224,2.7832,2.7652,2.8135,2.8393,2.8466,2.9417,2.8286,2.8487,3.0314,2.8173,2.8791,3.0521
1748905817.469314,2.7405,2.6948,2.8197,2.7751,2.7649,2.8071,2.8401,2.8412,2.9304,2.8259,2.8511,3.0274,2.8253,2.8844,3.0437
1748905817.578633,2.7405,2.6961,2.8202,2.7738,2.7652,2.809,2.8329,2.8415,2.9309,2.8259,2.8493,3.019,2.8256,2.8853,3.0459
1748905817.6920772,2.7316,2.6894,2.817,2.7797,2.762,2.8092,2.8396,2.8396,2.9269,2.8157,2.8356,3.0115,2.8219,2.8834,3.047
1748905817.806113,2.7268,2.687,2.8125,2.7821,2.7695,2.8114,2.8299,2.8342,2.9274,2.81,2.8315,3.0088,2.8286,2.8847,3.0496
1748905817.920275,2.7225,2.6814,2.8082,2.7821,2.7695,2.8063,2.8299,2.8374,2.9261,2.806,2.8243,3.0059,2.8159,2.8769,3.0354
1748905818.038924,2.7198,2.6776,2.8028,2.7821,2.7695,2.8092,2.8219,2.828,2.9229,2.8039,2.8213,3.0016,2.8082,2.8734,3.0338
1748905818.148331,2.7198,2.6808,2.8047,2.773,2.7582,2.7982,2.8202,2.8262,2.9172,2.8082,2.8345,3.0072,2.8092,2.8718,3.03
1748905818.262111,2.7155,2.6728,2.7985,2.7703,2.7555,2.7985,2.8237,2.8235,2.9102,2.8057,2.831,3.0029,2.7982,2.8667,3.0274
1748905818.376052,2.7179,2.6773,2.8001,2.7676,2.7566,2.7958,2.8237,2.8275,2.9089,2.7861,2.8074,2.99,2.8025,2.8748,3.0298
1748905818.490305,2.7158,2.6757,2.802,2.7646,2.7461,2.7939,2.8213,2.8245,2.9116,2.7845,2.8119,2.9943,2.8031,2.8732,3.0287
1748905818.604372,2.7152,2.6747,2.7971,2.7714,2.7499,2.7939,2.8229,2.8235,2.9019,2.7939,2.8186,2.9863,2.8017,2.8732,3.0333
1748905818.718306,2.7123,2.673,2.7963,2.7708,2.7512,2.7969,2.8275,2.8253,2.9054,2.788,2.8116,2.9871,2.7971,2.8619,3.0263
1748905818.832156,2.7066,2.6661,2.7926,2.7668,2.7466,2.7883,2.8176,2.8216,2.9022,2.7848,2.8138,2.9836,2.8044,2.8686,3.03
1748905818.946052,2.709,2.6666,2.7939,2.7657,2.7448,2.791,2.8237,2.8219,2.9073,2.7926,2.8116,2.9911,2.8065,2.8683,3.0265
1748905819.060189,2.7104,2.6693,2.795,2.7633,2.7472,2.7851,2.8224,2.8173,2.9011,2.792,2.813,2.9852,2.8049,2.8659,3.0274
1748905819.1787899,2.7029,2.669,2.795,2.7646,2.7483,2.7869,2.8119,2.8143,2.9003,2.7979,2.8213,2.9916,2.7974,2.86,3.0212
1748905819.288398,2.7074,2.669,2.795,2.7617,2.7456,2.7875,2.817,2.8194,2.9035,2.7829,2.81,2.9846,2.7982,2.8552,3.0201
1748905819.4026592,2.7096,2.6631,2.7877,2.7671,2.7477,2.7883,2.8151,2.8135,2.896,2.7875,2.8219,2.9892,2.7899,2.8482,3.0137
1748905819.516282,2.7098,2.6612,2.7872,2.7636,2.7461,2.7864,2.8237,2.8135,2.8979,2.7867,2.8108,2.9873,2.7974,2.8562,3.0233
1748905819.630354,2.7063,2.6612,2.7837,2.7593,2.7421,2.7872,2.8224,2.8224,2.9027,2.7888,2.8122,2.9785,2.7926,2.8587,3.0188
1748905819.745981,2.6991,2.6575,2.78,2.7555,2.7418,2.7867,2.8291,2.8157,2.9006,2.7853,2.8143,2.9865,2.7939,2.8554,3.0209
1748905819.858295,2.698,2.6545,2.7767,2.7593,2.7431,2.7824,2.8184,2.8122,2.8998,2.7848,2.8159,2.9846,2.7958,2.8565,3.0212
1748905819.972097,2.7026,2.6585,2.7834,2.7523,2.738,2.7786,2.8143,2.8125,2.8995,2.7829,2.8095,2.9798,2.7953,2.8557,3.0225
1748905820.08621,2.6986,2.6575,2.7808,2.7558,2.7332,2.7794,2.8219,2.8173,2.8922,2.7751,2.8001,2.9734,2.7834,2.853,3.0153
1748905820.200966,2.6975,2.6556,2.7791,2.7544,2.7367,2.7724,2.8194,2.8125,2.8957,2.7751,2.8039,2.9844,2.7928,2.8616,3.0212
1748905820.314527,2.6991,2.6569,2.7829,2.7577,2.7394,2.7797,2.8216,2.8116,2.8874,2.7738,2.7998,2.9685,2.7918,2.8541,3.0118
1748905820.4282508,2.6943,2.6478,2.7821,2.7587,2.7386,2.7826,2.8251,2.8165,2.9006,2.7671,2.7896,2.9795,2.7885,2.8536,3.0268
1748905820.5421638,2.6956,2.655,2.7786,2.7536,2.7372,2.7754,2.8194,2.8143,2.9003,2.7665,2.7945,2.9747,2.7993,2.8662,3.03
1748905820.656254,2.6948,2.6486,2.7732,2.7523,2.7359,2.7791,2.8135,2.81,2.8912,2.7714,2.7979,2.9744,2.7869,2.8573,3.0239
1748905820.770258,2.6926,2.6542,2.7797,2.7593,2.7415,2.7842,2.8106,2.8039,2.8807,2.7633,2.7953,2.9779,2.7918,2.8573,3.0166
1748905820.889892,2.6943,2.6507,2.7743,2.7515,2.7343,2.7722,2.8082,2.7998,2.8818,2.7585,2.7902,2.9691,2.7875,2.8493,3.0061
1748905820.998338,2.6873,2.6454,2.77,2.7485,2.7327,2.7711,2.8119,2.8082,2.8863,2.7636,2.7958,2.9766,2.7891,2.8544,3.0123
1748905821.1121979,2.6897,2.6483,2.773,2.7493,2.7364,2.7722,2.8154,2.8028,2.8823,2.7681,2.8004,2.9747,2.7902,2.8522,3.0174
1748905821.226146,2.6926,2.6489,2.7719,2.7477,2.7329,2.7681,2.817,2.8116,2.8847,2.7668,2.795,2.9693,2.7856,2.8511,3.0131
1748905821.340153,2.6937,2.6489,2.7727,2.7466,2.7278,2.7673,2.8103,2.8047,2.8831,2.759,2.7934,2.9677,2.7813,2.853,3.011
1748905821.461072,2.6905,2.6507,2.7703,2.748,2.73,2.766,2.8087,2.8014,2.8836,2.7579,2.7955,2.9685,2.7869,2.8587,3.0158
1748905821.568562,2.6865,2.6427,2.7641,2.7445,2.7222,2.7582,2.8181,2.8098,2.8861,2.7587,2.7859,2.958,2.7759,2.8423,3.0032
1748905821.682558,2.6849,2.6454,2.7638,2.7378,2.7206,2.7601,2.8192,2.8098,2.8858,2.7668,2.7979,2.9723,2.781,2.8514,3.0061
1748905821.7962592,2.6859,2.6421,2.7617,2.7394,2.7222,2.7625,2.8192,2.8108,2.8874,2.7628,2.7947,2.9642,2.7848,2.8565,3.0088
1748905821.910285,2.6889,2.6454,2.7673,2.7456,2.7249,2.7638,2.8162,2.8063,2.8791,2.7574,2.7912,2.9583,2.7829,2.8533,3.0077
1748905822.027852,2.6905,2.6446,2.77,2.7458,2.7265,2.7641,2.8111,2.8047,2.8799,2.7595,2.7885,2.9648,2.7883,2.8525,3.0085
1748905822.138528,2.6878,2.643,2.7684,2.7421,2.72,2.7625,2.8111,2.8022,2.8796,2.756,2.7888,2.9548,2.7853,2.8552,3.0107
1748905822.252547,2.6937,2.6421,2.7663,2.7418,2.7217,2.7606,2.8143,2.8036,2.885,2.7563,2.7867,2.9567,2.7778,2.8495,3.0069
1748905822.3666089,2.6841,2.64,2.7638,2.7442,2.7211,2.7644,2.8154,2.8071,2.8853,2.7547,2.7861,2.957,2.7746,2.8482,3.0042
1748905822.480292,2.6894,2.6419,2.77,2.7402,2.7214,2.7603,2.8157,2.8052,2.885,2.7603,2.7834,2.957,2.7805,2.8495,3.0094
1748905822.596884,2.6841,2.6389,2.7708,2.7348,2.7168,2.7587,2.8119,2.8009,2.8767,2.755,2.7856,2.9562,2.78,2.8506,3.0042
1748905822.709085,2.6886,2.6411,2.7679,2.7359,2.7203,2.7617,2.8162,2.8031,2.8788,2.7585,2.7904,2.9559,2.7816,2.8536,3.0064
1748905822.822329,2.6932,2.6456,2.766,2.7337,2.7184,2.7509,2.8057,2.8009,2.8758,2.759,2.7937,2.9586,2.773,2.8484,2.9986
1748905822.9365592,2.6835,2.6403,2.7622,2.7383,2.7174,2.755,2.8111,2.7955,2.8697,2.762,2.7942,2.957,2.7719,2.8396,2.9914
1748905823.050454,2.6806,2.6389,2.7614,2.7372,2.7155,2.7555,2.8084,2.7971,2.8726,2.7577,2.7918,2.954,2.7703,2.8382,2.9932
1748905823.16448,2.683,2.636,2.7585,2.7273,2.7069,2.7472,2.8116,2.7998,2.875,2.7499,2.7808,2.9535,2.7722,2.8425,3.001
1748905823.279546,2.6792,2.6306,2.7523,2.7316,2.7152,2.7542,2.8138,2.8004,2.8753,2.7577,2.7888,2.9532,2.7716,2.8385,2.9946
1748905823.392361,2.6787,2.6282,2.7531,2.734,2.7074,2.7485,2.8154,2.8063,2.8756,2.7477,2.7834,2.9495,2.7746,2.8458,2.9994
1748905823.506283,2.6765,2.6258,2.7547,2.7292,2.7101,2.7485,2.8157,2.8036,2.8772,2.7507,2.7834,2.9532,2.7703,2.8388,2.9938
1748905823.62033,2.6728,2.6228,2.7526,2.7276,2.7047,2.7477,2.8114,2.7996,2.8769,2.7539,2.7923,2.954,2.7724,2.8399,2.993
1748905823.734601,2.6682,2.6196,2.7456,2.7235,2.7023,2.7456,2.8098,2.795,2.8681,2.7491,2.7845,2.9465,2.7649,2.8347,2.9873
1748905823.852532,2.6674,2.6228,2.7464,2.7222,2.7031,2.7437,2.8025,2.7969,2.867,2.7488,2.7818,2.9513,2.7641,2.8353,2.9857
1748905823.962314,2.6661,2.6231,2.7461,2.7179,2.6996,2.7437,2.8039,2.7912,2.8656,2.7601,2.7971,2.9623,2.7636,2.8305,2.9873
1748905824.0763168,2.6679,2.6239,2.7491,2.7171,2.6978,2.744,2.8012,2.7937,2.8662,2.7534,2.7888,2.9486,2.7705,2.8388,2.9884
1748905824.1904,2.6698,2.6276,2.7531,2.7222,2.7042,2.7458,2.8028,2.7907,2.8605,2.7603,2.7926,2.9548,2.7724,2.8433,2.9954
1748905824.304663,2.669,2.6274,2.7547,2.7246,2.7021,2.7456,2.8033,2.7953,2.864,2.7558,2.7902,2.95,2.7786,2.8482,2.9989
1748905824.418755,2.6674,2.6247,2.7526,2.7214,2.7026,2.7434,2.8022,2.7945,2.8691,2.7458,2.7853,2.9495,2.7719,2.845,2.9983
1748905824.532564,2.6701,2.6306,2.7493,2.7257,2.7053,2.7421,2.8047,2.7955,2.8664,2.7493,2.7907,2.9446,2.7644,2.8302,2.9863
1748905824.646389,2.6674,2.6303,2.7536,2.7297,2.7066,2.744,2.8084,2.7988,2.8654,2.7493,2.7864,2.9438,2.7587,2.8326,2.9822
1748905824.7603772,2.6669,2.6276,2.7515,2.7243,2.7063,2.7429,2.7979,2.7966,2.8608,2.7477,2.7937,2.9495,2.7598,2.8323,2.9852
1748905824.880241,2.6644,2.6252,2.7474,2.7313,2.7085,2.7469,2.8012,2.7937,2.8579,2.7528,2.7961,2.9546,2.7628,2.8364,2.9863
1748905824.9886458,2.6666,2.6242,2.7496,2.734,2.7195,2.7582,2.8001,2.795,2.8643,2.7617,2.8006,2.9589,2.7636,2.8364,2.9852
1748905825.102578,2.6626,2.6228,2.7517,2.7313,2.7131,2.7504,2.8006,2.7947,2.86,2.7587,2.7996,2.9554,2.7671,2.8396,2.9889
1748905825.222102,2.665,2.6207,2.7501,2.7295,2.709,2.7534,2.7979,2.795,2.8619,2.7595,2.7979,2.9626,2.7617,2.8361,2.9911
1748905825.330831,2.6655,2.6255,2.7485,2.7316,2.712,2.7504,2.7977,2.7904,2.864,2.7622,2.8057,2.9594,2.7531,2.8315,2.9809
1748905825.44437,2.662,2.6217,2.7458,2.7346,2.7125,2.7504,2.799,2.792,2.8603,2.7504,2.7985,2.9543,2.7555,2.8307,2.9857
1748905825.5584562,2.6569,2.6156,2.7474,2.7337,2.7139,2.7544,2.8006,2.7883,2.8635,2.7534,2.7982,2.9578,2.7499,2.8296,2.9887
1748905825.678874,2.6553,2.6166,2.7434,2.7337,2.7147,2.7544,2.7966,2.7859,2.8576,2.7453,2.7931,2.9524,2.7544,2.8267,2.9833
1748905825.786675,2.6567,2.615,2.744,2.734,2.7115,2.7483,2.8006,2.7888,2.8589,2.7437,2.7869,2.946,2.7517,2.8264,2.9771
1748905825.900599,2.6558,2.6129,2.7426,2.7364,2.7098,2.7517,2.8028,2.7883,2.8613,2.7453,2.7848,2.9529,2.7569,2.8307,2.9849
1748905826.014478,2.6561,2.6131,2.7477,2.7311,2.7098,2.7531,2.8012,2.7875,2.8603,2.7464,2.7926,2.9535,2.7488,2.8267,2.9825
1748905826.128433,2.6577,2.6174,2.745,2.7265,2.7093,2.7483,2.7977,2.7869,2.863,2.7437,2.7875,2.9476,2.7509,2.8237,2.9817
1748905826.242849,2.6607,2.6169,2.7477,2.7252,2.7037,2.7509,2.8071,2.7926,2.8648,2.7346,2.7778,2.9422,2.7547,2.831,2.9833
1748905826.35663,2.6591,2.611,2.7469,2.7303,2.7085,2.7469,2.8001,2.7848,2.8576,2.7413,2.7808,2.9484,2.7491,2.8224,2.9777
1748905826.4709141,2.658,2.6166,2.7469,2.726,2.7085,2.7496,2.8041,2.791,2.8616,2.737,2.781,2.9478,2.7415,2.8216,2.9712
1748905826.5844212,2.6591,2.6177,2.7458,2.7225,2.7002,2.7464,2.8031,2.7872,2.8659,2.7413,2.7848,2.9465,2.7474,2.8219,2.9747
1748905826.698508,2.6561,2.6172,2.7488,2.7225,2.708,2.7483,2.8017,2.7875,2.8624,2.7464,2.7888,2.95,2.7474,2.8227,2.9758
1748905826.812484,2.6577,2.6185,2.7485,2.7281,2.7115,2.7491,2.8017,2.7875,2.8673,2.7421,2.7907,2.9505,2.7504,2.8237,2.9768
1748905826.926423,2.6647,2.6233,2.7464,2.7254,2.7085,2.7499,2.8031,2.7918,2.8683,2.7423,2.7851,2.9476,2.7488,2.8224,2.9742
1748905827.040531,2.6634,2.6174,2.7464,2.7217,2.7063,2.7458,2.8031,2.7872,2.8635,2.7354,2.7861,2.9411,2.7453,2.8227,2.9688
1748905827.159067,2.6628,2.6209,2.7464,2.7222,2.7069,2.7493,2.8017,2.7891,2.8619,2.7483,2.7928,2.9527,2.7477,2.8253,2.9771
1748905827.269266,2.6607,2.6212,2.7431,2.723,2.7066,2.7448,2.8079,2.7953,2.8646,2.741,2.7907,2.9462,2.7461,2.821,2.9707
1748905827.3825788,2.6653,2.6223,2.7488,2.7238,2.7053,2.7488,2.7979,2.7902,2.8603,2.7418,2.7802,2.9465,2.7461,2.8224,2.9661
1748905827.496617,2.6671,2.6215,2.7466,2.7268,2.7066,2.7474,2.8044,2.7907,2.8603,2.7464,2.7915,2.9532,2.7456,2.8227,2.9742
1748905827.6106088,2.6639,2.6199,2.7434,2.7219,2.7069,2.7493,2.8028,2.7875,2.86,2.7413,2.7845,2.9495,2.7418,2.8173,2.9699
1748905827.72709,2.665,2.618,2.7431,2.7249,2.7072,2.7477,2.7974,2.7821,2.8522,2.7429,2.7912,2.9516,2.7386,2.8143,2.9685
1748905827.838515,2.661,2.6204,2.7442,2.7243,2.7074,2.7499,2.7966,2.7818,2.8562,2.752,2.802,2.954,2.7461,2.8224,2.9771
1748905827.952609,2.6601,2.6169,2.7415,2.7284,2.7072,2.7483,2.7971,2.7875,2.8565,2.7461,2.7934,2.9492,2.7445,2.8197,2.9688
1748905828.066572,2.6626,2.6174,2.7386,2.7219,2.7047,2.7472,2.7985,2.7872,2.8554,2.7332,2.7789,2.9336,2.7456,2.8192,2.9669
1748905828.180702,2.658,2.6177,2.7405,2.7222,2.7101,2.7483,2.7955,2.7851,2.8552,2.7265,2.7773,2.9358,2.7431,2.8219,2.9642
1748905828.294671,2.6588,2.6182,2.7337,2.7225,2.7045,2.7458,2.802,2.7875,2.8627,2.7286,2.7727,2.9315,2.7469,2.8192,2.9699
1748905828.408396,2.6601,2.6204,2.7394,2.7249,2.7072,2.7512,2.8001,2.7877,2.8621,2.7235,2.7722,2.9315,2.744,2.8192,2.9704
1748905828.52257,2.6612,2.6193,2.7415,2.7227,2.7053,2.7464,2.806,2.7923,2.8646,2.7262,2.774,2.9339,2.7456,2.824,2.9744
1748905828.636526,2.6628,2.6182,2.7378,2.7238,2.7066,2.7464,2.8012,2.7861,2.86,2.7278,2.7808,2.936,2.7464,2.8229,2.9677
1748905828.755732,2.6669,2.6225,2.741,2.7227,2.7034,2.7431,2.7993,2.7877,2.8605,2.7265,2.7751,2.9315,2.7442,2.8194,2.9683
1748905828.8648262,2.669,2.6263,2.7442,2.7227,2.7039,2.7461,2.7998,2.7899,2.8638,2.7249,2.7724,2.929,2.7421,2.8146,2.9661
1748905828.978688,2.6677,2.6282,2.7461,2.7246,2.7072,2.7472,2.7998,2.7864,2.8573,2.7262,2.7773,2.9336,2.7429,2.817,2.9664
1748905829.092507,2.6658,2.6271,2.7442,2.7254,2.7082,2.7485,2.8012,2.7891,2.8595,2.7313,2.7783,2.9363,2.7434,2.8208,2.9707
1748905829.206923,2.662,2.6247,2.7399,2.723,2.7045,2.7431,2.8001,2.7915,2.8638,2.7303,2.7738,2.9374,2.7461,2.8232,2.9677
1748905829.325547,2.6663,2.6233,2.7437,2.7246,2.7104,2.7458,2.7979,2.7875,2.8592,2.7329,2.7802,2.9384,2.7415,2.8157,2.9634
1748905829.4346151,2.6626,2.6207,2.7407,2.7295,2.7117,2.7496,2.8084,2.7891,2.8667,2.734,2.7748,2.9352,2.7367,2.8165,2.9701
1748905829.548544,2.6615,2.6215,2.7413,2.723,2.7039,2.7466,2.8057,2.7872,2.8605,2.7265,2.7724,2.9309,2.7415,2.8189,2.9634
1748905829.662644,2.662,2.6242,2.7383,2.7278,2.7082,2.748,2.8006,2.7918,2.8589,2.7257,2.7708,2.9317,2.7389,2.8141,2.9629
1748905829.776663,2.6626,2.622,2.7421,2.7243,2.708,2.744,2.799,2.7859,2.8565,2.726,2.7673,2.9277,2.7359,2.81,2.9591
1748905829.8961558,2.662,2.6233,2.7431,2.723,2.7007,2.7466,2.7988,2.7837,2.8536,2.7214,2.7638,2.9317,2.7383,2.8098,2.9586
1748905830.004714,2.6639,2.6209,2.7413,2.72,2.7031,2.7429,2.7955,2.7797,2.8538,2.7278,2.7732,2.9352,2.7397,2.8133,2.9677
1748905830.118575,2.6618,2.6225,2.7437,2.7198,2.7012,2.7442,2.7934,2.7816,2.8549,2.7281,2.7716,2.9317,2.7378,2.8154,2.9626
1748905830.2328231,2.6585,2.6174,2.7335,2.7166,2.6983,2.738,2.7982,2.7885,2.8565,2.7319,2.7743,2.9341,2.7319,2.8079,2.9559
1748905830.3487968,2.6636,2.6193,2.7372,2.716,2.6991,2.7431,2.7996,2.7867,2.8587,2.7284,2.7722,2.9288,2.7278,2.8044,2.9562
1748905830.461547,2.662,2.6193,2.7324,2.7179,2.6986,2.7415,2.8009,2.7883,2.857,2.7303,2.7697,2.9304,2.7303,2.8057,2.9535
1748905830.57475,2.6636,2.6188,2.7343,2.7219,2.6991,2.7389,2.7977,2.7832,2.857,2.7243,2.7716,2.9298,2.7311,2.8039,2.9556
1748905830.6886861,2.6626,2.6209,2.7391,2.7166,2.7002,2.7346,2.8006,2.7856,2.8619,2.7217,2.7625,2.9263,2.73,2.8036,2.9529
1748905830.802676,2.6588,2.6209,2.7329,2.7187,2.6975,2.7356,2.7996,2.7842,2.8573,2.7219,2.7689,2.9253,2.7319,2.8039,2.9562
1748905830.919304,2.6636,2.6201,2.7356,2.7195,2.6978,2.7364,2.7969,2.7802,2.8541,2.72,2.7636,2.9169,2.7249,2.7996,2.9513
1748905831.030968,2.6628,2.619,2.7343,2.72,2.698,2.7359,2.7996,2.7904,2.8522,2.7206,2.7579,2.9223,2.7209,2.7961,2.9486
1748905831.1448011,2.6591,2.6172,2.7362,2.7174,2.6969,2.7386,2.7969,2.7813,2.8527,2.7176,2.7558,2.9191,2.7252,2.7982,2.9503
1748905831.258927,2.6572,2.6153,2.7346,2.7198,2.6961,2.7356,2.7996,2.788,2.8565,2.719,2.7603,2.9258,2.7276,2.7979,2.9476
1748905831.381322,2.6542,2.6153,2.7324,2.7158,2.6943,2.7346,2.7988,2.7826,2.8557,2.7206,2.7598,2.9258,2.7292,2.8039,2.9476
1748905831.486648,2.6548,2.6147,2.7292,2.7144,2.6953,2.7351,2.7996,2.7821,2.8495,2.7222,2.7657,2.9277,2.7243,2.8036,2.9508
1748905831.600699,2.661,2.6164,2.7332,2.7163,2.6951,2.7364,2.795,2.7821,2.856,2.7209,2.7679,2.9242,2.7278,2.8068,2.9527
1748905831.714615,2.6548,2.6161,2.734,2.7187,2.7002,2.7337,2.7942,2.7757,2.8506,2.7243,2.7673,2.928,2.7308,2.8084,2.9559
1748905831.8289568,2.6569,2.618,2.7329,2.7168,2.6953,2.7319,2.7963,2.7773,2.8495,2.7209,2.7665,2.9242,2.7329,2.8111,2.9559
1748905831.942998,2.6558,2.6166,2.7305,2.7187,2.6978,2.737,2.7977,2.7775,2.8501,2.7203,2.7654,2.9229,2.7265,2.8009,2.9513
1748905832.057148,2.6583,2.6166,2.7292,2.7141,2.6964,2.7337,2.7945,2.7773,2.8498,2.7198,2.7665,2.9239,2.7295,2.8055,2.9527
1748905832.1749701,2.6583,2.619,2.7332,2.7179,2.6959,2.7343,2.7947,2.7818,2.8498,2.7176,2.7679,2.9255,2.7268,2.8041,2.9535
1748905832.2849321,2.6542,2.6161,2.7246,2.7133,2.6935,2.7335,2.7963,2.7759,2.8476,2.719,2.7633,2.9234,2.73,2.8055,2.9489
1748905832.3987021,2.6561,2.6169,2.7284,2.7141,2.6964,2.7316,2.7885,2.7711,2.8374,2.7249,2.7676,2.9229,2.7243,2.8028,2.9454
1748905832.5127602,2.6489,2.6142,2.726,2.7123,2.6951,2.7305,2.7891,2.7735,2.8409,2.7195,2.7585,2.9161,2.7257,2.8047,2.9414
1748905832.62697,2.6505,2.6118,2.7265,2.7069,2.694,2.7284,2.7912,2.773,2.846,2.7209,2.7689,2.9196,2.7225,2.8057,2.9414
1748905832.746451,2.6542,2.6177,2.7268,2.712,2.6943,2.7243,2.7955,2.7732,2.8468,2.7206,2.7705,2.9223,2.7262,2.8004,2.9454
1748905832.854999,2.6532,2.6137,2.7222,2.7074,2.6894,2.7214,2.7966,2.7762,2.8474,2.7198,2.7649,2.9194,2.7222,2.7988,2.94
1748905832.9687412,2.6529,2.6121,2.7249,2.7106,2.69,2.7222,2.7937,2.773,2.8436,2.72,2.7671,2.9194,2.7225,2.8017,2.9449
1748905833.082992,2.6548,2.6145,2.7273,2.7085,2.6902,2.7206,2.7883,2.7746,2.8442,2.72,2.763,2.9186,2.7289,2.8057,2.9489
1748905833.197001,2.6489,2.6118,2.7265,2.7117,2.6916,2.7249,2.7937,2.7765,2.8396,2.7192,2.7641,2.9202,2.7262,2.7993,2.9414
1748905833.316913,2.654,2.6164,2.7265,2.7112,2.6918,2.7281,2.7904,2.7765,2.8447,2.7217,2.7665,2.9245,2.7289,2.8025,2.9484
1748905833.4254231,2.6507,2.6123,2.7233,2.7123,2.6916,2.7252,2.795,2.7738,2.8468,2.7214,2.762,2.918,2.7284,2.8022,2.9435
1748905833.5387158,2.6467,2.6113,2.7249,2.7104,2.6905,2.7222,2.7926,2.7722,2.842,2.7233,2.7671,2.9245,2.7227,2.7963,2.9409
1748905833.652919,2.6529,2.6107,2.7217,2.709,2.6881,2.7209,2.7923,2.7708,2.8377,2.7174,2.7603,2.9239,2.7233,2.799,2.9425
1748905833.767116,2.6553,2.6134,2.7203,2.7077,2.687,2.7225,2.7953,2.7746,2.8433,2.7206,2.762,2.9169,2.727,2.7996,2.9468
1748905833.880846,2.6553,2.6096,2.7219,2.7098,2.6865,2.7241,2.7937,2.7789,2.8399,2.7158,2.7593,2.9202,2.7286,2.8041,2.9446
1748905833.995633,2.6537,2.6134,2.7254,2.7066,2.6873,2.7273,2.7896,2.7676,2.8366,2.7227,2.7617,2.9215,2.7321,2.8065,2.9457
1748905834.10896,2.6545,2.615,2.7284,2.7158,2.6929,2.7268,2.7891,2.7724,2.8374,2.7203,2.7601,2.9121,2.73,2.8009,2.9486
1748905834.2227688,2.6507,2.6161,2.7265,2.7106,2.6926,2.7249,2.7942,2.7722,2.8385,2.719,2.7593,2.9137,2.7249,2.7977,2.94
1748905834.337024,2.6567,2.6121,2.7286,2.709,2.6905,2.7297,2.7931,2.7711,2.8385,2.7225,2.7646,2.9153,2.7286,2.8001,2.9425
1748905834.4508328,2.6529,2.6134,2.7238,2.7066,2.687,2.7284,2.7872,2.7711,2.8326,2.723,2.7703,2.9199,2.7206,2.7942,2.9411
1748905834.56479,2.6564,2.615,2.7305,2.7066,2.6832,2.7227,2.7926,2.773,2.8393,2.7262,2.7665,2.9263,2.7168,2.7915,2.9358
1748905834.678994,2.6569,2.6164,2.7308,2.7066,2.6886,2.727,2.7891,2.7719,2.8377,2.7233,2.7555,2.9196,2.7203,2.7958,2.9433
1748905834.792951,2.6556,2.6174,2.7324,2.7023,2.6824,2.7227,2.795,2.7711,2.8361,2.7214,2.7638,2.9231,2.7192,2.7883,2.9417
1748905834.906792,2.6567,2.6118,2.7235,2.7023,2.6822,2.7227,2.792,2.7716,2.8345,2.7297,2.766,2.9218,2.7219,2.7977,2.9398
1748905835.022403,2.6507,2.607,2.7203,2.7004,2.6816,2.7195,2.788,2.7695,2.8388,2.7195,2.7536,2.9159,2.7182,2.7899,2.9358
1748905835.1350431,2.6478,2.6037,2.7203,2.6969,2.68,2.72,2.7899,2.7692,2.8339,2.7257,2.7606,2.9167,2.7249,2.8017,2.9462
1748905835.2488651,2.6494,2.6051,2.7198,2.6959,2.676,2.7158,2.7974,2.7697,2.8315,2.7372,2.7724,2.9312,2.7195,2.7904,2.9379
1748905835.362796,2.6499,2.6045,2.7187,2.6983,2.6728,2.7131,2.7869,2.7617,2.8291,2.7337,2.7722,2.9258,2.7069,2.7805,2.9274
1748905835.476932,2.6438,2.6016,2.7214,2.6948,2.6757,2.7133,2.7869,2.7671,2.831,2.7311,2.7679,2.9261,2.7131,2.7834,2.9323
1748905835.5922759,2.6454,2.6016,2.7176,2.6935,2.6736,2.7117,2.7864,2.7606,2.8264,2.7297,2.7646,2.918,2.7069,2.78,2.928
1748905835.705309,2.6421,2.5965,2.7184,2.6972,2.6768,2.7168,2.7842,2.7657,2.8248,2.7278,2.7668,2.9156,2.7061,2.7762,2.9234
1748905835.818898,2.6432,2.5959,2.7144,2.6945,2.6755,2.7098,2.7829,2.762,2.827,2.7303,2.7668,2.9143,2.7061,2.7791,2.9253
1748905835.932964,2.6427,2.6011,2.7149,2.6991,2.6787,2.7147,2.7797,2.7593,2.821,2.7254,2.7644,2.911,2.7088,2.7775,2.9261
1748905836.046988,2.643,2.5981,2.7139,2.6959,2.6747,2.712,2.7848,2.7644,2.8237,2.72,2.7563,2.9084,2.7085,2.7754,2.9231
1748905836.168208,2.6435,2.6021,2.7158,2.6951,2.6771,2.7144,2.7829,2.7609,2.8202,2.7123,2.7534,2.9078,2.7069,2.7748,2.9204
1748905836.2750678,2.6419,2.6013,2.7101,2.694,2.6725,2.7125,2.7856,2.766,2.8283,2.7195,2.7534,2.9035,2.7053,2.7724,2.921
1748905836.3888571,2.64,2.597,2.7082,2.6953,2.6752,2.712,2.7826,2.7585,2.8227,2.7176,2.7531,2.9075,2.7093,2.7748,2.9223
1748905836.503061,2.6392,2.5965,2.709,2.6959,2.6725,2.7112,2.7826,2.7628,2.8232,2.7158,2.7536,2.9006,2.7029,2.7727,2.9164
1748905836.616906,2.6421,2.5978,2.7074,2.6969,2.6725,2.7093,2.7805,2.7614,2.8248,2.7109,2.7539,2.8955,2.7063,2.7754,2.9186
1748905836.7319622,2.6405,2.5957,2.7085,2.694,2.6717,2.7088,2.7837,2.762,2.8197,2.7115,2.7493,2.9022,2.7133,2.7875,2.9282
1748905836.8449569,2.6397,2.5973,2.7098,2.6967,2.6771,2.705,2.7791,2.7625,2.8194,2.7158,2.7528,2.8976,2.7104,2.7861,2.9234
1748905836.959049,2.6384,2.5978,2.7104,2.694,2.6736,2.7074,2.7767,2.7587,2.8135,2.7168,2.7542,2.9008,2.7106,2.7851,2.9215
1748905837.073559,2.6395,2.597,2.7082,2.6929,2.6698,2.7015,2.7845,2.7598,2.8168,2.7158,2.755,2.9016,2.7104,2.7813,2.9194
1748905837.1887832,2.6333,2.5919,2.7037,2.6937,2.6733,2.705,2.7805,2.7611,2.817,2.7088,2.7491,2.9,2.708,2.7789,2.9188
1748905837.301097,2.6322,2.5919,2.7061,2.6956,2.6738,2.7021,2.7834,2.7614,2.8143,2.712,2.7469,2.9014,2.7082,2.7748,2.9161
1748905837.414903,2.6333,2.59,2.7023,2.6929,2.6717,2.7037,2.7778,2.7614,2.8162,2.7141,2.7491,2.8874,2.701,2.7724,2.911
1748905837.529451,2.633,2.5914,2.705,2.6937,2.6741,2.7072,2.773,2.7515,2.8178,2.7123,2.7464,2.8952,2.7058,2.7773,2.9148
1748905837.646432,2.6354,2.5933,2.7063,2.6951,2.673,2.7069,2.7808,2.756,2.8176,2.7034,2.7375,2.8906,2.7063,2.777,2.9153
1748905837.757081,2.633,2.5911,2.705,2.6916,2.6706,2.7007,2.7802,2.7587,2.8149,2.7047,2.7399,2.8904,2.7063,2.7767,2.9175
1748905837.870912,2.6376,2.5965,2.7047,2.6908,2.6698,2.7037,2.781,2.7582,2.8154,2.7042,2.7418,2.8955,2.7047,2.7743,2.9132
1748905837.9851441,2.637,2.593,2.7085,2.6932,2.6709,2.701,2.7797,2.7507,2.8197,2.7042,2.7407,2.8869,2.6999,2.7751,2.9191
1748905838.100794,2.6499,2.6142,2.7211,2.6988,2.6768,2.7096,2.7848,2.7622,2.8178,2.7066,2.7426,2.892,2.7115,2.7864,2.9285
1748905838.213019,2.6454,2.6056,2.7149,2.6948,2.6755,2.7037,2.7867,2.7652,2.828,2.7152,2.7472,2.9035,2.7104,2.7813,2.9263
1748905838.331935,2.6454,2.6013,2.7141,2.6951,2.6722,2.7066,2.788,2.763,2.8288,2.7168,2.7515,2.9024,2.705,2.7813,2.9212
1748905838.441417,2.6427,2.6019,2.7133,2.6978,2.6744,2.7072,2.7821,2.759,2.8235,2.7179,2.7582,2.9046,2.7045,2.781,2.9212
1748905838.555229,2.643,2.5976,2.7131,2.6948,2.6763,2.7088,2.7821,2.763,2.8245,2.7149,2.7477,2.9014,2.7034,2.7797,2.9204
1748905838.668913,2.6432,2.5989,2.7125,2.6975,2.6741,2.7072,2.7767,2.7611,2.8232,2.7144,2.7517,2.9059,2.708,2.7869,2.9253
1748905838.783232,2.6424,2.5973,2.7117,2.6945,2.6714,2.7015,2.7813,2.7609,2.8213,2.7179,2.7555,2.9027,2.7123,2.7826,2.9245
1748905838.900529,2.6379,2.5954,2.7098,2.6951,2.6725,2.7007,2.7765,2.7622,2.8159,2.716,2.7547,2.9016,2.7077,2.784,2.9247
1748905839.011343,2.6392,2.5959,2.7098,2.6978,2.6747,2.7063,2.7775,2.7536,2.8202,2.7115,2.7547,2.9027,2.7082,2.7834,2.925
1748905839.125076,2.636,2.5965,2.709,2.6945,2.669,2.7037,2.777,2.7558,2.8194,2.7166,2.7523,2.9051,2.7069,2.7826,2.9245
1748905839.239203,2.6357,2.5933,2.7066,2.6935,2.6712,2.7034,2.774,2.7523,2.8149,2.7174,2.7523,2.9057,2.7061,2.7783,2.9237
1748905839.3532941,2.6338,2.593,2.7085,2.6916,2.6733,2.7026,2.7775,2.7571,2.8208,2.7195,2.7523,2.9135,2.7066,2.7794,2.9258
1748905839.467595,2.6389,2.5951,2.7063,2.6894,2.6704,2.7053,2.7821,2.7638,2.8232,2.7115,2.748,2.903,2.7021,2.7797,2.9191
1748905839.581213,2.6311,2.5914,2.7082,2.6926,2.669,2.7058,2.7802,2.7641,2.8248,2.7034,2.7456,2.8973,2.7029,2.7754,2.9202
1748905839.695122,2.6341,2.5911,2.6988,2.6913,2.6695,2.7029,2.7829,2.7614,2.8237,2.7069,2.7477,2.8955,2.7021,2.7754,2.9167
1748905839.80906,2.6247,2.5801,2.7002,2.6862,2.6682,2.6972,2.7797,2.7617,2.8259,2.709,2.7474,2.8952,2.7031,2.7757,2.9204
1748905839.923101,2.629,2.5844,2.698,2.6832,2.6669,2.6956,2.7837,2.763,2.8248,2.7088,2.7477,2.8995,2.7034,2.7786,2.9188
1748905840.03967,2.6295,2.5865,2.7018,2.6889,2.6677,2.7007,2.7805,2.7603,2.8243,2.7106,2.7466,2.8912,2.7007,2.7757,2.9207
1748905840.151047,2.6282,2.5852,2.6961,2.6835,2.6639,2.6948,2.7824,2.762,2.8224,2.7047,2.7423,2.8963,2.7026,2.7765,2.9178
1748905840.265225,2.629,2.5847,2.6991,2.6889,2.6666,2.7026,2.7824,2.7585,2.8262,2.7074,2.7464,2.9014,2.7045,2.774,2.9229
1748905840.3790221,2.6306,2.5833,2.7012,2.6849,2.6674,2.6991,2.7789,2.7536,2.8227,2.7055,2.7415,2.9016,2.7031,2.7783,2.9245
1748905840.49628,2.6309,2.5849,2.7015,2.6878,2.662,2.6986,2.7757,2.7539,2.8162,2.7082,2.7466,2.9011,2.7031,2.7805,2.9258
1748905840.607213,2.6282,2.5841,2.6983,2.6827,2.6661,2.6988,2.7727,2.7536,2.8154,2.7123,2.7493,2.9016,2.7007,2.7754,2.9196
1748905840.721209,2.6293,2.5839,2.6983,2.6849,2.6671,2.6953,2.7754,2.7523,2.8157,2.7131,2.7517,2.9051,2.6996,2.7791,2.9196
1748905840.835047,2.6252,2.5812,2.6969,2.6859,2.6653,2.6935,2.7791,2.7587,2.8178,2.7085,2.7464,2.8944,2.6996,2.7759,2.921
1748905840.949378,2.6268,2.5836,2.6943,2.683,2.6626,2.6935,2.7722,2.7515,2.81,2.7045,2.744,2.8855,2.6994,2.7746,2.9164
1748905841.066096,2.6247,2.5825,2.6951,2.6784,2.6631,2.6969,2.7757,2.7587,2.813,2.701,2.7405,2.8874,2.7012,2.7746,2.9148
1748905841.177835,2.6258,2.5836,2.6929,2.6857,2.6623,2.6994,2.7746,2.7528,2.8151,2.7047,2.7434,2.8874,2.6961,2.7746,2.9135
1748905841.2910562,2.6301,2.5847,2.6943,2.6838,2.6663,2.6975,2.7738,2.7509,2.8125,2.7037,2.7469,2.8909,2.6999,2.7775,2.914
1748905841.405281,2.6268,2.5833,2.6951,2.6816,2.6639,2.6945,2.773,2.7504,2.8114,2.7029,2.7464,2.8912,2.7047,2.7743,2.9143
1748905841.519132,2.6258,2.5796,2.6918,2.6814,2.6628,2.6951,2.7708,2.7536,2.8125,2.7045,2.7464,2.8917,2.6972,2.7743,2.9126
1748905841.63688,2.6255,2.5825,2.6924,2.6819,2.6601,2.6926,2.7679,2.7456,2.8057,2.7069,2.7456,2.8912,2.6991,2.7773,2.9118
1748905841.747216,2.6233,2.5833,2.6924,2.68,2.6639,2.6961,2.7684,2.7456,2.8103,2.7074,2.7466,2.8912,2.7018,2.7791,2.9167
1748905841.861196,2.6207,2.5817,2.6937,2.6843,2.6618,2.6967,2.7716,2.7526,2.8108,2.7085,2.7499,2.8957,2.7015,2.7748,2.921
1748905841.9751208,2.6215,2.579,2.691,2.6835,2.6628,2.6961,2.7681,2.7469,2.8119,2.7085,2.748,2.8917,2.7029,2.7783,2.9183
1748905842.0893881,2.6204,2.5806,2.6916,2.6827,2.6669,2.6945,2.7692,2.7402,2.8022,2.7069,2.7474,2.9006,2.7026,2.7797,2.9178
1748905842.2045052,2.6217,2.5796,2.694,2.6865,2.6666,2.7018,2.7663,2.7477,2.8143,2.7106,2.7542,2.9022,2.7058,2.7813,2.9218
1748905842.317268,2.6199,2.5812,2.6945,2.68,2.6626,2.6972,2.77,2.7469,2.81,2.7112,2.7474,2.8995,2.708,2.7808,2.9221
1748905842.431245,2.6233,2.5825,2.6978,2.6819,2.658,2.6956,2.7716,2.748,2.8133,2.7085,2.748,2.8998,2.7021,2.7791,2.9169
1748905842.5454369,2.6236,2.579,2.6951,2.6822,2.6585,2.6953,2.7722,2.7469,2.8133,2.7039,2.744,2.8874,2.701,2.7735,2.9175
1748905842.659306,2.6255,2.5822,2.6964,2.6792,2.6647,2.6972,2.7689,2.745,2.8071,2.7004,2.7375,2.8847,2.7015,2.7778,2.9167
1748905842.774644,2.6215,2.5825,2.6961,2.6824,2.661,2.6961,2.7743,2.7474,2.8111,2.7029,2.7448,2.8871,2.7063,2.777,2.9156
1748905842.887386,2.6276,2.5857,2.6964,2.6808,2.6639,2.694,2.7598,2.7415,2.806,2.701,2.7453,2.8861,2.7023,2.7762,2.9175
1748905843.001229,2.6266,2.5879,2.6961,2.6798,2.6639,2.6999,2.756,2.7375,2.8033,2.7023,2.7407,2.8874,2.7004,2.7716,2.9191
1748905843.115277,2.6266,2.5812,2.6945,2.6827,2.6636,2.6961,2.7606,2.7445,2.8106,2.6972,2.7389,2.8874,2.7031,2.7767,2.9199
1748905843.229321,2.6271,2.5849,2.6969,2.6795,2.661,2.6959,2.7628,2.7461,2.8084,2.7039,2.7402,2.8906,2.7026,2.7743,2.9258
1748905843.3446321,2.6301,2.5847,2.6967,2.679,2.6631,2.6956,2.7609,2.7367,2.8084,2.7021,2.7431,2.8998,2.7053,2.7757,2.9258
1748905843.457311,2.6282,2.5884,2.7007,2.6811,2.6628,2.6972,2.7644,2.744,2.8079,2.6978,2.7386,2.896,2.7053,2.7743,2.9231
1748905843.571286,2.6252,2.5874,2.6951,2.6819,2.6626,2.6969,2.7695,2.7464,2.8125,2.7007,2.7434,2.9003,2.7053,2.781,2.9277
1748905843.68532,2.6287,2.586,2.6994,2.68,2.6642,2.6978,2.7684,2.7469,2.8141,2.7063,2.7437,2.9011,2.7023,2.78,2.9266
1748905843.7993321,2.6287,2.5855,2.6978,2.6822,2.6623,2.694,2.766,2.7458,2.8122,2.7012,2.7461,2.896,2.6988,2.773,2.9242
1748905843.916447,2.625,2.5857,2.6996,2.679,2.6564,2.6932,2.7719,2.7477,2.8141,2.6996,2.7434,2.9003,2.6996,2.7748,2.9237
1748905844.027437,2.6287,2.5847,2.6967,2.6765,2.6572,2.6935,2.7646,2.7448,2.8122,2.7031,2.7429,2.8938,2.6996,2.7759,2.9221
1748905844.141191,2.6247,2.5831,2.6996,2.6768,2.6556,2.6956,2.7695,2.7456,2.8092,2.6999,2.7359,2.8874,2.7018,2.7743,2.9234
1748905844.255245,2.6252,2.5817,2.6945,2.6741,2.6537,2.6951,2.763,2.7391,2.8108,2.6956,2.7335,2.8869,2.6978,2.774,2.9247
1748905844.36939,2.6212,2.5828,2.6956,2.6784,2.6618,2.6956,2.7665,2.7464,2.8087,2.6996,2.7321,2.885,2.7007,2.777,2.9212
1748905844.487256,2.6247,2.5844,2.6948,2.6784,2.6588,2.6951,2.7566,2.7364,2.8012,2.6969,2.7394,2.8992,2.7047,2.78,2.9223
1748905844.597483,2.6217,2.5817,2.6948,2.6816,2.6591,2.6961,2.7671,2.7458,2.81,2.6991,2.7354,2.8909,2.7037,2.7773,2.9258
1748905844.7113001,2.6209,2.5793,2.6948,2.679,2.665,2.6969,2.7638,2.7397,2.8057,2.698,2.7372,2.9024,2.7042,2.7735,2.9231
1748905844.825265,2.6223,2.5825,2.6964,2.68,2.6601,2.6991,2.7654,2.7453,2.8076,2.6994,2.7372,2.8998,2.7066,2.777,2.9272
1748905844.939284,2.6209,2.5785,2.6932,2.6771,2.6558,2.6945,2.7571,2.7378,2.8022,2.6953,2.7367,2.8861,2.7061,2.7789,2.9194
1748905845.057159,2.6209,2.5796,2.6924,2.6757,2.6545,2.6929,2.7622,2.7415,2.8076,2.6943,2.7359,2.8871,2.7088,2.7813,2.9253
1748905845.167569,2.6263,2.5796,2.6956,2.6798,2.6596,2.6943,2.7705,2.7464,2.8068,2.6991,2.7356,2.8874,2.7074,2.7746,2.9285
1748905845.281455,2.6242,2.5801,2.6964,2.6765,2.6556,2.6948,2.7724,2.7499,2.8114,2.6988,2.7319,2.9,2.7053,2.7765,2.9261
1748905845.39556,2.6199,2.5779,2.6948,2.6757,2.6558,2.6945,2.7719,2.7458,2.8082,2.6975,2.7351,2.8947,2.7045,2.7727,2.9255
1748905845.509268,2.619,2.5763,2.6945,2.6781,2.6558,2.6978,2.7646,2.7458,2.817,2.6948,2.7348,2.8947,2.7002,2.7759,2.9272
1748905845.6267269,2.6199,2.5785,2.6991,2.6768,2.6545,2.6999,2.7711,2.7426,2.8114,2.6967,2.7362,2.9006,2.6988,2.7727,2.9242
1748905845.7375119,2.6193,2.5723,2.6953,2.6776,2.6588,2.6951,2.7716,2.7515,2.8189,2.6994,2.7359,2.8963,2.7021,2.7751,2.9247
1748905845.851381,2.618,2.5753,2.6959,2.6714,2.6513,2.6945,2.7697,2.7474,2.8173,2.6986,2.7335,2.8973,2.6996,2.7722,2.9239
1748905845.96543,2.6172,2.5745,2.6935,2.6747,2.6524,2.6918,2.7711,2.7461,2.817,2.6967,2.7391,2.8949,2.6953,2.7722,2.9234
1748905846.079492,2.6188,2.5758,2.6935,2.6776,2.6548,2.6945,2.7716,2.7469,2.8143,2.6999,2.7415,2.8998,2.6988,2.7722,2.9191
1748905846.195322,2.6199,2.5761,2.6945,2.6747,2.6534,2.6935,2.7716,2.7472,2.8106,2.7015,2.7378,2.8998,2.7004,2.7711,2.918
