timestamp,R0C0,R0C1,R0C2,R1C0,R1C1,R1C2,R2C0,R2C1,R2C2,R3C0,R3C1,R3C2,R4C0,R4C1,R4C2
1748935560.5569339,1.6292,1.6034,1.6163,1.0452,1.0092,1.0151,1.1298,1.0898,1.0734,1.0135,0.9568,0.9912,0.9566,0.9294,0.8983
1748935560.562002,1.6716,1.638,1.6552,1.0565,1.0191,1.0186,1.1196,1.0906,1.0691,1.0197,0.9689,0.9901,0.9697,0.9198,0.9104
1748935560.701013,1.6383,1.6115,1.63,1.0597,1.0337,1.0363,1.1443,1.1212,1.0984,1.0275,0.9665,1.0167,0.9512,0.9112,0.9305
1748935560.7895281,1.5604,1.5309,1.5567,1.0283,1.0245,1.014,1.125,1.1043,1.0855,1.0186,0.9614,1.0103,0.9474,0.9206,0.923
1748935560.9041018,1.5362,1.5002,1.5287,1.0114,1.0036,0.9942,1.1164,1.104,1.0804,1.0154,0.9509,1.0033,0.9412,0.9181,0.901
1748935561.017688,1.5215,1.4976,1.5204,1.0105,1.0036,0.9995,1.114,1.1043,1.1032,1.0127,0.9509,0.9942,0.9541,0.9278,0.8942
1748935561.133261,1.4895,1.4436,1.4785,0.9971,0.9915,0.9936,1.0957,1.0917,1.0887,0.9861,0.9558,0.992,0.9423,0.9321,0.9074
1748935561.2456,1.4648,1.4334,1.4664,0.9907,0.9727,0.9923,1.0957,1.0884,1.0799,0.9934,0.9455,1.014,0.9496,0.9286,0.9257
1748935561.359582,1.4583,1.4312,1.4637,0.9864,0.9829,0.9872,1.0965,1.085,1.067,0.9966,0.9641,1.002,0.9439,0.9227,0.9235
1748935561.473359,1.4597,1.4261,1.4557,0.9837,0.9711,0.9848,1.0782,1.086,1.0643,1.0036,0.9528,1.0116,0.9399,0.9189,0.9179
1748935561.5948958,1.4422,1.4027,1.4288,0.9748,0.9705,0.9751,1.0925,1.0756,1.0568,0.9998,0.9595,1.0046,0.9501,0.9222,0.9214
1748935561.701409,1.4148,1.3665,1.4121,0.956,0.9536,0.9695,1.0688,1.0543,1.0495,0.9998,0.9584,1.0006,0.9528,0.9187,0.9155
1748935561.815831,1.4062,1.3847,1.3966,0.9598,0.9568,0.9678,1.0721,1.0586,1.0449,1.0022,0.9455,0.992,0.9549,0.9189,0.9053
1748935561.935932,1.4078,1.3812,1.4078,0.956,0.949,0.9633,1.0812,1.0549,1.0559,0.9891,0.9536,0.9985,0.931,0.9224,0.9203
1748935562.043411,1.4011,1.3737,1.3963,0.9708,0.9536,0.9681,1.0812,1.0519,1.0385,0.9963,0.9404,1.0017,0.9361,0.9262,0.9369
1748935562.1574469,1.4003,1.374,1.3971,0.9635,0.9541,0.9643,1.0772,1.0573,1.0578,0.9944,0.9574,1.0022,0.9383,0.92,0.8972
1748935562.278413,1.3888,1.3474,1.3829,0.9678,0.9437,0.959,1.0737,1.067,1.0371,0.9987,0.9638,1.0076,0.9356,0.9227,0.93
1748935562.385334,1.3761,1.3401,1.3901,0.9649,0.9412,0.9555,1.0718,1.0535,1.0371,0.9883,0.9592,0.995,0.9351,0.9292,0.9128
1748935562.4994318,1.3815,1.3436,1.3786,0.9627,0.9453,0.9566,1.0742,1.0605,1.0366,0.9958,0.9477,0.9899,0.9391,0.9152,0.9095
1748935562.617196,1.3761,1.3302,1.3525,0.9729,0.9356,0.949,1.0565,1.0573,1.0584,0.9893,0.9536,0.9904,0.9477,0.9147,0.9031
1748935562.727613,1.3866,1.3525,1.3804,0.9681,0.9525,0.9595,1.0815,1.0659,1.0508,0.9971,0.9466,0.9928,0.9281,0.9147,0.9206
1748935562.8414268,1.3804,1.349,1.3753,0.9611,0.9498,0.9727,1.0667,1.0624,1.0659,0.9995,0.9523,0.9958,0.9332,0.9184,0.9077
1748935562.9557152,1.3624,1.3256,1.3643,0.9689,0.9466,0.9544,1.0756,1.0715,1.0581,0.9926,0.9469,0.9995,0.9281,0.913,0.902
1748935563.069396,1.3552,1.3305,1.3479,0.9606,0.9509,0.9568,1.0828,1.0648,1.0535,0.988,0.956,0.9885,0.9324,0.9235,0.9023
1748935563.183489,1.3493,1.3138,1.3493,0.9469,0.9477,0.9517,1.0715,1.0635,1.0498,0.9821,0.96,0.9899,0.9466,0.9074,0.9138
1748935563.297834,1.3549,1.3093,1.3428,0.9582,0.938,0.9477,1.0699,1.0498,1.0347,0.9877,0.9447,0.9896,0.9329,0.9125,0.9101
1748935563.411435,1.3504,1.3101,1.3399,0.9652,0.9372,0.9563,1.0648,1.0455,1.0503,0.9907,0.9541,0.9944,0.9318,0.9141,0.9112
1748935563.532469,1.3522,1.3329,1.3533,0.9523,0.9445,0.9501,1.0651,1.0551,1.0406,0.985,0.9598,0.9893,0.9351,0.9206,0.8942
1748935563.639421,1.363,1.32,1.3504,0.9646,0.9463,0.9509,1.0643,1.0449,1.0355,1.0036,0.9455,0.9958,0.9463,0.9181,0.9077
1748935563.7534451,1.3485,1.3093,1.3385,0.9501,0.9544,0.9515,1.0546,1.0554,1.0318,0.9799,0.9515,0.985,0.934,0.9267,0.8985
1748935563.874773,1.3329,1.3055,1.3332,0.9541,0.9472,0.9412,1.0624,1.0471,1.0412,0.9901,0.9547,0.9893,0.9345,0.9189,0.9222
1748935563.981616,1.3299,1.3074,1.3316,0.9504,0.9412,0.9533,1.0562,1.0452,1.0353,0.9899,0.9423,0.9848,0.9418,0.9267,0.9034
1748935564.0955079,1.3232,1.2945,1.3219,0.9525,0.9308,0.9549,1.0525,1.0366,1.0315,0.9874,0.9477,0.977,0.9383,0.9171,0.9055
1748935564.2182221,1.3114,1.2931,1.3114,0.9611,0.9262,0.9472,1.0619,1.0457,1.0436,0.9985,0.9676,0.9807,0.9421,0.9241,0.898
1748935564.3234391,1.3146,1.2789,1.3007,0.9477,0.9356,0.9555,1.0492,1.0366,1.0267,0.9789,0.9566,0.9802,0.934,0.9241,0.9176
1748935564.4374568,1.3138,1.2692,1.3063,0.9525,0.9391,0.9469,1.0535,1.0444,1.032,0.9818,0.9482,0.9985,0.9316,0.9106,0.9138
1748935564.557919,1.324,1.2789,1.313,0.9442,0.9412,0.9421,1.0441,1.0345,1.0363,0.9907,0.9396,0.9713,0.9372,0.9211,0.9112
1748935564.665631,1.3243,1.2926,1.3133,0.9552,0.9383,0.948,1.0627,1.0433,1.0345,0.9767,0.9461,0.9829,0.9482,0.9101,0.9095
1748935564.7799418,1.3305,1.2931,1.3326,0.9426,0.9324,0.9447,1.0522,1.0522,1.024,0.9748,0.9547,0.9794,0.9418,0.9189,0.9085
1748935564.8936708,1.3316,1.2891,1.3243,0.9469,0.9351,0.945,1.0559,1.0568,1.0366,0.9909,0.9523,0.9842,0.938,0.9141,0.9047
1748935565.007514,1.334,1.2945,1.3342,0.9415,0.9343,0.9404,1.0562,1.0514,1.0377,0.9888,0.9523,0.9864,0.9455,0.916,0.8991
1748935565.121475,1.3318,1.3031,1.341,0.9541,0.9391,0.9337,1.0619,1.0551,1.0468,0.9934,0.9391,0.9767,0.9235,0.9273,0.8953
1748935565.235522,1.3361,1.2862,1.3264,0.9614,0.9396,0.9316,1.0629,1.0589,1.0369,0.9907,0.9445,1.0028,0.9335,0.9243,0.9109
1748935565.34951,1.3195,1.2811,1.3084,0.9455,0.9302,0.9375,1.0608,1.0342,1.0371,0.9926,0.9493,0.9917,0.927,0.9195,0.9085
1748935565.464488,1.3068,1.266,1.305,0.9531,0.9337,0.9343,1.0522,1.039,1.0312,0.9899,0.9681,0.984,0.9415,0.9235,0.9012
1748935565.5775301,1.3023,1.2665,1.2907,0.9447,0.9402,0.9318,1.0533,1.0449,1.0304,0.9958,0.934,0.9807,0.9423,0.9206,0.9036
1748935565.691519,1.2956,1.2534,1.2931,0.9407,0.9361,0.9345,1.0511,1.0439,1.0328,0.9813,0.9598,0.9834,0.9375,0.9251,0.8983
1748935565.811996,1.2915,1.2475,1.2929,0.9455,0.9343,0.9426,1.0651,1.0361,1.0337,0.9853,0.9463,0.9746,0.9316,0.912,0.9047
1748935565.919529,1.2891,1.2434,1.2905,0.9402,0.941,0.934,1.0412,1.0404,1.0331,0.9891,0.9549,0.9802,0.9361,0.9168,0.8991
1748935566.033501,1.2888,1.2405,1.2797,0.9447,0.9305,0.9404,1.0468,1.0474,1.031,0.9912,0.9501,0.9778,0.9367,0.9168,0.9012
1748935566.154036,1.288,1.2475,1.2856,0.9458,0.9265,0.9412,1.0503,1.0377,1.0194,0.9896,0.9574,0.9837,0.9337,0.9241,0.9074
1748935566.262336,1.2856,1.2416,1.2886,0.949,0.934,0.9469,1.0447,1.0353,1.021,0.9856,0.9622,0.9797,0.9391,0.9254,0.9039
1748935566.3755388,1.28,1.2475,1.2786,0.9447,0.9267,0.9329,1.0527,1.0272,1.0253,0.9842,0.9587,0.9896,0.9396,0.9297,0.9042
1748935566.4932039,1.2913,1.2733,1.2883,0.9501,0.927,0.9394,1.0422,1.0355,1.0191,0.9912,0.959,0.996,0.9386,0.9222,0.9004
1748935566.603581,1.3109,1.2781,1.3117,0.9391,0.9308,0.9404,1.0557,1.0307,1.0285,1.0049,0.9649,0.9821,0.9329,0.9259,0.905
1748935566.717653,1.3076,1.2577,1.298,0.9415,0.9243,0.9318,1.0522,1.0294,1.0194,1.0071,0.9654,0.9936,0.9337,0.9321,0.894
1748935566.83167,1.3114,1.2633,1.2956,0.9359,0.9235,0.9292,1.0584,1.0441,1.0242,1.01,0.9654,1.0073,0.9488,0.9348,0.9093
1748935566.945971,1.3208,1.2837,1.3216,0.9412,0.9273,0.9378,1.0522,1.0363,1.0307,1.0028,0.9633,0.9858,0.9439,0.9238,0.9063
1748935567.062189,1.3058,1.2674,1.2915,0.945,0.9326,0.9375,1.0495,1.0337,1.032,0.9968,0.956,0.9968,0.9544,0.9189,0.8999
1748935567.173565,1.2862,1.2402,1.2631,0.9445,0.9171,0.9345,1.0519,1.0299,1.014,0.9998,0.9614,0.9901,0.9426,0.9249,0.9015
1748935567.287563,1.2695,1.2327,1.2816,0.9404,0.9257,0.9418,1.05,1.0326,1.0304,0.9955,0.9592,0.9926,0.9434,0.9313,0.9066
1748935567.413955,1.2964,1.2477,1.2781,0.9353,0.9321,0.9391,1.0428,1.0339,1.024,0.9896,0.9533,0.9877,0.9407,0.9238,0.9074
1748935567.515622,1.2751,1.2263,1.27,0.9407,0.9211,0.934,1.0468,1.0401,1.0302,0.9821,0.9528,0.9837,0.9434,0.9243,0.9101
1748935567.6296792,1.2663,1.2096,1.269,0.9348,0.9238,0.9337,1.0436,1.0374,1.0248,0.9874,0.9504,0.9885,0.9482,0.9224,0.9149
1748935567.754982,1.2571,1.2276,1.2577,0.9458,0.9251,0.9324,1.0495,1.028,1.0245,0.984,0.9558,0.9805,0.9442,0.9289,0.8907
1748935567.8576798,1.2644,1.2185,1.251,0.9369,0.9294,0.9394,1.0474,1.0393,1.0275,0.9869,0.9509,0.992,0.9439,0.9219,0.9053
1748935567.9715672,1.2332,1.2048,1.237,0.9305,0.9157,0.9437,1.0355,1.0366,1.0221,0.9993,0.9681,1.002,0.9434,0.9249,0.8975
1748935568.086904,1.2456,1.2091,1.2416,0.9364,0.9251,0.9388,1.0508,1.0428,1.0275,1.0006,0.9652,1.0079,0.9418,0.9168,0.9039
1748935568.199594,1.2491,1.2107,1.244,0.9445,0.927,0.9539,1.0619,1.0487,1.0277,1.0103,0.9721,1.0122,0.9472,0.9173,0.9396
1748935568.313787,1.241,1.1929,1.2297,0.938,0.9187,0.9318,1.0474,1.0285,1.0253,1.0044,0.9614,1.0033,0.9477,0.9289,0.9109
1748935568.4362812,1.2346,1.1999,1.223,0.9367,0.9232,0.938,1.0471,1.0318,1.0213,0.9987,0.9692,1.0087,0.9482,0.9318,0.8942
1748935568.541613,1.237,1.1986,1.226,0.9383,0.9273,0.93,1.0471,1.0401,1.0173,0.9947,0.9689,1.0073,0.9402,0.9343,0.8953
1748935568.655613,1.2338,1.1932,1.2332,0.941,0.9329,0.9321,1.0476,1.0234,1.0178,1.0025,0.9695,1.0001,0.9434,0.9249,0.9012
1748935568.7803679,1.23,1.1841,1.2233,0.9335,0.9176,0.9335,1.0441,1.032,1.024,1.003,0.9697,1.0028,0.9356,0.9281,0.894
1748935568.88365,1.2324,1.1892,1.2281,0.9353,0.9281,0.9324,1.0476,1.0361,1.0216,0.999,0.9587,0.9947,0.9525,0.9198,0.9044
1748935568.997662,1.2327,1.179,1.2177,0.9445,0.9192,0.9345,1.0361,1.0379,1.0226,0.9923,0.9598,1.0049,0.9329,0.9224,0.9058
1748935569.115869,1.2281,1.198,1.2209,0.9305,0.9267,0.9348,1.0447,1.0253,1.0251,0.995,0.9697,0.996,0.945,0.9267,0.8977
1748935569.225661,1.2193,1.1768,1.2287,0.9316,0.9216,0.9396,1.0465,1.0388,1.0183,1.0114,0.9797,1.0264,0.938,0.9313,0.9375
1748935569.339655,1.2254,1.1755,1.2249,0.9359,0.9203,0.9431,1.0621,1.0516,1.0358,1.0028,0.9676,1.0173,0.9429,0.9284,0.9042
1748935569.453773,1.2335,1.1868,1.233,0.9359,0.9222,0.9359,1.0702,1.0484,1.0495,1.0022,0.9783,1.021,0.9421,0.9378,0.9122
1748935569.567669,1.2695,1.216,1.2805,0.9388,0.9313,0.9474,1.0702,1.071,1.0495,1.0119,0.9762,1.0275,0.9469,0.9281,0.9189
1748935569.681698,1.2695,1.2214,1.266,0.9439,0.9241,0.9418,1.0656,1.0653,1.053,0.9979,0.9587,1.0009,0.9407,0.9286,0.8977
1748935569.795666,1.2547,1.2104,1.2504,0.9418,0.9257,0.9399,1.0718,1.0739,1.0508,1.0119,0.9737,1.0087,0.9421,0.9316,0.8977
1748935569.910265,1.237,1.2066,1.2429,0.9423,0.9265,0.9388,1.0688,1.0688,1.0624,1.0038,0.9842,1.0122,0.9485,0.9152,0.9187
1748935570.024864,1.2418,1.2085,1.2512,0.9375,0.9321,0.9437,1.0686,1.0734,1.0664,1.0084,0.978,1.021,0.9472,0.9246,0.9251
1748935570.1376908,1.2416,1.2021,1.2609,0.9399,0.9348,0.9826,1.0893,1.0858,1.0804,1.0148,0.9802,1.0283,0.9536,0.9351,0.9246
1748935570.251779,1.2391,1.204,1.237,0.934,0.9302,0.9493,1.0782,1.0734,1.0664,1.0232,0.9974,1.0369,0.9418,0.9361,0.9198
1748935570.374648,1.233,1.1897,1.2338,0.9445,0.9224,0.9412,1.0747,1.0715,1.0498,1.0173,0.9837,1.0328,0.9437,0.9243,0.8964
1748935570.47973,1.2346,1.2029,1.2338,0.9391,0.9219,0.9372,1.0662,1.0675,1.0514,1.0226,0.9993,1.0339,0.9453,0.9284,0.8964
1748935570.5938828,1.2297,1.1932,1.2397,0.9359,0.9321,0.9356,1.0592,1.0568,1.0554,1.0154,0.985,1.0208,0.9437,0.9294,0.9042
1748935570.712826,1.2485,1.1841,1.2279,0.9391,0.9243,0.9434,1.0573,1.0559,1.0406,1.02,0.9893,1.0154,0.9445,0.9351,0.8972
1748935570.821713,1.2362,1.1989,1.2324,0.9517,0.9305,0.9442,1.067,1.0667,1.0412,1.0148,0.9907,1.0425,0.9472,0.9289,0.9643
1748935570.935808,1.2453,1.1951,1.2351,0.9474,0.9184,0.9388,1.0581,1.0514,1.0538,1.0003,0.9754,1.0275,0.9531,0.9198,0.9163
1748935571.049789,1.2343,1.1943,1.2448,0.9512,0.927,0.9378,1.0678,1.0511,1.0431,1.0253,0.9783,1.0345,0.9474,0.9294,0.9114
1748935571.1638,1.2416,1.1983,1.259,0.9407,0.9305,0.9375,1.0506,1.0465,1.0428,1.0318,0.984,1.0296,0.9525,0.9297,0.9112
1748935571.277798,1.2609,1.2115,1.2405,0.945,0.9267,0.9356,1.0584,1.0498,1.0337,1.013,0.9832,1.0248,0.9407,0.9316,0.9042
1748935571.3922071,1.2504,1.2166,1.2569,0.9493,0.9267,0.9343,1.0635,1.0468,1.0342,1.0146,0.9826,1.0175,0.9482,0.9238,0.8958
1748935571.5057652,1.2703,1.2254,1.2657,0.952,0.9284,0.9429,1.0653,1.0559,1.0347,1.0151,0.9807,1.0175,0.9412,0.923,0.8905
1748935571.633016,1.2781,1.2187,1.2698,0.9474,0.9203,0.941,1.064,1.0487,1.0465,1.0057,0.9767,1.0127,0.9386,0.9335,0.9098
1748935571.733706,1.2851,1.2305,1.2639,0.9404,0.9254,0.9399,1.0608,1.0508,1.0406,1.0092,0.9716,1.0143,0.9504,0.9203,0.9028
1748935571.847761,1.2749,1.2254,1.2588,0.9423,0.9259,0.9332,1.0519,1.0471,1.0277,1.0127,0.9695,1.024,0.945,0.9265,0.9176
1748935571.9706519,1.2853,1.2324,1.2749,0.9426,0.927,0.9412,1.0608,1.0436,1.0428,1.0052,0.97,1.0132,0.9512,0.93,0.9147
1748935572.0761118,1.2972,1.2279,1.2687,0.9431,0.9249,0.938,1.0691,1.0495,1.0396,1.0216,0.9786,1.0213,0.9506,0.9254,0.9028
1748935572.1898,1.2913,1.2362,1.2851,0.9445,0.9281,0.9335,1.0683,1.0508,1.0463,1.0355,0.9797,1.0242,0.952,0.9181,0.9098
1748935572.312622,1.2776,1.2246,1.2674,0.9525,0.9273,0.9375,1.0721,1.0578,1.0487,1.0197,0.9799,1.0186,0.9472,0.923,0.905
1748935572.417792,1.2714,1.2225,1.244,0.9418,0.9308,0.9329,1.0729,1.0573,1.0417,1.0245,0.9815,1.0205,0.9463,0.9292,0.9077
1748935572.531805,1.2598,1.2228,1.2418,0.9359,0.9195,0.9265,1.0546,1.0433,1.0409,1.0213,0.9711,1.0052,0.9423,0.9286,0.9012
1748935572.649803,1.2695,1.2064,1.2518,0.9552,0.9195,0.927,1.0632,1.0495,1.0302,1.0033,0.9635,1.0175,0.9461,0.9302,0.9112
1748935572.7600188,1.2512,1.1983,1.2512,0.9361,0.9198,0.9369,1.0713,1.0457,1.0374,1.0148,0.9778,1.0267,0.9394,0.9273,0.9069
1748935572.873801,1.2631,1.2061,1.2297,0.9407,0.9243,0.9386,1.0629,1.05,1.0404,1.0127,0.9826,1.0097,0.9509,0.9289,0.9042
1748935572.991267,1.2502,1.1913,1.2289,0.9482,0.9243,0.9326,1.0589,1.0535,1.0342,1.0079,0.9794,1.0054,0.9439,0.9286,0.9058
1748935573.10201,1.2284,1.2021,1.2322,0.9461,0.9238,0.9423,1.0605,1.0441,1.0299,0.9979,0.9713,0.9942,0.9517,0.9141,0.902
1748935573.2157838,1.2357,1.1932,1.2236,0.9265,0.9232,0.9348,1.0535,1.0428,1.032,1.0108,0.9638,1.002,0.9415,0.9251,0.8929
1748935573.329922,1.2588,1.1972,1.2284,0.9396,0.9157,0.9241,1.0637,1.0425,1.0275,0.9995,0.9646,1.0025,0.9466,0.913,0.8983
1748935573.443903,1.2585,1.2072,1.2391,0.948,0.9195,0.9421,1.0739,1.0498,1.0377,1.0076,0.9762,1.0178,0.9434,0.9286,0.898
1748935573.5593169,1.2518,1.2029,1.2316,0.9463,0.9211,0.9364,1.0648,1.0463,1.031,1.0162,0.9625,1.0003,0.9469,0.919,0.9128
1748935573.6718788,1.2343,1.2061,1.2322,0.9388,0.916,0.9332,1.0635,1.0554,1.0398,1.002,0.9724,1.0116,0.9501,0.9203,0.9063
1748935573.785828,1.2582,1.1921,1.2383,0.9434,0.923,0.9383,1.0541,1.0463,1.0307,1.0175,0.9668,1.0071,0.9429,0.9249,0.913
1748935573.9125912,1.2424,1.2021,1.2348,0.9555,0.9184,0.9316,1.049,1.0428,1.0232,1.0162,0.97,1.014,0.9549,0.9321,0.9055
1748935574.013908,1.2418,1.1819,1.2201,0.9493,0.9208,0.938,1.0557,1.0457,1.0259,1.0089,0.9724,1.0218,0.9533,0.9214,0.9077
1748935574.127819,1.2273,1.187,1.2303,0.9482,0.9101,0.9281,1.0578,1.042,1.024,1.0194,0.9665,1.0202,0.9367,0.9195,0.9125
1748935574.2504241,1.2289,1.1846,1.2217,0.9477,0.9189,0.9369,1.0605,1.0374,1.0242,1.0124,0.9684,1.0119,0.9421,0.9214,0.9136
1748935574.355861,1.2475,1.1809,1.2314,0.9498,0.9192,0.9359,1.0487,1.0323,1.0216,1.0116,0.9778,1.0135,0.9609,0.9308,0.9141
1748935574.469821,1.2305,1.1911,1.2271,0.9439,0.9208,0.9348,1.0546,1.0358,1.0248,1.0095,0.9818,1.0132,0.9461,0.9241,0.9157
1748935574.591831,1.23,1.1795,1.2348,0.9439,0.9176,0.9418,1.0549,1.0379,1.0267,1.0011,0.9732,1.0355,0.9571,0.9313,0.9598
1748935574.697984,1.234,1.1919,1.2268,0.945,0.9141,0.9313,1.0474,1.0401,1.0194,1.0178,0.9802,0.9998,0.9463,0.9246,0.9101
1748935574.811903,1.2295,1.1849,1.2365,0.9506,0.9144,0.9316,1.0444,1.0245,1.0264,1.0044,0.9668,1.0218,0.9383,0.9224,0.9294
1748935574.9296489,1.2287,1.19,1.2671,0.9501,0.92,0.9646,1.0584,1.0302,1.0229,1.0162,0.9912,1.0197,0.9547,0.9369,0.9512
1748935575.040458,1.2421,1.1927,1.2359,0.9412,0.9278,0.9469,1.0484,1.0417,1.0291,1.0167,0.9737,1.0197,0.948,0.9343,0.9568
1748935575.153943,1.2327,1.1905,1.233,0.9372,0.9141,0.9294,1.0514,1.0363,1.0248,1.0146,0.9799,1.0116,0.948,0.9267,0.9275
1748935575.270197,1.2316,1.2058,1.2327,0.9552,0.9112,0.9316,1.0519,1.0487,1.0326,1.0111,0.9821,1.006,0.9455,0.9238,0.9246
1748935575.382329,1.233,1.1937,1.2953,0.9407,0.9326,0.9708,1.0734,1.0578,1.0471,1.0124,0.9748,1.0667,0.9635,0.9372,1.0479
1748935575.495902,1.2644,1.2066,1.2918,0.9544,0.9302,0.977,1.078,1.0702,1.0417,1.01,0.97,1.0678,0.9587,0.9429,1.0409
1748935575.610593,1.2563,1.2032,1.2727,0.9466,0.9238,0.959,1.0594,1.0498,1.0404,1.0122,0.9756,1.0396,0.9695,0.9388,1.0323
1748935575.724034,1.2539,1.1983,1.2894,0.9493,0.9308,0.9689,1.0742,1.0678,1.0409,1.0138,0.9735,1.0608,0.9754,0.9345,1.0482
1748935575.8379352,1.2674,1.205,1.2437,0.9466,0.9284,0.9447,1.0535,1.0533,1.0323,1.0081,0.9676,1.0173,0.9498,0.9284,0.9044
1748935575.9520068,1.2391,1.1991,1.273,0.9509,0.9187,0.9378,1.064,1.0549,1.0406,1.0202,0.9885,1.0291,0.9582,0.9305,0.9163
1748935576.065956,1.2426,1.194,1.248,0.9506,0.9275,0.9332,1.0782,1.0546,1.024,1.0331,0.9705,1.0251,0.9533,0.9391,0.9332
1748935576.181207,1.222,1.1811,1.2179,0.9453,0.9074,0.934,1.0592,1.0414,1.0288,1.0157,0.977,1.0205,0.9472,0.9326,0.9023
1748935576.29394,1.2091,1.1755,1.2166,0.9369,0.916,0.9404,1.0551,1.0337,1.0132,1.0208,0.9805,1.0259,0.9506,0.9359,0.9093
1748935576.424758,1.2002,1.1588,1.1972,0.9369,0.9222,0.9343,1.0538,1.0267,1.0097,1.02,0.9791,1.0248,0.9555,0.9329,0.9026
1748935576.523031,1.1997,1.1561,1.1959,0.9412,0.9246,0.9356,1.0487,1.0404,1.0216,1.0033,0.9869,1.0269,0.9622,0.9324,0.8975
1748935576.635942,1.2021,1.1596,1.2096,0.9477,0.9251,0.9595,1.0559,1.046,1.0444,1.0197,0.985,1.0847,0.9703,0.956,1.0471
1748935576.74995,1.1956,1.1438,1.2485,0.9504,0.9259,0.9681,1.0664,1.0508,1.0371,1.0272,0.9923,1.0705,0.9737,0.9555,1.0398
1748935576.869534,1.1854,1.1403,1.2254,0.9552,0.9308,0.9587,1.0667,1.0465,1.0245,1.0363,0.9869,1.0758,0.9721,0.9388,1.0592
1748935576.977964,1.1857,1.1408,1.2263,0.952,0.9337,0.9684,1.0557,1.039,1.0242,1.0186,0.996,1.0801,0.9799,0.9614,1.0541
1748935577.0919838,1.1825,1.1341,1.2279,0.9584,0.9332,0.9584,1.0632,1.0439,1.0259,1.0218,0.9888,1.0766,0.9711,0.9523,1.0393
1748935577.2098198,1.1892,1.1422,1.204,0.941,0.9294,0.9439,1.0492,1.0479,1.0315,1.0345,0.9829,1.0468,0.9665,0.9506,0.9633
1748935577.319995,1.1806,1.1446,1.1908,0.9493,0.9321,0.9482,1.0479,1.0388,1.0162,1.032,0.9934,1.0425,0.9633,0.9539,0.956
1748935577.4343429,1.1803,1.1325,1.1908,0.956,0.9195,0.9453,1.0514,1.0337,1.0178,1.0366,0.9963,1.0444,0.9614,0.9439,0.9415
1748935577.548044,1.1725,1.1207,1.1809,0.9501,0.92,0.9399,1.0409,1.0296,1.0105,1.0283,0.9939,1.0396,0.9635,0.9442,0.9426
1748935577.6621308,1.183,1.1285,1.2015,0.9482,0.9216,0.9388,1.0565,1.0304,1.0237,1.02,0.9901,1.0404,0.9676,0.9533,0.9759
1748935577.7760189,1.1755,1.1277,1.1717,0.938,0.9238,0.9455,1.0447,1.0261,1.0165,1.0245,0.9939,1.0377,0.9641,0.941,0.9563
1748935577.896103,1.1704,1.1097,1.1758,0.9474,0.9286,0.9463,1.0431,1.0291,1.0089,1.0218,0.9778,1.0417,0.9627,0.9297,1.0229
1748935578.004559,1.1685,1.1201,1.1935,0.9423,0.9187,0.9496,1.0476,1.0379,1.0253,1.0312,0.9909,1.0549,0.9657,0.9442,1.0248
1748935578.1180081,1.1838,1.1384,1.1803,0.9498,0.9316,0.9372,1.039,1.0296,1.0108,1.0135,0.9794,1.0173,0.9501,0.9316,0.9093
1748935578.239897,1.2206,1.1639,1.1994,0.9463,0.9297,0.9356,1.0414,1.0409,1.0178,1.0234,0.9657,1.0071,0.9469,0.9254,0.9071
1748935578.346148,1.2365,1.1881,1.2263,0.9678,0.9216,0.9421,1.0662,1.0417,1.0194,1.0304,0.9893,1.0097,0.9641,0.9399,0.9042
1748935578.460174,1.2574,1.1999,1.2327,0.9686,0.9378,0.9378,1.0782,1.0414,1.017,1.0269,0.9708,1.0119,0.9539,0.934,0.8972
1748935578.5777438,1.2982,1.2303,1.2735,0.9797,0.934,0.9418,1.0739,1.0463,1.0264,1.0269,0.9861,1.0189,0.9528,0.9348,0.9042
1748935578.688433,1.3095,1.2485,1.2843,0.9754,0.9361,0.9426,1.085,1.0455,1.0323,1.0092,0.977,1.0033,0.9496,0.9259,0.9069
1748935578.802124,1.3342,1.2741,1.3165,0.9791,0.9329,0.9549,1.0823,1.0557,1.0379,1.0251,0.9713,1.0073,0.9579,0.9402,0.9087
1748935578.9161642,1.3635,1.3095,1.3487,0.985,0.9488,0.9477,1.0809,1.0573,1.0363,1.0242,0.9692,1.0089,0.9617,0.934,0.9058
1748935579.03009,1.3439,1.2985,1.3393,0.9729,0.9434,0.9555,1.0785,1.0516,1.0323,1.0202,0.9751,1.0044,0.9582,0.9372,0.9206
1748935579.145579,1.374,1.3307,1.3544,0.9713,0.9415,0.9525,1.079,1.0581,1.0283,1.013,0.9657,0.9944,0.9488,0.9278,0.9093
1748935579.2580879,1.3861,1.3471,1.37,0.977,0.9407,0.9442,1.071,1.057,1.0412,1.0138,0.9662,1.0063,0.9555,0.9284,0.9063
1748935579.372142,1.3678,1.3251,1.3581,0.9737,0.9439,0.956,1.0753,1.0522,1.0371,1.0205,0.9584,0.9987,0.9498,0.9254,0.9093
1748935579.493189,1.3673,1.3154,1.367,0.9724,0.9461,0.9477,1.0801,1.0554,1.0398,1.024,0.9697,1.0006,0.9525,0.9251,0.913
1748935579.600119,1.367,1.3047,1.3533,0.9751,0.9361,0.9509,1.0782,1.0551,1.0385,1.0369,0.9737,1.0108,0.948,0.9257,0.9128
1748935579.714061,1.3584,1.3095,1.3342,0.9697,0.9498,0.9515,1.0933,1.0565,1.0337,1.0361,0.981,1.02,0.9574,0.9267,0.9031
1748935579.8349178,1.3552,1.3087,1.3439,0.9654,0.9404,0.9455,1.0844,1.0605,1.0484,1.0358,0.9713,1.0165,0.948,0.9259,0.9069
1748935579.942084,1.3461,1.3004,1.3216,0.9697,0.9364,0.949,1.0761,1.0498,1.0417,1.0269,0.9767,1.0009,0.9372,0.9235,0.9069
1748935580.056111,1.3345,1.2848,1.3216,0.9692,0.9372,0.9474,1.071,1.0589,1.0385,1.0256,0.9767,1.0092,0.952,0.9232,0.8996
1748935580.170233,1.3404,1.2797,1.3192,0.974,0.9404,0.9402,1.067,1.0468,1.0337,1.0307,0.9735,1.0154,0.9547,0.9313,0.9047
1748935580.284083,1.3256,1.2749,1.3119,0.9673,0.9313,0.9399,1.0903,1.0455,1.0444,1.0471,0.9783,1.0159,0.9528,0.9313,0.8956
1748935580.399694,1.3326,1.2714,1.3154,0.9775,0.9316,0.9418,1.0952,1.0592,1.035,1.0535,0.9834,1.0221,0.9676,0.938,0.9055
1748935580.5121448,1.3286,1.269,1.3144,0.9751,0.9332,0.9415,1.0981,1.0578,1.0315,1.0463,0.992,1.0328,0.9614,0.9176,0.913
1748935580.6260831,1.3162,1.2448,1.2999,0.9775,0.9388,0.9434,1.0884,1.0653,1.0342,1.0519,0.9909,1.0264,0.9724,0.9388,0.93
1748935580.7497962,1.2942,1.2413,1.2888,0.9737,0.9302,0.9396,1.085,1.0498,1.0304,1.0449,0.9872,1.0259,0.9681,0.9259,0.9179
1748935580.854263,1.284,1.2249,1.2684,0.9748,0.9302,0.9394,1.0868,1.0474,1.024,1.0447,0.984,1.0202,0.9635,0.9198,0.9122
1748935580.968113,1.2765,1.2083,1.2574,0.9711,0.9267,0.938,1.0745,1.0382,1.0208,1.0342,0.9874,1.0234,0.9582,0.923,0.8846
1748935581.09087,1.2612,1.2107,1.2354,0.9619,0.9284,0.93,1.0707,1.0495,1.0234,1.0465,0.9778,1.0073,0.9625,0.9348,0.9023
1748935581.196117,1.2703,1.219,1.2475,0.9657,0.9198,0.9321,1.0884,1.0589,1.0264,1.06,0.985,1.02,0.9676,0.9321,0.9082
1748935581.310169,1.2652,1.2007,1.2437,0.9673,0.9262,0.9294,1.0686,1.0465,1.0248,1.0511,0.9901,1.0208,0.9716,0.9246,0.9079
1748935581.430225,1.2687,1.2005,1.2289,0.9708,0.9348,0.9337,1.0721,1.0449,1.0288,1.0468,0.9864,1.0213,0.9759,0.934,0.9001
1748935581.538202,1.2682,1.1948,1.2437,0.9737,0.9198,0.9232,1.0774,1.0439,1.0229,1.0417,0.9845,1.0162,0.9681,0.9294,0.8999
1748935581.6527638,1.2647,1.2166,1.2553,0.9539,0.9235,0.9396,1.0557,1.0439,1.0175,1.0234,0.9759,1.0063,0.9657,0.9289,0.8897
1748935581.778625,1.2625,1.1999,1.2365,0.956,0.9313,0.9378,1.0594,1.0294,1.0208,1.0275,0.9845,1.0073,0.9595,0.9292,0.8988
1748935581.880213,1.277,1.2174,1.2346,0.9654,0.9187,0.9241,1.0694,1.0447,1.0194,1.0326,0.9815,1.0028,0.9692,0.9224,0.8934
1748935581.9942431,1.2692,1.2252,1.266,0.9662,0.9232,0.9308,1.0635,1.0482,1.0275,1.0304,0.9695,1.0014,0.9509,0.9214,0.8969
1748935582.126508,1.2714,1.2273,1.2622,0.9541,0.9189,0.927,1.0729,1.0565,1.0347,1.0205,0.9595,1.01,0.9579,0.9232,0.8999
1748935582.222317,1.2972,1.2391,1.2733,0.949,0.9125,0.9324,1.0651,1.0452,1.0366,1.0175,0.9743,1.0054,0.9568,0.9275,0.9053
1748935582.336307,1.2811,1.2418,1.2606,0.9549,0.9262,0.9316,1.064,1.0592,1.0431,1.0103,0.9767,1.0089,0.9531,0.9254,0.9039
1748935582.45222,1.2821,1.2324,1.2719,0.9455,0.9235,0.9257,1.0653,1.0484,1.0315,1.0259,0.9727,0.992,0.9472,0.9313,0.8991
1748935582.564241,1.2966,1.2421,1.2741,0.9429,0.9206,0.9265,1.0758,1.0678,1.0449,1.02,0.9746,1.0135,0.9617,0.9173,0.9104
1748935582.678154,1.27,1.23,1.2628,0.9584,0.9157,0.9335,1.0726,1.0616,1.039,1.0079,0.9732,1.0044,0.9412,0.9316,0.9138
1748935582.801562,1.2574,1.2225,1.2491,0.9351,0.9224,0.9396,1.0675,1.046,1.0377,0.999,0.9638,1.0097,0.952,0.9292,0.8924
1748935582.906347,1.2682,1.2314,1.2622,0.938,0.9324,0.9249,1.0688,1.0592,1.0302,0.9931,0.9638,0.9982,0.9453,0.9294,0.9042
1748935583.0202072,1.2566,1.2233,1.2475,0.9421,0.9206,0.9259,1.0656,1.0597,1.0345,0.9947,0.9576,1.0033,0.9434,0.9235,0.9031
1748935583.1416981,1.2679,1.2217,1.2571,0.9458,0.9144,0.9378,1.0616,1.0474,1.0345,1.0068,0.9697,1.0036,0.9466,0.931,0.8886
1748935583.24828,1.2786,1.2246,1.2655,0.9426,0.916,0.9246,1.071,1.0455,1.0358,0.9926,0.9563,0.9947,0.9388,0.9262,0.8996
1748935583.362292,1.277,1.2174,1.2416,0.9431,0.9216,0.9281,1.0664,1.0433,1.0245,1.0046,0.97,0.9917,0.9482,0.9324,0.9082
1748935583.480557,1.2765,1.2254,1.2461,0.9305,0.9128,0.9332,1.0715,1.0492,1.0296,1.0009,0.9536,0.9952,0.9437,0.9106,0.9018
1748935583.590278,1.2706,1.2174,1.2606,0.93,0.9222,0.9388,1.0602,1.0492,1.0334,0.996,0.9638,0.9931,0.9434,0.9216,0.9031
1748935583.704292,1.2859,1.2295,1.2663,0.9369,0.9171,0.9284,1.0568,1.0417,1.0294,1.0044,0.9614,0.988,0.934,0.9265,0.8988
1748935583.8186,1.2999,1.251,1.2813,0.9447,0.9079,0.9238,1.0522,1.0377,1.0191,0.9813,0.9719,0.988,0.9442,0.9243,0.9044
1748935583.932213,1.2816,1.2354,1.2692,0.9386,0.9149,0.9165,1.046,1.0479,1.0393,0.9936,0.9558,0.9912,0.9402,0.9329,0.8988
1748935584.051627,1.2606,1.2225,1.2528,0.9375,0.9189,0.9388,1.0535,1.0382,1.0264,0.9904,0.9665,0.9891,0.9399,0.9133,0.8964
1748935584.162213,1.2561,1.2117,1.2348,0.9391,0.9117,0.9302,1.0487,1.0449,1.0288,0.9971,0.9695,0.9928,0.9407,0.9173,0.905
1748935584.2742531,1.2502,1.2056,1.2424,0.9313,0.9168,0.9214,1.0533,1.0366,1.0296,0.9974,0.9579,0.9893,0.9512,0.9241,0.9039
1748935584.388271,1.2467,1.2203,1.2408,0.9289,0.9128,0.9189,1.0471,1.0345,1.0229,0.9936,0.9582,0.9888,0.9418,0.9165,0.8988
1748935584.502385,1.2596,1.2187,1.2475,0.9278,0.9122,0.9203,1.0559,1.0355,1.0251,1.0095,0.9574,0.9909,0.9434,0.9318,0.8991
1748935584.6168032,1.2738,1.2362,1.2628,0.9458,0.9171,0.9313,1.0565,1.0482,1.0342,1.0036,0.9531,0.9923,0.9394,0.9168,0.8988
1748935584.7309172,1.3418,1.3023,1.3256,0.9515,0.9316,0.9324,1.078,1.057,1.0455,1.0011,0.9582,0.9982,0.9501,0.9141,0.8905
1748935584.8442721,1.3847,1.3487,1.3702,0.9525,0.9181,0.9345,1.0769,1.0656,1.0511,0.9947,0.9662,0.9883,0.9477,0.9286,0.9001
1748935584.9583318,1.4164,1.3778,1.4232,0.9566,0.9192,0.9474,1.0774,1.0533,1.0484,1.0068,0.9635,0.9853,0.9509,0.9318,0.8975
1748935585.081485,1.4261,1.3885,1.4167,0.9595,0.9284,0.948,1.0772,1.0559,1.0439,1.0143,0.9654,1.0022,0.9421,0.9281,0.9042
1748935585.186354,1.4232,1.3831,1.3971,0.9592,0.9324,0.9286,1.0602,1.0629,1.0417,0.9966,0.9619,1.0124,0.9369,0.9273,0.9101
1748935585.3009028,1.4073,1.3587,1.3842,0.9652,0.9289,0.9421,1.0605,1.0653,1.0479,1.0036,0.9461,0.9942,0.9544,0.9318,0.9015
1748935585.426327,1.3955,1.3552,1.3815,0.9576,0.9265,0.9369,1.0535,1.0406,1.0425,0.9829,0.9754,0.9904,0.9421,0.9192,0.8918
1748935585.528325,1.3681,1.3273,1.3536,0.9378,0.938,0.9458,1.0495,1.0594,1.042,0.992,0.9724,0.9979,0.9335,0.9243,0.9012
1748935585.642303,1.3576,1.306,1.3487,0.9472,0.9383,0.9458,1.0715,1.0557,1.0611,0.9759,0.9598,1.0006,0.9321,0.9224,0.9001
1748935585.763157,1.3415,1.309,1.3329,0.9447,0.9329,0.9453,1.067,1.0656,1.0431,0.9958,0.9584,0.9942,0.9313,0.9238,0.8977
1748935585.8702989,1.3329,1.2939,1.3246,0.9429,0.9356,0.93,1.071,1.0613,1.0382,0.9883,0.9598,1.0041,0.9437,0.9292,0.8899
1748935585.98443,1.3423,1.2961,1.3262,0.9313,0.9329,0.9372,1.0635,1.05,1.0412,1.0038,0.9429,0.9866,0.9321,0.9187,0.9098
1748935586.099297,1.3173,1.2939,1.3278,0.9367,0.9294,0.9442,1.0482,1.0484,1.0409,0.9955,0.9574,0.9783,0.9286,0.9163,0.9106
1748935586.21245,1.3195,1.287,1.3114,0.9318,0.9329,0.9243,1.0382,1.0508,1.0398,0.9998,0.9582,0.9622,0.9437,0.9192,0.9012
1748935586.326337,1.335,1.2819,1.3141,0.9262,0.9278,0.9482,1.0535,1.0318,1.0318,0.9966,0.9584,0.9872,0.9369,0.9093,0.8937
1748935586.440319,1.3179,1.2751,1.3079,0.9284,0.9187,0.9501,1.0439,1.0495,1.0345,0.9772,0.9568,0.9815,0.9173,0.9039,0.8905
1748935586.5544472,1.3114,1.298,1.3012,0.931,0.9407,0.9466,1.0476,1.0503,1.0122,0.9861,0.9515,0.9901,0.9415,0.9171,0.8907
1748935586.671345,1.3195,1.2848,1.309,0.9445,0.9179,0.938,1.0388,1.0441,1.0304,0.9818,0.9439,0.9638,0.9369,0.9426,0.8993
1748935586.782976,1.3114,1.2824,1.3152,0.9423,0.9168,0.9429,1.0605,1.0337,1.0347,0.9869,0.9603,0.9759,0.9482,0.9085,0.8899
1748935586.896383,1.3426,1.3033,1.3141,0.9369,0.9343,0.9275,1.0444,1.0562,1.039,0.9783,0.9552,0.9797,0.9372,0.916,0.9023
1748935587.020424,1.3286,1.3076,1.3407,0.9442,0.9211,0.9458,1.0533,1.0401,1.0208,0.9866,0.9539,0.9708,0.9426,0.923,0.9001
1748935587.124369,1.3281,1.2899,1.331,0.9469,0.9297,0.9243,1.0508,1.035,1.0377,0.9837,0.9614,0.981,0.9517,0.9184,0.8886
1748935587.238396,1.3324,1.2969,1.324,0.9423,0.9318,0.93,1.0363,1.0503,1.028,0.9823,0.9689,0.9652,0.9356,0.9447,0.8985
1748935587.361403,1.3289,1.2985,1.3154,0.9501,0.9192,0.9434,1.0533,1.0508,1.0422,0.9813,0.9549,0.9813,0.9399,0.912,0.9168
1748935587.4664588,1.3189,1.2964,1.323,0.9455,0.9343,0.9437,1.0482,1.0516,1.0358,0.9966,0.9549,0.9853,0.9251,0.9085,0.8854
1748935587.5804212,1.3318,1.2888,1.313,0.9302,0.9241,0.9359,1.0549,1.0264,1.0463,0.9799,0.9652,0.9832,0.9525,0.9275,0.8969
1748935587.7030048,1.3146,1.2934,1.3047,0.931,0.9286,0.9463,1.0371,1.0339,1.021,0.9963,0.9501,0.9746,0.9421,0.9101,0.9053
1748935587.8083782,1.3321,1.277,1.3157,0.9415,0.9112,0.9396,1.057,1.0417,1.0393,0.9944,0.9332,0.9813,0.9423,0.9305,0.9036
1748935587.922431,1.3146,1.2757,1.3076,0.9496,0.9079,0.9353,1.0476,1.0229,1.0245,0.9746,0.9372,0.9598,0.9383,0.9206,0.8816
1748935588.0400388,1.3133,1.2781,1.3015,0.9278,0.9251,0.9246,1.0605,1.0398,1.028,0.9901,0.963,0.9737,0.9273,0.9305,0.8843
1748935588.150542,1.3192,1.2845,1.3098,0.9399,0.9224,0.9326,1.035,1.0358,1.0361,0.9737,0.9563,0.9832,0.945,0.9128,0.8975
1748935588.26513,1.3144,1.2749,1.3063,0.9402,0.9187,0.9259,1.0449,1.0374,1.0256,0.9853,0.9584,0.9686,0.9273,0.9176,0.884
1748935588.378507,1.3106,1.2676,1.2867,0.9337,0.9203,0.941,1.0538,1.0433,1.0302,0.9912,0.9504,0.963,0.9157,0.9257,0.8803
1748935588.4924102,1.305,1.2647,1.2835,0.9431,0.9321,0.934,1.0508,1.0291,1.0331,0.9721,0.9531,0.9692,0.9259,0.9211,0.9117
1748935588.606553,1.2999,1.2794,1.2956,0.9224,0.9431,0.941,1.0468,1.0165,1.0337,0.9625,0.956,0.9737,0.9356,0.9171,0.8975
1748935588.720481,1.309,1.2703,1.2883,0.934,0.909,0.9316,1.0471,1.0425,1.02,0.9686,0.9477,0.977,0.9369,0.9302,0.8862
1748935588.834451,1.2956,1.2561,1.2851,0.9324,0.9149,0.9369,1.0546,1.0299,1.0342,0.9883,0.9549,0.9676,0.9364,0.9343,0.8918
1748935588.953227,1.2996,1.2622,1.2953,0.9437,0.9112,0.9477,1.042,1.0412,1.0264,0.9818,0.9606,0.967,0.9278,0.9171,0.8881
1748935589.0624928,1.2872,1.2784,1.2776,0.9329,0.9227,0.9246,1.0487,1.0474,1.0302,0.9649,0.959,0.978,0.9286,0.9361,0.8899
1748935589.176461,1.2794,1.2622,1.2805,0.9275,0.9224,0.9356,1.0516,1.0221,1.0412,0.981,0.9493,0.9737,0.9353,0.9104,0.8878
1748935589.299278,1.2999,1.2416,1.2784,0.9275,0.9195,0.9372,1.0433,1.0433,1.0124,0.9737,0.9426,0.9721,0.9442,0.9235,0.8921
1748935589.40449,1.305,1.2695,1.3012,0.9598,0.9305,0.9356,1.0549,1.0371,1.0275,0.9703,0.9641,0.988,0.9388,0.9224,0.8958
1748935589.518528,1.3071,1.2778,1.3007,0.938,0.9246,0.9439,1.0398,1.0304,1.0302,0.9826,0.9571,0.9888,0.9302,0.9265,0.8988
1748935589.632852,1.3318,1.2805,1.3152,0.9485,0.9281,0.9375,1.0629,1.0492,1.0433,0.9711,0.9461,0.9592,0.931,0.9305,0.8983
1748935589.74685,1.3302,1.2907,1.316,0.9434,0.9412,0.9372,1.046,1.053,1.0559,0.9786,0.9541,0.97,0.9335,0.9047,0.898
1748935589.86052,1.3316,1.2961,1.3243,0.931,0.9391,0.9515,1.0543,1.035,1.0425,0.9821,0.9369,0.9778,0.9284,0.9211,0.8988
1748935589.974524,1.324,1.3039,1.3297,0.9509,0.9523,0.9558,1.0568,1.0581,1.0342,0.9635,0.9512,0.9899,0.9308,0.9232,0.8996
1748935590.088508,1.3439,1.2953,1.3324,0.9463,0.9453,0.9533,1.0683,1.0551,1.0412,0.9676,0.9576,0.9732,0.9316,0.9055,0.8956
1748935590.202604,1.3498,1.3149,1.3415,0.9396,0.9337,0.9369,1.0705,1.0554,1.0396,0.9697,0.9506,0.9678,0.9235,0.9265,0.8988
1748935590.316673,1.3442,1.3012,1.3391,0.9284,0.9335,0.9431,1.0624,1.0533,1.0506,0.9692,0.9525,0.9654,0.9257,0.9224,0.9117
1748935590.430787,1.3493,1.3195,1.3458,0.9367,0.9275,0.9426,1.0608,1.0484,1.0431,0.9899,0.9485,0.9713,0.9375,0.9087,0.895
1748935590.544497,1.3463,1.3007,1.3326,0.9474,0.9326,0.948,1.0597,1.0455,1.0511,0.9729,0.9372,0.9805,0.9249,0.9069,0.8921
