timestamp,R0C0,R0C1,R0C2,R1C0,R1C1,R1C2,R2C0,R2C1,R2C2,R3C0,R3C1,R3C2,R4C0,R4C1,R4C2
1748799117.29503,1.6783,1.5851,1.6364,1.204,1.1261,1.104,1.5113,1.3769,1.349,1.3716,1.2816,1.4159,1.3259,1.1747,1.1188
1748799117.387775,1.659,1.5795,1.67,1.1964,1.1661,1.0914,1.4938,1.3662,1.3514,1.3471,1.23,1.3557,1.2708,1.1175,0.9805
1748799117.49305,1.6829,1.5832,1.652,1.1814,1.1215,1.089,1.5002,1.3796,1.3401,1.3794,1.244,1.4411,1.3396,1.1631,1.1376
1748799117.602317,1.6609,1.5822,1.6679,1.1857,1.1454,1.1073,1.5274,1.3611,1.3122,1.3665,1.2512,1.3968,1.3528,1.1553,1.0807
1748799117.715318,1.6665,1.5768,1.6472,1.1814,1.1473,1.0887,1.518,1.3812,1.3205,1.3686,1.2579,1.3794,1.2886,1.1255,0.9866
1748799117.828584,1.6945,1.5819,1.6496,1.204,1.1537,1.1078,1.5174,1.3538,1.3458,1.3538,1.2386,1.3829,1.2649,1.1398,0.9858
1748799118.0141819,1.6574,1.5773,1.6654,1.1768,1.1261,1.0944,1.5244,1.3772,1.306,1.3686,1.2561,1.3796,1.3066,1.1486,1.0573
1748799118.055212,1.6587,1.5795,1.6499,1.1787,1.1392,1.0989,1.5268,1.3512,1.3307,1.3463,1.223,1.3767,1.2899,1.1218,0.9762
1748799118.167464,1.67,1.5824,1.6448,1.1846,1.1599,1.0925,1.5196,1.345,1.353,1.3305,1.2451,1.3759,1.3119,1.1212,1.0302
1748799118.280409,1.6888,1.5642,1.6813,1.2053,1.1258,1.1094,1.5258,1.3547,1.3264,1.3598,1.2424,1.3662,1.2811,1.1306,1.0033
1748799118.393417,1.6971,1.5816,1.6767,1.1935,1.1449,1.0954,1.5008,1.3565,1.3146,1.378,1.208,1.3453,1.295,1.1411,0.96
1748799118.506746,1.6714,1.5744,1.6673,1.2029,1.1685,1.1094,1.4863,1.3584,1.3055,1.3259,1.2507,1.3649,1.2921,1.121,1.0482
1748799118.6193438,1.6963,1.5618,1.6593,1.2252,1.133,1.0987,1.5188,1.3305,1.309,1.3812,1.2338,1.3498,1.32,1.115,1.0052
1748799118.732268,1.7173,1.6074,1.6953,1.2064,1.1543,1.1258,1.5139,1.3525,1.3267,1.3493,1.2502,1.3839,1.309,1.1325,1.0046
1748799118.8454452,1.7033,1.6058,1.6719,1.1975,1.1212,1.0863,1.4914,1.3662,1.3256,1.3348,1.2692,1.3923,1.2856,1.1236,1.0334
1748799118.9605398,1.684,1.5902,1.6445,1.1962,1.1443,1.0936,1.4927,1.3307,1.3361,1.3444,1.2459,1.3659,1.2961,1.0984,1.0006
1748799119.071286,1.7065,1.5814,1.6714,1.1849,1.151,1.085,1.4871,1.3571,1.2843,1.3614,1.233,1.3794,1.3133,1.1013,1.0041
1748799119.184457,1.6861,1.5908,1.6512,1.1508,1.1443,1.0941,1.4634,1.309,1.3066,1.3324,1.219,1.3326,1.2886,1.0941,0.959
1748799119.2972429,1.6603,1.5792,1.6585,1.1779,1.1438,1.0586,1.4763,1.3273,1.3025,1.3528,1.2214,1.3724,1.2741,1.1188,1.0022
1748799119.413615,1.6657,1.5529,1.6458,1.186,1.147,1.0651,1.4704,1.3189,1.2945,1.3283,1.2488,1.3514,1.2359,1.1282,1.0049
1748799119.524223,1.6679,1.5722,1.6563,1.1733,1.125,1.0927,1.5024,1.3358,1.3149,1.3565,1.2252,1.3718,1.2558,1.1223,1.0006
1748799119.636241,1.6861,1.5502,1.6343,1.1779,1.1215,1.0836,1.5053,1.2966,1.2969,1.3726,1.2225,1.363,1.2827,1.0995,0.8991
1748799119.749312,1.68,1.5682,1.6195,1.1929,1.1196,1.085,1.4771,1.3071,1.2835,1.3522,1.2308,1.3555,1.2614,1.1,0.9378
1748799119.862484,1.6469,1.5352,1.6265,1.1747,1.1236,1.093,1.4538,1.3136,1.2735,1.3627,1.2335,1.3192,1.251,1.107,0.9093
1748799119.975471,1.6397,1.5432,1.6222,1.187,1.1201,1.0723,1.4702,1.3122,1.2867,1.3203,1.2002,1.3305,1.2496,1.1261,0.9198
1748799120.088274,1.6372,1.5529,1.6045,1.1682,1.1253,1.0788,1.4508,1.2781,1.2907,1.352,1.2308,1.3232,1.2177,1.1097,0.8832
1748799120.201473,1.666,1.573,1.6335,1.1744,1.1384,1.0718,1.457,1.3087,1.3004,1.3264,1.2134,1.338,1.2101,1.097,0.9012
1748799120.314292,1.6429,1.5749,1.6203,1.1583,1.1384,1.0758,1.4788,1.2929,1.2816,1.3611,1.1946,1.3109,1.2126,1.0782,0.9055
1748799120.430219,1.6665,1.5419,1.6131,1.168,1.1258,1.0938,1.4559,1.2757,1.2657,1.3455,1.2163,1.324,1.2319,1.1005,0.8889
1748799120.541187,1.6483,1.5403,1.6104,1.1535,1.1129,1.0954,1.4532,1.2966,1.2749,1.3431,1.2445,1.3136,1.2279,1.093,0.9224
1748799120.653235,1.6432,1.547,1.6265,1.1462,1.1551,1.0785,1.4669,1.2751,1.2472,1.3348,1.2389,1.3501,1.2499,1.0933,0.9232
1748799120.766488,1.6654,1.547,1.6047,1.1607,1.1266,1.0852,1.4675,1.2843,1.2617,1.3538,1.2211,1.3316,1.2195,1.1105,0.8937
1748799120.884516,1.6316,1.5687,1.6093,1.1524,1.1328,1.057,1.4524,1.2947,1.2577,1.32,1.226,1.3264,1.2295,1.097,0.8932
1748799120.9928498,1.6558,1.543,1.6088,1.1567,1.1024,1.0914,1.4624,1.2926,1.2886,1.3345,1.2002,1.3068,1.2547,1.1091,0.9157
1748799121.1052759,1.6372,1.5567,1.6155,1.1475,1.0981,1.0702,1.4344,1.2926,1.277,1.3579,1.2542,1.3393,1.2351,1.0992,0.9125
1748799121.218407,1.6426,1.5389,1.6176,1.168,1.1175,1.0764,1.4567,1.3224,1.3146,1.3474,1.2206,1.3434,1.2284,1.1236,0.9375
1748799121.3315258,1.6413,1.5545,1.6364,1.1685,1.1191,1.0667,1.4616,1.3299,1.2797,1.3291,1.212,1.3552,1.2778,1.1064,0.9746
1748799121.44449,1.6751,1.5231,1.6152,1.1639,1.1352,1.0844,1.4691,1.3165,1.2988,1.3649,1.2467,1.3297,1.2373,1.1038,0.9106
1748799121.557514,1.6319,1.5548,1.5953,1.1733,1.104,1.0812,1.4871,1.3093,1.3015,1.3267,1.2246,1.3318,1.2515,1.0925,0.9149
1748799121.670474,1.6434,1.558,1.6149,1.1612,1.129,1.0919,1.4393,1.298,1.2915,1.3291,1.23,1.3275,1.2225,1.1089,0.9085
1748799121.783535,1.6577,1.5239,1.6292,1.1637,1.1253,1.0686,1.453,1.3136,1.3082,1.335,1.2217,1.3208,1.2101,1.1142,0.8824
1748799121.896497,1.6539,1.5593,1.6241,1.1586,1.1048,1.0645,1.4634,1.3238,1.2754,1.3305,1.2284,1.3466,1.252,1.0801,0.883
1748799122.009963,1.6652,1.5405,1.6045,1.176,1.1086,1.071,1.4438,1.323,1.2555,1.313,1.2316,1.3504,1.244,1.1021,0.8967
1748799122.122365,1.6692,1.5626,1.6329,1.1594,1.1083,1.071,1.4779,1.291,1.2811,1.3479,1.234,1.3684,1.2136,1.1032,0.8958
1748799122.2354019,1.6681,1.5709,1.6515,1.1774,1.1124,1.1207,1.5107,1.3641,1.3111,1.4137,1.2472,1.392,1.3009,1.1333,0.9762
1748799122.34852,1.7103,1.5857,1.6904,1.1604,1.1234,1.1164,1.558,1.3834,1.3125,1.4524,1.2974,1.4248,1.3568,1.3058,1.1239
1748799122.4636521,1.6751,1.5784,1.6797,1.1841,1.1376,1.0828,1.5217,1.3568,1.3332,1.4205,1.2588,1.4175,1.2982,1.15,0.96
1748799122.575086,1.7033,1.5736,1.6888,1.2002,1.1475,1.0992,1.5188,1.3552,1.3256,1.406,1.2907,1.3971,1.2937,1.1167,0.9823
1748799122.687395,1.6719,1.576,1.6477,1.1978,1.1244,1.0796,1.4884,1.3463,1.3031,1.3778,1.2445,1.4215,1.3195,1.1379,1.0234
1748799122.800469,1.6649,1.5706,1.6348,1.1835,1.1389,1.0723,1.4911,1.3294,1.3001,1.3955,1.2314,1.3721,1.2864,1.1204,0.9155
1748799122.913551,1.6757,1.5897,1.6738,1.1932,1.1454,1.0769,1.497,1.3375,1.3184,1.3702,1.2316,1.3839,1.2899,1.1317,0.934
1748799123.0282729,1.6544,1.5669,1.6292,1.1932,1.1282,1.0989,1.4745,1.335,1.2778,1.3791,1.2703,1.3745,1.2749,1.0989,0.9254
1748799123.139385,1.6896,1.5575,1.638,1.1827,1.1298,1.0696,1.4758,1.3114,1.3087,1.3992,1.2494,1.3735,1.291,1.147,0.9762
1748799123.252434,1.6552,1.5607,1.6332,1.1916,1.122,1.1027,1.4959,1.3243,1.2802,1.3737,1.2523,1.3579,1.2604,1.1379,0.9367
1748799123.365406,1.6977,1.6061,1.6955,1.2134,1.1526,1.0871,1.5078,1.3665,1.334,1.4454,1.2883,1.4965,1.5671,1.3463,1.6082
1748799123.4810529,1.7275,1.609,1.6915,1.2244,1.1454,1.0911,1.5147,1.3592,1.2969,1.454,1.3127,1.4728,1.3305,1.1822,0.9689
1748799123.591648,1.7041,1.623,1.6781,1.1819,1.1373,1.0944,1.5268,1.3358,1.3042,1.4366,1.2977,1.4293,1.3684,1.1994,1.0586
1748799123.704393,1.6918,1.6222,1.6794,1.1852,1.1449,1.0715,1.507,1.367,1.2988,1.4132,1.2918,1.4172,1.3283,1.1661,1.0726
1748799123.8175821,1.6757,1.5827,1.6832,1.1986,1.1492,1.0799,1.5164,1.3635,1.3203,1.41,1.2821,1.4121,1.3442,1.1878,1.064
1748799123.930801,1.6786,1.5937,1.6757,1.1607,1.1325,1.0898,1.4986,1.3318,1.3119,1.381,1.2475,1.4041,1.3127,1.1621,1.0535
1748799124.0451689,1.6765,1.5857,1.6671,1.1962,1.115,1.0766,1.4817,1.3536,1.3106,1.3675,1.2684,1.3971,1.3017,1.1672,1.0637
1748799124.1564212,1.6633,1.5677,1.6609,1.1911,1.1398,1.0745,1.5389,1.3466,1.3509,1.4312,1.3418,1.4441,1.5083,1.3243,1.1196
1748799124.269517,1.7116,1.5983,1.7356,1.1935,1.1674,1.1021,1.6397,1.5284,1.4358,1.5787,1.4707,1.6493,1.7493,1.5577,1.7554
1748799124.382404,1.7057,1.5843,1.7243,1.2126,1.1916,1.1038,1.6689,1.5306,1.4761,1.659,1.5075,1.674,1.792,1.6413,1.7968
1748799124.495643,1.4358,1.6206,1.172,1.2598,1.2252,1.0995,1.7283,1.6144,1.5824,1.7769,1.6354,1.7509,1.9346,1.807,1.9322
1748799124.608704,1.7525,1.6257,1.7436,1.2343,1.2163,1.1021,1.7783,1.7084,1.6214,1.8817,1.7474,1.8744,2.1114,2.0036,2.0705
1748799124.72145,1.7382,1.6434,1.7584,1.2725,1.2421,1.111,1.8253,1.7366,1.6899,1.9335,1.8092,1.9061,2.189,2.0415,2.1546
1748799124.834548,1.7702,1.6195,1.7651,1.2891,1.2386,1.1196,1.7952,1.7197,1.6303,1.9531,1.8102,1.9325,2.2019,2.1044,2.1997
1748799124.947537,1.7442,1.6445,1.7385,1.2531,1.2445,1.1301,1.7748,1.6673,1.6136,1.865,1.7353,1.8742,2.1331,2.0721,2.1452
1748799125.065473,1.7597,1.6722,1.7654,1.3015,1.2029,1.1239,1.7345,1.6219,1.5443,1.7522,1.63,1.7517,1.9292,1.8008,1.9295
1748799125.173625,1.4339,1.3657,1.0355,1.2749,1.176,1.0984,1.6872,1.5408,1.4728,1.645,1.5051,1.6625,1.8105,1.6343,1.7839
1748799125.286473,1.4237,1.3047,1.0269,1.2545,1.1693,1.0941,1.6558,1.4841,1.4218,1.5618,1.4546,1.5967,1.717,1.5486,1.7063
1748799125.3995469,1.4299,1.2848,1.0444,1.216,1.1873,1.0766,1.5956,1.4659,1.4221,1.5714,1.4476,1.5464,1.6818,1.5032,1.6687
1748799125.512599,1.403,1.2972,1.0543,1.216,1.1578,1.0863,1.6158,1.4702,1.4194,1.5448,1.4154,1.5843,1.6781,1.5094,1.6859
1748799125.6256409,1.4003,1.2905,1.0662,1.2107,1.1599,1.0699,1.572,1.4497,1.4234,1.5311,1.3778,1.5526,1.6493,1.4793,1.6311
1748799125.738454,1.3971,1.2768,1.0592,1.2026,1.1578,1.0992,1.5913,1.4336,1.4046,1.4986,1.3737,1.5099,1.6488,1.4514,1.6375
1748799125.851587,1.3874,1.2461,1.0653,1.197,1.1594,1.0777,1.5781,1.4162,1.3944,1.4981,1.353,1.5107,1.6195,1.4331,1.5983
1748799125.9645061,1.371,1.277,1.0686,1.2045,1.1293,1.0756,1.5626,1.4162,1.3646,1.5008,1.3555,1.5086,1.5994,1.436,1.6037
1748799126.077707,1.3839,1.2816,1.0208,1.2021,1.14,1.0799,1.5448,1.4202,1.3923,1.4653,1.3495,1.4949,1.6131,1.4382,1.5784
1748799126.190939,1.36,1.2238,0.9614,1.1833,1.1551,1.0858,1.5242,1.4342,1.3708,1.4637,1.3514,1.4836,1.5827,1.3928,1.5787
1748799126.303692,1.381,1.2706,1.0143,1.1956,1.1352,1.0815,1.5499,1.4105,1.3829,1.4734,1.3541,1.5166,1.6077,1.4175,1.605
1748799126.416898,1.3356,1.23,0.9423,1.2147,1.1513,1.0766,1.576,1.4366,1.3769,1.4973,1.399,1.5336,1.6517,1.4377,1.6115
1748799126.529696,1.3522,1.2163,0.9848,1.2311,1.1312,1.0643,1.5932,1.3847,1.3598,1.4844,1.3487,1.4538,1.3455,1.1602,1.0097
1748799126.648545,1.3726,1.205,1.0116,1.2252,1.1473,1.0747,1.5529,1.3923,1.3568,1.4471,1.3036,1.4551,1.3866,1.241,1.1763
1748799126.756055,1.3168,1.1653,0.992,1.2056,1.118,1.0468,1.5336,1.371,1.3138,1.4583,1.324,1.4229,1.299,1.1164,0.9576
1748799126.86864,1.4111,1.2542,1.0981,1.1895,1.1277,1.0863,1.5392,1.389,1.3275,1.4457,1.2964,1.4358,1.4127,1.2112,1.0944
1748799126.9815738,1.4006,1.273,1.1416,1.1849,1.1132,1.0672,1.5284,1.3533,1.3439,1.4471,1.3358,1.4261,1.3079,1.1637,1.0143
1748799127.0946681,1.3565,1.2061,1.071,1.1999,1.1107,1.0675,1.5346,1.3775,1.3278,1.4307,1.2993,1.4111,1.2999,1.1314,0.9719
1748799127.208831,1.3514,1.2002,1.0304,1.1862,1.1164,1.0629,1.5048,1.3504,1.2982,1.4283,1.299,1.3896,1.3039,1.1422,0.9619
1748799127.320488,1.4178,1.27,1.086,1.2018,1.1118,1.0737,1.518,1.3469,1.3407,1.4035,1.2956,1.4199,1.3179,1.1669,0.9689
1748799127.433721,1.3466,1.1755,1.0165,1.2126,1.1317,1.0307,1.511,1.3407,1.3028,1.4186,1.2988,1.4,1.2636,1.1054,0.96
1748799127.546598,1.3555,1.2418,1.118,1.2005,1.1089,1.0672,1.5172,1.3439,1.327,1.4,1.3028,1.4054,1.3109,1.1876,1.0347
1748799127.660308,1.3651,1.201,1.0683,1.1728,1.1153,1.0659,1.5153,1.3622,1.3246,1.4068,1.2612,1.4006,1.2966,1.1395,1.0159
1748799127.7734861,1.3705,1.2244,1.1142,1.205,1.1097,1.0879,1.5255,1.3412,1.324,1.418,1.3055,1.4164,1.3348,1.15,1.1097
1748799127.8856032,1.3619,1.1731,0.981,1.2042,1.1199,1.0624,1.5271,1.3544,1.309,1.4175,1.3192,1.4009,1.2792,1.1156,0.9211
1748799127.9986,1.353,1.1736,1.0143,1.1561,1.115,1.0782,1.522,1.3525,1.2993,1.4027,1.2964,1.4291,1.2996,1.1583,0.9324
1748799128.111579,1.4406,1.3246,1.1594,1.1637,1.1204,1.082,1.511,1.353,1.3028,1.3998,1.2829,1.4129,1.2902,1.1338,0.9504
1748799128.22944,1.6665,1.5639,1.6474,1.2005,1.111,1.0645,1.4702,1.345,1.3165,1.396,1.2786,1.3802,1.2883,1.1376,0.9063
1748799128.338272,1.673,1.5859,1.6394,1.176,1.1078,1.053,1.5056,1.352,1.3058,1.4081,1.288,1.4073,1.2768,1.1234,0.8821
1748799128.4508312,1.68,1.5682,1.6316,1.165,1.1167,1.0621,1.4949,1.3495,1.302,1.3756,1.28,1.3847,1.2665,1.1105,0.8975
1748799128.5635898,1.666,1.5666,1.6249,1.1717,1.1008,1.0565,1.5075,1.3509,1.3079,1.37,1.2808,1.381,1.3036,1.1298,0.901
1748799128.6766698,1.674,1.5545,1.6472,1.1811,1.0949,1.0678,1.5064,1.3579,1.291,1.3853,1.2768,1.3888,1.2848,1.1239,0.9098
1748799128.7897642,1.648,1.5787,1.638,1.1758,1.1054,1.0833,1.5053,1.3299,1.2907,1.3955,1.2733,1.3968,1.2864,1.1277,0.9509
1748799128.9025788,1.6867,1.5564,1.6606,1.1841,1.1164,1.0782,1.4959,1.3455,1.3071,1.3794,1.2719,1.3933,1.3055,1.1486,0.9609
1748799129.015519,1.6767,1.5655,1.6327,1.1886,1.096,1.0691,1.4984,1.3318,1.3058,1.3533,1.2746,1.3729,1.2588,1.1242,0.9396
1748799129.128618,1.6461,1.5661,1.6284,1.1706,1.1269,1.0637,1.4946,1.3216,1.3015,1.3915,1.2429,1.396,1.2547,1.1279,0.9676
1748799129.2443829,1.6507,1.569,1.663,1.1669,1.1056,1.075,1.5086,1.3203,1.2913,1.4052,1.2754,1.3861,1.2985,1.1344,0.9883
1748799129.35533,1.6679,1.5803,1.6458,1.172,1.1048,1.0422,1.4763,1.3412,1.287,1.4054,1.2682,1.3509,1.28,1.1508,0.9842
1748799129.4678242,1.6738,1.5575,1.6246,1.1365,1.1255,1.0581,1.4726,1.3345,1.2692,1.3869,1.2878,1.37,1.2725,1.0989,0.9517
1748799129.580584,1.6668,1.5752,1.656,1.1817,1.121,1.0602,1.5239,1.3442,1.2821,1.3931,1.2467,1.3839,1.2856,1.0952,0.9232
1748799129.693825,1.6654,1.587,1.67,1.176,1.1325,1.0823,1.5048,1.3474,1.3031,1.4057,1.2571,1.4213,1.3015,1.1484,1.0157
1748799129.808469,1.6829,1.5789,1.63,1.1852,1.1048,1.0903,1.4874,1.3369,1.277,1.3901,1.2821,1.4135,1.2757,1.1153,0.9211
1748799129.919717,1.7141,1.6375,1.7178,1.2348,1.1556,1.1196,1.5714,1.392,1.3326,1.4,1.2829,1.4911,1.4162,1.335,1.5798
1748799130.032684,1.684,1.6346,1.6566,1.1792,1.1107,1.0919,1.5489,1.3845,1.3337,1.3815,1.2738,1.4135,1.3063,1.1481,1.0291
1748799130.145687,1.7047,1.6053,1.6601,1.197,1.1027,1.1038,1.5258,1.352,1.32,1.371,1.298,1.4035,1.309,1.151,0.9635
1748799130.260001,1.6875,1.5999,1.6703,1.172,1.1349,1.1282,1.5561,1.4175,1.3778,1.3692,1.2824,1.4207,1.3364,1.1967,1.1524
1748799130.372315,1.6961,1.5999,1.6708,1.1663,1.1207,1.1003,1.5387,1.3885,1.3463,1.3493,1.2676,1.4664,1.3705,1.1658,1.1027
1748799130.484889,1.6746,1.5792,1.666,1.1688,1.118,1.1073,1.5035,1.3606,1.3329,1.3681,1.2714,1.418,1.3109,1.1422,1.0339
1748799130.597776,1.6711,1.5854,1.6684,1.1569,1.154,1.1226,1.519,1.3847,1.3415,1.3568,1.2668,1.3952,1.3289,1.1975,1.1446
1748799130.710712,1.7111,1.5991,1.677,1.1629,1.136,1.1054,1.5113,1.3624,1.3455,1.4205,1.295,1.4403,1.3541,1.1776,1.1293
1748799130.8261828,1.6918,1.5798,1.6593,1.187,1.1416,1.1322,1.5161,1.4081,1.3415,1.4728,1.3573,1.5693,1.5569,1.4234,1.6195
1748799130.936897,1.6732,1.5655,1.7154,1.1827,1.158,1.1051,1.5446,1.4057,1.3453,1.5072,1.3769,1.5623,1.6394,1.4761,1.6703
1748799131.050108,1.461,1.299,0.9888,1.1698,1.1492,1.0933,1.558,1.4258,1.359,1.6329,1.4908,1.6292,1.814,1.6601,1.8067
1748799131.162709,1.7447,1.6493,1.7667,1.2295,1.1647,1.1242,1.6679,1.5483,1.4054,1.8382,1.6652,1.8207,2.0493,1.9171,2.0539
1748799131.276552,1.7587,1.6356,1.7579,1.2485,1.2211,1.1419,1.8202,1.7205,1.5975,2.0544,1.9169,2.0396,2.3738,2.3152,2.4119
1748799131.389206,1.7372,1.6026,1.7527,1.2835,1.2168,1.1612,1.836,1.807,1.7189,2.1761,2.0789,2.1764,2.4659,2.4667,2.5156
1748799131.501763,1.7372,1.6021,1.7581,1.2907,1.2633,1.1642,1.951,1.9048,1.8148,2.4028,2.3241,2.406,2.5253,2.5393,2.589
1748799131.614923,1.724,1.5814,1.7347,1.2434,1.2383,1.1395,1.9026,1.868,1.7713,2.2962,2.2473,2.2916,2.5465,2.5557,2.5812
1748799131.727715,1.7479,1.6284,1.7581,1.2727,1.2085,1.1427,1.7839,1.7108,1.6499,1.9907,1.8387,1.9639,2.2484,2.2126,2.2457
1748799131.845075,1.403,1.269,0.9168,1.2647,1.1631,1.1105,1.7181,1.5704,1.4906,1.7514,1.6937,1.7517,2.0168,1.9316,2.0238
1748799131.954259,1.4798,1.3643,0.9963,1.251,1.1701,1.1381,1.6547,1.5212,1.4495,1.591,1.5059,1.6088,1.7444,1.6037,1.7638
1748799132.066853,1.4242,1.2802,0.9079,1.2601,1.1806,1.168,1.641,1.4935,1.46,1.5233,1.439,1.5728,1.6727,1.4989,1.6649
1748799132.1797361,1.3898,1.3101,0.9149,1.2416,1.2085,1.1776,1.6249,1.4916,1.4626,1.4734,1.3893,1.5832,1.5846,1.4178,1.6472
1748799132.2941499,1.3885,1.2835,0.9815,1.2077,1.1629,1.1505,1.5494,1.4557,1.4017,1.4355,1.3759,1.544,1.5497,1.3906,1.5862
1748799132.406228,1.3603,1.2335,0.9171,1.1913,1.1561,1.1462,1.5787,1.4218,1.4009,1.4565,1.3461,1.5223,1.5252,1.3697,1.5722
1748799132.518771,1.3393,1.255,0.9079,1.216,1.1459,1.1242,1.5709,1.4014,1.4065,1.4194,1.371,1.5064,1.5212,1.3751,1.5741
1748799132.6318562,1.3162,1.2335,0.9117,1.1857,1.1556,1.1253,1.544,1.3796,1.3786,1.4116,1.3436,1.4962,1.5421,1.3641,1.5537
1748799132.744829,1.7084,1.6098,1.7452,1.2018,1.2032,1.1911,1.5628,1.4425,1.4334,1.4336,1.3466,1.5886,1.5497,1.3673,1.6356
1748799132.859935,1.7227,1.6174,1.7783,1.2359,1.2297,1.2037,1.6096,1.4519,1.4661,1.3936,1.3318,1.5776,1.5115,1.3396,1.6335
1748799132.9708328,1.7707,1.6786,1.8443,1.2467,1.2319,1.2811,1.6633,1.5217,1.5567,1.4119,1.3375,1.6147,1.5056,1.3686,1.6601
1748799133.083898,1.7503,1.6386,1.7793,1.2163,1.2244,1.2733,1.6474,1.5215,1.5505,1.3826,1.3093,1.5943,1.4699,1.3213,1.6606
1748799133.196806,1.7262,1.6579,1.7936,1.2152,1.2061,1.2499,1.6141,1.4699,1.5354,1.3361,1.2961,1.5615,1.4688,1.3103,1.608
1748799133.313271,1.7229,1.6316,1.7812,1.2112,1.2096,1.2284,1.5744,1.4508,1.4949,1.356,1.2966,1.5491,1.4242,1.305,1.5884
1748799133.423081,1.6711,1.6117,1.7697,1.1989,1.201,1.2147,1.5744,1.4309,1.4691,1.3375,1.2864,1.5451,1.4054,1.3047,1.5988
1748799133.535805,1.6821,1.59,1.7393,1.1795,1.1937,1.1983,1.5521,1.4454,1.4471,1.3329,1.27,1.5185,1.4261,1.306,1.5666
1748799133.649117,1.6912,1.5854,1.7466,1.1951,1.1728,1.2064,1.5526,1.4258,1.4774,1.3479,1.2628,1.5131,1.4038,1.2622,1.5604
1748799133.7619321,1.6646,1.6147,1.739,1.1763,1.1849,1.2168,1.5926,1.4379,1.4774,1.3364,1.2778,1.54,1.4465,1.2827,1.5959
1748799133.875167,1.6963,1.5943,1.745,1.1696,1.1886,1.1803,1.5814,1.4011,1.436,1.3444,1.2762,1.5196,1.4538,1.2837,1.5838
1748799133.987895,1.6837,1.5835,1.7388,1.1639,1.158,1.1895,1.5274,1.4121,1.4444,1.3565,1.2706,1.537,1.4283,1.2687,1.5634
1748799134.101148,1.6641,1.5924,1.7184,1.1521,1.1755,1.1876,1.5223,1.4135,1.4154,1.3326,1.2872,1.4876,1.4229,1.2674,1.5626
1748799134.21379,1.6577,1.5513,1.724,1.1604,1.18,1.1854,1.5271,1.4151,1.4167,1.3154,1.2663,1.4699,1.3923,1.2633,1.5636
1748799134.3278348,1.6689,1.5795,1.6918,1.1586,1.1774,1.1905,1.5247,1.3901,1.3979,1.3125,1.2507,1.4865,1.3963,1.2668,1.5352
1748799134.4409459,1.6816,1.5806,1.6918,1.1779,1.1578,1.1755,1.5021,1.4006,1.3952,1.3119,1.2238,1.4957,1.3863,1.2507,1.5392
1748799134.552761,1.6501,1.5421,1.702,1.1559,1.1728,1.1822,1.5067,1.3893,1.3869,1.3461,1.2408,1.5064,1.4022,1.2456,1.5255
1748799134.665837,1.6402,1.5685,1.7036,1.1704,1.143,1.1747,1.4863,1.3966,1.3998,1.3141,1.2703,1.4809,1.3947,1.2668,1.5413
1748799134.778791,1.6585,1.5798,1.6859,1.1416,1.1739,1.1607,1.4941,1.4119,1.4197,1.317,1.2555,1.4857,1.3815,1.2287,1.5185
1748799134.897473,1.6257,1.5604,1.7154,1.1629,1.1529,1.1771,1.5252,1.3705,1.3689,1.3281,1.2612,1.4984,1.3955,1.2716,1.5045
1748799135.0048199,1.655,1.5658,1.7036,1.1696,1.1704,1.1755,1.4914,1.3724,1.4065,1.3039,1.241,1.4691,1.3804,1.2703,1.5301
1748799135.118011,1.6308,1.5395,1.6945,1.1612,1.1561,1.1755,1.5129,1.3627,1.37,1.3074,1.2647,1.4938,1.3861,1.2426,1.5274
1748799135.23086,1.6453,1.5585,1.6891,1.1441,1.1588,1.1674,1.482,1.3788,1.3877,1.3248,1.2526,1.461,1.3692,1.2273,1.49
1748799135.3470562,1.6606,1.5682,1.6947,1.1599,1.1733,1.172,1.5035,1.3796,1.3936,1.3063,1.2416,1.482,1.4022,1.2311,1.5056
1748799135.4572558,1.6523,1.5623,1.6845,1.1615,1.1328,1.1647,1.4908,1.3745,1.3721,1.2921,1.2193,1.4796,1.3904,1.2671,1.504
1748799135.56979,1.6321,1.5526,1.6883,1.1543,1.1583,1.1564,1.5062,1.3571,1.4027,1.3101,1.2408,1.4763,1.3829,1.2668,1.5282
1748799135.6832771,1.6031,1.5349,1.6732,1.1328,1.1508,1.1645,1.4755,1.3665,1.381,1.3109,1.234,1.4844,1.3458,1.2561,1.5027
1748799135.7961001,1.6112,1.537,1.6808,1.1462,1.1631,1.168,1.4908,1.3794,1.3702,1.2972,1.2496,1.4728,1.3963,1.2246,1.5115
1748799135.9090729,1.6509,1.5553,1.6816,1.1551,1.1704,1.1663,1.4683,1.3764,1.3737,1.3184,1.2418,1.4659,1.3796,1.2413,1.5188
1748799136.021939,1.6316,1.5521,1.6668,1.1475,1.1575,1.1607,1.4742,1.367,1.3573,1.3082,1.24,1.4694,1.3576,1.2746,1.5344
1748799136.1349409,1.6319,1.5567,1.6853,1.1564,1.165,1.1637,1.4903,1.3608,1.3896,1.3173,1.2292,1.4726,1.3694,1.2335,1.5005
1748799136.248099,1.6512,1.525,1.6923,1.1559,1.1449,1.1626,1.453,1.3694,1.3692,1.2789,1.2397,1.4788,1.3603,1.2233,1.4806
1748799136.361181,1.6386,1.5365,1.6851,1.1526,1.161,1.1529,1.475,1.3622,1.3842,1.3036,1.2453,1.4546,1.3708,1.2193,1.5341
1748799136.4757051,1.6577,1.5395,1.6934,1.1642,1.1537,1.1618,1.4865,1.3713,1.3772,1.2947,1.2426,1.4742,1.3804,1.2225,1.5239
1748799136.586856,1.6101,1.5467,1.6601,1.1795,1.1682,1.1602,1.4771,1.3697,1.388,1.3084,1.2378,1.4632,1.3861,1.2375,1.5118
1748799136.7000241,1.6292,1.5427,1.7025,1.1599,1.1406,1.1596,1.4906,1.3729,1.3726,1.2862,1.2322,1.4836,1.3869,1.2453,1.5161
1748799136.812983,1.6394,1.533,1.6993,1.1424,1.1741,1.1591,1.4597,1.3756,1.3713,1.3238,1.2448,1.4804,1.3568,1.2268,1.5134
1748799136.928437,1.6432,1.551,1.6813,1.1583,1.1564,1.1416,1.4935,1.3737,1.3853,1.32,1.2451,1.4591,1.3697,1.2045,1.5228
1748799137.039254,1.6286,1.5572,1.6915,1.1551,1.1478,1.1639,1.4728,1.3587,1.3796,1.3157,1.2405,1.4667,1.3982,1.2327,1.5062
1748799137.151943,1.6413,1.5516,1.6853,1.147,1.1494,1.1543,1.4992,1.3434,1.3799,1.3044,1.2265,1.4758,1.3823,1.2464,1.5024
1748799137.2652678,1.6354,1.5301,1.673,1.1612,1.1355,1.1731,1.4726,1.3659,1.3627,1.3101,1.2311,1.4543,1.3616,1.2338,1.4959
1748799137.3781729,1.6337,1.5384,1.6695,1.1524,1.165,1.1615,1.4734,1.3598,1.3678,1.2754,1.2335,1.4742,1.3466,1.2561,1.5021
1748799137.4916868,1.6329,1.5459,1.6834,1.1462,1.1631,1.1516,1.4626,1.3428,1.3721,1.3111,1.2354,1.4589,1.3407,1.2375,1.4874
1748799137.603938,1.6072,1.5309,1.6695,1.1419,1.1752,1.1615,1.4675,1.3334,1.3614,1.2894,1.2641,1.4495,1.3882,1.2045,1.4857
1748799137.7170079,1.6233,1.5147,1.6738,1.1486,1.1599,1.1537,1.4642,1.3544,1.3675,1.2956,1.251,1.4589,1.3759,1.2289,1.504
1748799137.829941,1.6023,1.5572,1.6735,1.1355,1.1454,1.1422,1.4981,1.3388,1.3643,1.2859,1.2601,1.4629,1.3393,1.2437,1.4965
1748799137.950424,1.619,1.5577,1.6458,1.1277,1.1376,1.1416,1.4594,1.334,1.3772,1.2969,1.2397,1.4489,1.3587,1.2335,1.4726
1748799138.056607,1.6093,1.5548,1.6727,1.1481,1.1279,1.1578,1.4645,1.3627,1.3495,1.3031,1.226,1.4492,1.3544,1.2083,1.4876
1748799138.169,1.6139,1.5411,1.6746,1.1688,1.1631,1.1543,1.4833,1.3522,1.3544,1.2738,1.2405,1.4591,1.371,1.2332,1.4699
1748799138.2819872,1.6074,1.5298,1.6579,1.1309,1.1328,1.1559,1.4892,1.3455,1.3627,1.2942,1.251,1.4605,1.3383,1.219,1.4997
1748799138.395076,1.6012,1.5462,1.6746,1.1543,1.1438,1.1376,1.4659,1.3399,1.3616,1.3055,1.2502,1.4433,1.3541,1.2375,1.5099
1748799138.509152,1.6214,1.5365,1.659,1.1658,1.1373,1.1451,1.4648,1.3474,1.3764,1.2687,1.226,1.4266,1.3606,1.2236,1.4981
1748799138.620949,1.6219,1.5373,1.6915,1.1338,1.1352,1.1475,1.4779,1.3509,1.3716,1.3063,1.2424,1.4471,1.3329,1.2182,1.5156
1748799138.73416,1.6407,1.5333,1.6609,1.1279,1.1218,1.1304,1.4661,1.3412,1.3678,1.2859,1.2268,1.4379,1.3358,1.2171,1.4954
1748799138.8469918,1.6235,1.5225,1.6719,1.1336,1.1618,1.1392,1.4857,1.3694,1.3592,1.2765,1.2432,1.4339,1.3665,1.2206,1.4796
1748799138.966371,1.5994,1.5456,1.6703,1.1376,1.168,1.1497,1.4753,1.3595,1.3724,1.2805,1.2338,1.4505,1.3654,1.2314,1.4836
1748799139.073298,1.5988,1.54,1.6705,1.1365,1.1293,1.1441,1.4718,1.3517,1.3584,1.2848,1.2134,1.4428,1.3504,1.2381,1.4852
1748799139.1862369,1.6305,1.5408,1.6724,1.1322,1.1314,1.1336,1.4573,1.3256,1.3353,1.2682,1.2222,1.4436,1.3536,1.2273,1.457
1748799139.298995,1.6356,1.5301,1.6625,1.1325,1.1481,1.1438,1.4438,1.3415,1.3495,1.3023,1.2389,1.4414,1.3573,1.233,1.4847
1748799139.41222,1.6104,1.5131,1.6528,1.1457,1.1513,1.1484,1.4565,1.331,1.3796,1.2754,1.2271,1.45,1.3541,1.2096,1.4927
1748799139.525825,1.6109,1.5432,1.6555,1.1709,1.1637,1.1285,1.4704,1.3555,1.3455,1.287,1.2096,1.4406,1.3641,1.2209,1.49
1748799139.638008,1.6324,1.5086,1.6413,1.15,1.1438,1.1492,1.4597,1.3345,1.3407,1.2663,1.2378,1.442,1.3469,1.2246,1.4989
1748799139.751104,1.6179,1.5298,1.6491,1.1398,1.1564,1.1494,1.4761,1.3495,1.356,1.2929,1.2254,1.4532,1.3283,1.212,1.4745
1748799139.8640451,1.6295,1.5389,1.644,1.1484,1.1567,1.1494,1.4634,1.3235,1.3538,1.2956,1.2413,1.45,1.3635,1.2257,1.4672
1748799139.9803479,1.6217,1.5456,1.6657,1.1639,1.1473,1.147,1.4734,1.3469,1.3334,1.2961,1.2373,1.4395,1.3326,1.2158,1.4849
1748799140.0901918,1.594,1.5424,1.67,1.1424,1.1591,1.1304,1.4449,1.3592,1.3533,1.2706,1.223,1.4551,1.3423,1.2155,1.4704
1748799140.2030091,1.6106,1.5438,1.6603,1.147,1.15,1.1389,1.4436,1.3259,1.3324,1.2708,1.2263,1.4557,1.3399,1.2281,1.4747
1748799140.316316,1.623,1.5242,1.6568,1.143,1.1427,1.1422,1.4309,1.345,1.3367,1.2776,1.2357,1.4344,1.3447,1.201,1.4688
1748799140.4292648,1.6104,1.5182,1.6579,1.1395,1.1185,1.1392,1.4557,1.3289,1.3453,1.287,1.2418,1.4621,1.3412,1.2338,1.4855
1748799140.5425348,1.619,1.5271,1.6577,1.1282,1.1349,1.1279,1.4379,1.3509,1.3426,1.3009,1.2391,1.4283,1.353,1.2066,1.4653
1748799140.655007,1.6123,1.5016,1.6652,1.1355,1.1355,1.1287,1.4511,1.3399,1.3337,1.2802,1.2117,1.4218,1.3439,1.2147,1.4645
1748799140.768152,1.6058,1.5287,1.6644,1.1234,1.1537,1.1355,1.4575,1.3332,1.3428,1.2974,1.2265,1.4532,1.3528,1.222,1.4755
1748799140.881168,1.6168,1.5341,1.6791,1.1287,1.1253,1.1594,1.4422,1.3224,1.352,1.295,1.2048,1.4312,1.3509,1.1921,1.4857
1748799140.996764,1.6144,1.5362,1.6786,1.1365,1.1586,1.1253,1.4747,1.3291,1.3369,1.2921,1.2343,1.4272,1.3541,1.2332,1.4865
1748799141.108187,1.6004,1.5204,1.6563,1.1336,1.1489,1.1494,1.4524,1.3388,1.335,1.2606,1.1983,1.4371,1.3525,1.2198,1.4782
1748799141.220056,1.6093,1.5199,1.6603,1.1424,1.1384,1.1502,1.4366,1.3165,1.3453,1.3004,1.2187,1.4374,1.356,1.2112,1.4962
1748799141.333406,1.6125,1.5236,1.6654,1.1561,1.1422,1.143,1.4699,1.3262,1.3552,1.2604,1.2005,1.4677,1.3399,1.2158,1.4798
1748799141.446094,1.5994,1.5258,1.6474,1.1193,1.1347,1.1612,1.464,1.3455,1.3412,1.2625,1.2383,1.4199,1.3197,1.2048,1.4385
1748799141.559236,1.6012,1.5139,1.6571,1.1271,1.1543,1.1497,1.4463,1.3563,1.3541,1.28,1.204,1.4575,1.352,1.2083,1.4629
1748799141.672715,1.6066,1.544,1.6383,1.1494,1.1352,1.1317,1.4586,1.3055,1.3627,1.2716,1.2053,1.4307,1.3512,1.2142,1.4616
1748799141.7852879,1.6235,1.5282,1.6423,1.1271,1.1414,1.1285,1.4411,1.3595,1.338,1.287,1.234,1.4291,1.3358,1.2284,1.4677
1748799141.898286,1.6182,1.5113,1.6536,1.1236,1.1545,1.1521,1.4245,1.3375,1.3251,1.2716,1.2155,1.4269,1.3522,1.2074,1.4745
1748799142.0112262,1.5932,1.5201,1.6703,1.1314,1.1398,1.1347,1.4559,1.3342,1.3259,1.2896,1.2268,1.4274,1.3329,1.2163,1.4546
1748799142.125439,1.6235,1.5142,1.6687,1.1416,1.1341,1.1494,1.453,1.3071,1.3694,1.2821,1.2276,1.446,1.3447,1.1967,1.4527
1748799142.23717,1.5924,1.5086,1.6754,1.1274,1.1099,1.1438,1.4371,1.3297,1.3659,1.3203,1.2303,1.4342,1.3393,1.2185,1.4755
1748799142.350365,1.6106,1.5129,1.6641,1.1218,1.1505,1.1526,1.4215,1.3587,1.3493,1.2631,1.2305,1.421,1.3493,1.2217,1.4626
1748799142.463113,1.6144,1.5037,1.6568,1.1097,1.1424,1.1344,1.4387,1.2982,1.3388,1.2805,1.2187,1.428,1.3334,1.2015,1.4618
1748799142.57727,1.6125,1.5207,1.6499,1.1236,1.1427,1.1341,1.4293,1.3103,1.3307,1.2628,1.2289,1.4148,1.3391,1.2225,1.4747
1748799142.689871,1.5975,1.5231,1.6362,1.107,1.1443,1.1314,1.443,1.3254,1.3299,1.2746,1.2244,1.4363,1.3219,1.2147,1.482
1748799142.802163,1.6012,1.5072,1.6598,1.1175,1.1414,1.1293,1.4274,1.3278,1.342,1.2601,1.2295,1.4414,1.3367,1.2021,1.4677
1748799142.915254,1.6037,1.5139,1.6491,1.1204,1.125,1.1427,1.4291,1.3436,1.3294,1.2929,1.216,1.4334,1.341,1.2091,1.4452
1748799143.0281658,1.6026,1.519,1.6574,1.1427,1.1543,1.1373,1.4393,1.3383,1.3641,1.3004,1.2013,1.4395,1.353,1.1782,1.4624
1748799143.141828,1.6106,1.5279,1.6552,1.1185,1.1524,1.1677,1.4377,1.327,1.3423,1.2786,1.2037,1.4215,1.3431,1.2252,1.4669
1748799143.254742,1.5687,1.5196,1.6582,1.1368,1.1411,1.1336,1.4398,1.3404,1.3479,1.2684,1.2357,1.4242,1.345,1.226,1.4645
1748799143.3673,1.5712,1.5268,1.6509,1.1457,1.1266,1.1438,1.4476,1.3125,1.3316,1.2988,1.2042,1.4285,1.323,1.2246,1.4629
1748799143.48016,1.5948,1.5196,1.6673,1.1379,1.1322,1.1465,1.439,1.3436,1.352,1.2832,1.2083,1.442,1.3383,1.2015,1.4769
1748799143.593377,1.5857,1.5298,1.652,1.1317,1.1371,1.1548,1.4189,1.317,1.3579,1.2674,1.216,1.4471,1.3388,1.2238,1.4774
1748799143.706883,1.6069,1.518,1.6507,1.1559,1.1411,1.1432,1.4551,1.3326,1.3396,1.2571,1.2214,1.4393,1.3458,1.2179,1.461
1748799143.8191519,1.6077,1.5032,1.6483,1.1411,1.1621,1.1484,1.4495,1.3221,1.3329,1.2714,1.233,1.4358,1.3353,1.2021,1.4828
1748799143.9320982,1.6085,1.5115,1.6383,1.1263,1.121,1.1215,1.4299,1.3321,1.3444,1.2926,1.2093,1.4215,1.3479,1.2096,1.454
1748799144.0451899,1.6047,1.5166,1.6262,1.1043,1.1373,1.1376,1.4417,1.3369,1.3504,1.2746,1.223,1.4146,1.349,1.1886,1.4548
1748799144.160222,1.6082,1.5182,1.6783,1.122,1.1212,1.1373,1.4414,1.3187,1.3393,1.2628,1.2185,1.4344,1.3372,1.2206,1.4694
1748799144.271578,1.5916,1.5115,1.6668,1.1306,1.1553,1.1489,1.4339,1.36,1.3474,1.2639,1.2209,1.4433,1.3393,1.2171,1.4677
1748799144.384385,1.5924,1.5024,1.655,1.1285,1.1465,1.1158,1.4344,1.3281,1.3275,1.2859,1.2249,1.4417,1.3487,1.2174,1.4629
1748799144.497358,1.5918,1.519,1.6714,1.1336,1.1475,1.1336,1.4484,1.3396,1.345,1.2698,1.2327,1.418,1.3337,1.2088,1.4377
1748799144.610432,1.5884,1.5392,1.6491,1.1244,1.1201,1.1349,1.4299,1.3189,1.3383,1.2746,1.2182,1.4237,1.338,1.2034,1.4731
1748799144.723968,1.5905,1.5131,1.6464,1.1338,1.1532,1.1231,1.446,1.3071,1.3348,1.2716,1.2107,1.4086,1.3154,1.2144,1.4487
1748799144.8362172,1.6007,1.5225,1.6434,1.1193,1.14,1.1121,1.4344,1.3079,1.335,1.2649,1.2131,1.4135,1.3318,1.1967,1.4672
1748799144.949291,1.6066,1.4949,1.637,1.1279,1.1277,1.1306,1.45,1.3192,1.3533,1.2993,1.2174,1.4226,1.3568,1.1865,1.4514
1748799145.062222,1.6018,1.5271,1.6364,1.1234,1.1338,1.1142,1.4347,1.3238,1.3251,1.2827,1.1908,1.4232,1.3353,1.2163,1.4428
1748799145.175508,1.6042,1.5322,1.6252,1.1387,1.1392,1.133,1.4229,1.3039,1.3251,1.3004,1.2367,1.4229,1.3369,1.2182,1.4685
1748799145.288992,1.5639,1.5166,1.6445,1.1062,1.1242,1.1389,1.4215,1.3084,1.3305,1.2891,1.1997,1.4073,1.3254,1.2088,1.4535
1748799145.401461,1.5991,1.5002,1.6705,1.1414,1.1432,1.1325,1.4457,1.3146,1.3479,1.302,1.2236,1.4154,1.3189,1.1991,1.4591
1748799145.514185,1.601,1.5053,1.6716,1.1338,1.1578,1.1583,1.4514,1.298,1.3573,1.2639,1.2056,1.4465,1.327,1.1852,1.4532
1748799145.6272159,1.5859,1.5056,1.6329,1.1344,1.1156,1.1384,1.4497,1.3076,1.341,1.2781,1.1997,1.4417,1.3504,1.2144,1.46
1748799145.745855,1.6004,1.504,1.6622,1.1231,1.1462,1.1529,1.4137,1.3238,1.3302,1.2778,1.2117,1.4277,1.3291,1.2056,1.4457
1748799145.853701,1.5926,1.5056,1.6687,1.118,1.1258,1.1328,1.4511,1.3047,1.3256,1.252,1.2228,1.4186,1.3216,1.1886,1.4519
1748799145.966676,1.6074,1.5088,1.6464,1.1285,1.1438,1.1384,1.4049,1.3141,1.3289,1.2432,1.2107,1.4229,1.3039,1.1999,1.4508
1748799146.0792801,1.5918,1.5045,1.6563,1.1107,1.151,1.1089,1.4516,1.317,1.3579,1.262,1.2273,1.4049,1.3184,1.1854,1.4565
1748799146.1925251,1.5986,1.5094,1.6265,1.115,1.1578,1.1355,1.4261,1.3353,1.3203,1.2738,1.2128,1.4148,1.3264,1.1978,1.4393
1748799146.30612,1.5988,1.5107,1.6491,1.1086,1.1478,1.1518,1.4304,1.3181,1.3324,1.27,1.2257,1.4148,1.3273,1.216,1.4659
1748799146.418377,1.5932,1.4914,1.6552,1.1107,1.1218,1.125,1.4154,1.3138,1.3176,1.2622,1.2228,1.41,1.324,1.2123,1.446
1748799146.531313,1.5779,1.4801,1.6407,1.1441,1.121,1.1269,1.4162,1.3154,1.3329,1.2665,1.2058,1.4127,1.3248,1.2077,1.46
1748799146.644505,1.591,1.5209,1.6485,1.136,1.1279,1.1234,1.4274,1.3197,1.3361,1.2593,1.1857,1.4253,1.3079,1.2007,1.4226
1748799146.761121,1.5889,1.4868,1.6415,1.1099,1.1212,1.1363,1.41,1.3246,1.3152,1.2824,1.2144,1.4194,1.298,1.198,1.4766
1748799146.8709388,1.5849,1.5131,1.6389,1.1473,1.1266,1.1443,1.4245,1.2964,1.3181,1.2835,1.1959,1.41,1.309,1.1795,1.4266
1748799146.983466,1.5722,1.5016,1.6566,1.1317,1.1392,1.1322,1.4296,1.3031,1.3036,1.2631,1.2158,1.421,1.3125,1.187,1.4589
1748799147.096263,1.5798,1.4876,1.6458,1.1193,1.1408,1.1481,1.4124,1.3079,1.3179,1.2553,1.2072,1.406,1.2891,1.2112,1.4487
1748799147.209377,1.5913,1.507,1.6407,1.1196,1.1451,1.1502,1.4116,1.3106,1.2993,1.2579,1.186,1.4401,1.3259,1.18,1.4382
