timestamp,R0C0,R0C1,R0C2,R1C0,R1C1,R1C2,R2C0,R2C1,R2C2,R3C0,R3C1,R3C2,R4C0,R4C1,R4C2
1748935604.957333,1.4151,1.3667,1.4086,0.9899,0.9842,0.9791,1.0643,1.0586,1.0479,0.9711,0.963,0.9845,0.923,0.9238,0.8932
1748935604.96449,1.4078,1.3842,1.3966,0.9934,0.9896,0.9727,1.0705,1.0592,1.0541,0.9805,0.9472,0.9703,0.9453,0.9106,0.9036
1748935605.029946,1.4057,1.3735,1.4009,0.9952,0.9764,0.981,1.0568,1.0492,1.0455,0.97,0.9558,0.9673,0.938,0.9061,0.8913
1748935605.154691,1.4017,1.3778,1.3906,0.9681,0.981,0.9797,1.0627,1.0516,1.0514,0.9775,0.9442,0.9915,0.9359,0.9224,0.902
1748935605.251721,1.3963,1.3702,1.3998,0.9767,0.9869,0.9821,1.0683,1.0559,1.0549,0.9652,0.9434,0.9633,0.9281,0.9144,0.8859
1748935605.365334,1.3941,1.3576,1.3949,0.9826,0.9724,0.9834,1.0627,1.0549,1.0522,0.9767,0.9579,0.9826,0.9187,0.9157,0.8934
1748935605.479754,1.4006,1.3568,1.4,0.984,0.9818,0.9756,1.0589,1.0621,1.049,0.966,0.9394,0.9818,0.9216,0.9039,0.9036
1748935605.5938518,1.3949,1.3694,1.378,0.9834,0.9842,0.9705,1.0651,1.0683,1.0447,0.9587,0.9407,0.9695,0.916,0.9316,0.8964
1748935605.7081778,1.389,1.3646,1.3941,0.9772,0.9885,0.9778,1.0705,1.0484,1.0503,0.9705,0.9437,0.9641,0.9267,0.9144,0.8945
1748935605.821263,1.3845,1.3563,1.3818,0.977,0.9716,0.9853,1.0705,1.0543,1.0546,0.9686,0.9386,0.9662,0.9141,0.9138,0.9018
1748935605.942475,1.4022,1.3823,1.403,0.981,0.9767,0.9727,1.0594,1.0511,1.0492,0.9743,0.9372,0.9762,0.9356,0.9224,0.9055
1748935606.049653,1.4111,1.392,1.4137,0.9797,0.9791,0.9834,1.0753,1.0713,1.0511,0.9783,0.9445,0.9705,0.9313,0.9147,0.8854
1748935606.1632798,1.418,1.3853,1.414,0.9923,0.9899,0.9872,1.0933,1.082,1.0562,0.9842,0.9407,0.9848,0.9353,0.9241,0.9066
1748935606.2771578,1.425,1.4003,1.4352,0.9842,0.9934,0.9869,1.1161,1.0901,1.0903,0.9926,0.9458,0.977,0.9447,0.9206,0.9122
1748935606.3911731,1.5029,1.475,1.4997,1.0038,1.0028,0.9958,1.1279,1.1121,1.1013,0.9842,0.9463,0.978,0.9404,0.9181,0.9082
1748935606.505289,1.4777,1.4283,1.4731,1.0063,0.981,0.9891,1.14,1.103,1.096,0.9813,0.9641,0.9842,0.9292,0.9238,0.9106
1748935606.619852,1.4546,1.4189,1.4471,0.9963,0.984,0.9802,1.1226,1.1081,1.086,0.995,0.9439,0.9888,0.9378,0.9147,0.902
1748935606.733234,1.4379,1.403,1.4336,0.9866,0.981,0.9805,1.1126,1.0992,1.0949,0.9982,0.9488,0.9832,0.9329,0.9133,0.9104
1748935606.847222,1.4632,1.4189,1.4524,0.9813,0.9767,0.9746,1.104,1.0871,1.0737,0.9985,0.949,0.9823,0.9313,0.9138,0.9001
1748935606.970457,1.4532,1.4194,1.435,0.9799,0.97,0.9762,1.1011,1.0882,1.0726,0.9947,0.9525,0.9813,0.9388,0.9085,0.9066
1748935607.0752032,1.4274,1.3928,1.4207,0.9786,0.9735,0.9662,1.1191,1.0906,1.0721,0.9963,0.9555,0.9818,0.9407,0.9211,0.8985
1748935607.329252,1.4395,1.4011,1.4366,0.978,0.9665,0.9633,1.1048,1.0839,1.0764,0.9968,0.9477,0.9832,0.9386,0.9284,0.8945
1748935607.350357,1.472,1.4221,1.4476,0.977,0.9751,0.963,1.1113,1.089,1.0871,1.0138,0.9662,0.9856,0.9437,0.92,0.9061
1748935607.417225,1.4441,1.4057,1.4328,0.9842,0.9592,0.967,1.1056,1.0876,1.0707,1.0194,0.9512,0.9926,0.9472,0.9278,0.8945
1748935607.535234,1.4137,1.37,1.3912,0.9654,0.9568,0.952,1.0973,1.0858,1.0627,1.0073,0.9582,0.9904,0.9531,0.9278,0.8956
1748935607.645313,1.3995,1.3608,1.3949,0.9716,0.9525,0.9547,1.0895,1.0745,1.0527,0.9998,0.9523,0.9861,0.9458,0.9259,0.9031
1748935607.759763,1.4274,1.3923,1.4215,0.9662,0.952,0.9549,1.0903,1.0699,1.0476,1.0084,0.949,0.9877,0.9455,0.9254,0.8967
1748935607.888372,1.392,1.3495,1.3794,0.9622,0.948,0.9447,1.0809,1.064,1.0471,0.9926,0.9541,0.9944,0.9423,0.9171,0.9082
1748935607.987308,1.3796,1.3289,1.352,0.9523,0.9485,0.9477,1.0772,1.0562,1.0479,1.0124,0.9638,1.0036,0.9453,0.9297,0.8958
1748935608.1018932,1.3627,1.3074,1.3471,0.956,0.9426,0.9488,1.0737,1.0543,1.0433,1.0183,0.9552,0.9917,0.9396,0.9302,0.8988
1748935608.215339,1.3573,1.3084,1.3514,0.9617,0.9386,0.9453,1.0782,1.0573,1.0414,1.0049,0.9609,0.9909,0.9493,0.9254,0.9018
1748935608.329267,1.3418,1.2929,1.3299,0.9498,0.9407,0.9437,1.0678,1.0602,1.0388,1.0081,0.9649,0.9977,0.9474,0.9318,0.9122
1748935608.4433038,1.3377,1.2891,1.3216,0.9609,0.938,0.9394,1.0742,1.0578,1.0439,1.0046,0.9673,1.0071,0.9455,0.9235,0.9061
1748935608.5581398,1.3232,1.273,1.3334,0.9571,0.934,0.9724,1.1005,1.0863,1.0463,1.0044,0.9729,1.0801,0.9555,0.9399,1.0283
1748935608.671369,1.3138,1.2464,1.302,0.9566,0.9359,0.9474,1.0804,1.0559,1.0374,1.0283,0.9759,1.042,0.9506,0.9388,0.9603
1748935608.7856798,1.3044,1.2483,1.2915,0.9536,0.9367,0.941,1.0702,1.0584,1.032,1.0173,0.9869,1.0191,0.9592,0.9375,0.9187
1748935608.899709,1.2888,1.2397,1.2894,0.9536,0.9329,0.9367,1.0573,1.0522,1.039,1.0127,0.9807,1.0208,0.9563,0.9396,0.9179
1748935609.0133362,1.2862,1.2268,1.2711,0.9547,0.9316,0.9335,1.0734,1.0551,1.0251,1.0269,0.9955,1.028,0.9536,0.9297,0.9012
1748935609.127266,1.2746,1.2179,1.2778,0.9466,0.9329,0.9426,1.0551,1.0457,1.0213,1.0331,0.9899,1.0205,0.9611,0.9337,0.9074
1748935609.241379,1.2778,1.2168,1.2655,0.9396,0.9316,0.9305,1.0672,1.0511,1.0307,1.0242,0.981,1.0226,0.9619,0.9257,0.912
1748935609.362429,1.2921,1.2335,1.2765,0.9442,0.9235,0.9396,1.0705,1.046,1.028,1.039,0.9877,1.0358,0.956,0.9364,0.9036
1748935609.469399,1.2802,1.2185,1.2692,0.9493,0.9308,0.9262,1.0573,1.0436,1.0245,1.0224,0.9802,1.0167,0.9627,0.93,0.9171
1748935609.583914,1.2765,1.2085,1.2625,0.9421,0.9222,0.9302,1.0525,1.0312,1.0253,1.0202,0.9759,1.0095,0.956,0.9337,0.9117
1748935609.697578,1.2776,1.215,1.2596,0.9466,0.9211,0.9332,1.0557,1.0398,1.0315,1.0167,0.9888,1.0165,0.9549,0.9329,0.8991
1748935609.811405,1.2757,1.2198,1.2571,0.9361,0.9243,0.9442,1.0516,1.0436,1.0234,1.0095,0.9791,1.0151,0.959,0.9316,0.9053
1748935609.925409,1.2655,1.216,1.251,0.9517,0.9294,0.9238,1.0495,1.0307,1.0245,1.0025,0.9681,1.01,0.9552,0.9265,0.9044
1748935610.039521,1.2746,1.2136,1.237,0.9337,0.9168,0.9281,1.0525,1.0385,1.0197,1.0095,0.9794,1.0049,0.9552,0.9316,0.9023
1748935610.1535501,1.291,1.2327,1.2652,0.9321,0.9198,0.9259,1.06,1.0414,1.0269,1.0146,0.974,1.0044,0.9506,0.9286,0.9171
1748935610.267581,1.2864,1.2225,1.2628,0.9421,0.9224,0.9284,1.0495,1.0371,1.0202,1.02,0.9678,1.0076,0.948,0.9243,0.894
1748935610.381363,1.2816,1.2284,1.2617,0.9353,0.9206,0.9281,1.0586,1.0363,1.0261,1.0114,0.974,1.0076,0.9517,0.9286,0.901
1748935610.498742,1.2617,1.2179,1.2429,0.9372,0.9206,0.9292,1.0498,1.0299,1.0216,1.0036,0.9716,0.9993,0.9442,0.9265,0.9071
1748935610.60965,1.2682,1.2128,1.2418,0.9369,0.9249,0.9273,1.0549,1.035,1.0229,0.999,0.9759,0.9982,0.9482,0.9361,0.9004
1748935610.7234821,1.255,1.2126,1.2453,0.9434,0.9165,0.927,1.0476,1.031,1.0234,1.0119,0.959,1.003,0.9539,0.9195,0.9077
1748935610.840071,1.2528,1.208,1.2335,0.9305,0.9155,0.9206,1.0422,1.0358,1.0194,1.0001,0.9614,0.9944,0.9525,0.9305,0.8985
1748935610.951426,1.237,1.204,1.2316,0.9353,0.9179,0.9316,1.0433,1.0363,1.0143,1.0001,0.9708,1.0038,0.9447,0.9192,0.9015
1748935611.065471,1.2633,1.2042,1.2437,0.9415,0.9259,0.9332,1.053,1.0347,1.0183,1.0052,0.9657,0.999,0.9431,0.9332,0.9106
1748935611.1870668,1.2655,1.2034,1.2504,0.9434,0.9251,0.9262,1.0557,1.0374,1.0232,1.0234,0.9692,1.0033,0.9404,0.9235,0.9026
1748935611.293362,1.291,1.233,1.2741,0.9421,0.9232,0.9318,1.0589,1.0277,1.02,1.0122,0.9643,0.9952,0.9466,0.9235,0.9028
1748935611.407568,1.3173,1.2593,1.2902,0.9388,0.9179,0.9265,1.0602,1.0374,1.0229,1.0097,0.9646,0.9936,0.9469,0.9106,0.8999
1748935611.5290308,1.3106,1.2555,1.2891,0.9469,0.9281,0.923,1.049,1.0417,1.0269,0.9958,0.9541,0.9834,0.9402,0.9189,0.8948
1748935611.635477,1.3184,1.27,1.2972,0.9439,0.9165,0.9284,1.0543,1.0388,1.0296,0.995,0.949,0.9942,0.9488,0.9267,0.8985
1748935611.749815,1.3074,1.2494,1.2907,0.9426,0.9203,0.9246,1.0484,1.035,1.014,0.9896,0.9582,0.9874,0.9477,0.9259,0.9001
1748935611.867318,1.2931,1.2491,1.2899,0.941,0.9192,0.931,1.0538,1.0379,1.0237,1.0087,0.9528,0.9893,0.9472,0.9152,0.9023
1748935611.977474,1.2993,1.2612,1.2781,0.9501,0.9259,0.9254,1.0651,1.0358,1.0146,1.0079,0.9598,0.9883,0.9477,0.9308,0.8967
1748935612.0913951,1.3318,1.2741,1.299,0.9523,0.9249,0.9289,1.0643,1.0519,1.031,1.0261,0.9641,0.9998,0.9493,0.9219,0.9031
1748935612.21754,1.3093,1.2657,1.2961,0.9453,0.9187,0.9335,1.0723,1.0441,1.0296,1.0132,0.9603,1.0017,0.9482,0.9165,0.8991
1748935612.319319,1.3084,1.2601,1.2961,0.949,0.9214,0.9305,1.0699,1.0592,1.0401,1.0132,0.9611,0.9985,0.9477,0.9224,0.9012
1748935612.43353,1.2988,1.2558,1.2905,0.9421,0.9122,0.9289,1.0664,1.0492,1.0379,1.0076,0.9735,0.9874,0.9369,0.9254,0.8902
1748935612.547383,1.2982,1.237,1.2821,0.9434,0.9192,0.9289,1.0731,1.0549,1.0331,1.0073,0.9633,0.9912,0.9391,0.9227,0.8991
1748935612.6616042,1.291,1.2416,1.266,0.948,0.9243,0.9214,1.0616,1.032,1.0302,1.0146,0.9619,0.9952,0.9461,0.9265,0.9034
1748935612.775412,1.2862,1.2305,1.2703,0.9455,0.9278,0.9297,1.0578,1.0449,1.0299,0.9971,0.9643,0.9909,0.941,0.923,0.9058
1748935612.889626,1.2746,1.2311,1.2609,0.9544,0.9249,0.9206,1.0611,1.0474,1.0285,1.0135,0.9732,0.9963,0.9485,0.9257,0.9069
1748935613.005377,1.2859,1.2195,1.2563,0.9466,0.9203,0.9257,1.0602,1.0393,1.0245,1.0105,0.9689,1.0006,0.9501,0.9235,0.8929
1748935613.117548,1.2875,1.2185,1.2738,0.9445,0.9257,0.9321,1.0635,1.0431,1.0229,1.0366,0.9834,1.013,0.9638,0.9254,0.901
1748935613.231776,1.2794,1.2228,1.255,0.9399,0.9189,0.9232,1.0543,1.0414,1.0283,1.0054,0.9767,0.9987,0.9552,0.9302,0.902
1748935613.353534,1.287,1.2292,1.2759,0.9431,0.9254,0.9326,1.0637,1.0455,1.0256,1.042,0.9872,1.0229,0.9582,0.9353,0.9044
1748935613.459598,1.2837,1.2182,1.2604,0.9442,0.9173,0.9249,1.0635,1.0479,1.014,1.0398,0.9786,1.0116,0.96,0.9214,0.9036
1748935613.57351,1.2684,1.2273,1.2639,0.9496,0.9254,0.927,1.0557,1.046,1.0191,1.0288,0.9794,1.0127,0.9579,0.9305,0.8932
1748935613.6880279,1.2684,1.2163,1.2469,0.9485,0.9238,0.9284,1.0699,1.0417,1.0216,1.0304,0.9805,1.0116,0.959,0.9241,0.9028
1748935613.809522,1.2674,1.204,1.252,0.9445,0.9235,0.9378,1.0637,1.0404,1.0288,1.0285,0.9721,1.013,0.96,0.9351,0.9034
1748935613.915663,1.2416,1.2002,1.24,0.9431,0.923,0.9313,1.0492,1.0291,1.032,1.0248,0.9797,1.0119,0.9523,0.9324,0.9047
1748935614.0296278,1.2537,1.2002,1.2311,0.9523,0.9141,0.9284,1.0476,1.0398,1.0143,1.0302,0.9791,1.0148,0.9506,0.923,0.9042
1748935614.1435678,1.2504,1.1991,1.223,0.9447,0.9216,0.9294,1.049,1.0323,1.0218,1.0154,0.9729,1.0003,0.9536,0.9278,0.9082
1748935614.2577322,1.2467,1.1924,1.2211,0.9437,0.9235,0.9324,1.0516,1.0339,1.0183,1.0111,0.9864,1.0157,0.9461,0.9214,0.9066
1748935614.371624,1.2354,1.1873,1.2254,0.9482,0.916,0.9235,1.05,1.0377,1.0197,1.0224,0.9724,1.0073,0.9453,0.9211,0.9082
1748935614.4855192,1.2314,1.1747,1.2096,0.941,0.9133,0.9275,1.0414,1.0347,1.0224,1.0108,0.9662,0.9885,0.9485,0.9189,0.9061
1748935614.599633,1.2314,1.1736,1.2112,0.9442,0.9179,0.9259,1.0484,1.0285,1.0154,1.0148,0.9724,1.002,0.9378,0.9286,0.9079
1748935614.713995,1.23,1.1803,1.2195,0.9447,0.912,0.9259,1.0385,1.0237,1.0122,1.0146,0.9684,1.0006,0.9423,0.9198,0.8977
1748935614.8279219,1.2381,1.1843,1.2241,0.9394,0.9192,0.9257,1.0422,1.0216,1.0095,1.0073,0.9681,0.9947,0.9528,0.9302,0.8894
1748935614.941566,1.2211,1.1771,1.2147,0.9367,0.9187,0.9235,1.0404,1.0205,1.0073,1.0022,0.9729,1.0009,0.9539,0.9251,0.8961
1748935615.067214,1.2271,1.1768,1.1999,0.9321,0.9181,0.9241,1.0406,1.031,1.0103,1.0025,0.9713,1.0001,0.9517,0.9238,0.8929
1748935615.169738,1.2206,1.1744,1.205,0.9367,0.916,0.9198,1.0382,1.0242,1.014,1.0041,0.9668,0.9944,0.9442,0.9192,0.8953
1748935615.2835479,1.223,1.1701,1.2029,0.9439,0.9208,0.9224,1.0404,1.024,1.013,0.999,0.963,0.9944,0.9415,0.9184,0.9001
1748935615.3978271,1.2222,1.1642,1.1989,0.9246,0.9133,0.9297,1.0345,1.017,1.0017,0.9915,0.9646,0.9942,0.9412,0.9173,0.8937
1748935615.511918,1.2131,1.1696,1.1997,0.9388,0.92,0.9216,1.0342,1.0173,1.0116,0.9877,0.963,0.9888,0.9463,0.9179,0.8907
1748935615.6255832,1.222,1.1645,1.1994,0.9367,0.9155,0.92,1.0339,1.0218,1.0159,0.9955,0.9587,0.9909,0.9378,0.9187,0.8907
1748935615.7401679,1.2166,1.1556,1.1962,0.9345,0.9138,0.9136,1.032,1.0208,1.0046,1.0017,0.9606,0.9864,0.9455,0.923,0.8983
1748935615.853778,1.2074,1.1663,1.1994,0.9383,0.9104,0.9224,1.0374,1.0216,1.0057,0.9928,0.9574,0.9821,0.9455,0.9227,0.8937
1748935615.967615,1.2069,1.1631,1.1986,0.9359,0.9189,0.9203,1.0315,1.0167,1.0046,0.999,0.9622,0.9888,0.9477,0.9173,0.8993
1748935616.089918,1.2045,1.1575,1.1924,0.9353,0.9133,0.9278,1.0302,1.0178,1.0044,0.9979,0.9703,0.985,0.9528,0.9173,0.8907
1748935616.196466,1.208,1.1666,1.1991,0.9421,0.92,0.9222,1.0245,1.0146,1.0003,0.9907,0.9533,0.992,0.952,0.9292,0.9028
1748935616.309658,1.2241,1.1709,1.1999,0.9404,0.9149,0.9281,1.0355,1.021,1.0025,0.9877,0.9617,0.9799,0.9461,0.9246,0.9034
1748935616.431354,1.2168,1.1661,1.2032,0.9375,0.9157,0.9243,1.0428,1.0189,1.0063,1.0028,0.9568,0.9802,0.9447,0.9149,0.8972
1748935616.538003,1.2026,1.1588,1.1903,0.9369,0.9133,0.9198,1.0393,1.0097,1.0108,0.9899,0.9649,0.9899,0.9437,0.9163,0.905
1748935616.6516979,1.2074,1.1655,1.1943,0.941,0.9171,0.9098,1.0369,1.0251,1.0052,0.9931,0.9568,0.9874,0.9458,0.9246,0.8958
1748935616.765753,1.2021,1.1529,1.1876,0.9364,0.9136,0.9224,1.0299,1.0229,1.0089,0.9885,0.9611,0.9883,0.941,0.916,0.8929
1748935616.8809311,1.2023,1.1559,1.1838,0.93,0.9112,0.9214,1.0396,1.0202,1.0119,0.9891,0.9563,0.9789,0.9404,0.9203,0.8977
1748935616.9936268,1.1975,1.15,1.1908,0.9343,0.9216,0.9192,1.0331,1.0191,1.0124,0.9952,0.9611,0.9853,0.9356,0.9211,0.8932
1748935617.107709,1.2029,1.1489,1.1905,0.9329,0.9152,0.9259,1.0374,1.0154,1.0049,0.9915,0.9504,0.985,0.9337,0.9267,0.8953
1748935617.2350452,1.204,1.1518,1.1919,0.9308,0.9093,0.9214,1.0294,1.0148,1.0054,0.999,0.9488,0.9896,0.9386,0.9241,0.898
1748935617.335668,1.1972,1.1669,1.1908,0.9318,0.9165,0.9211,1.0431,1.0285,1.0135,1.002,0.9598,0.9952,0.9369,0.9211,0.9034
1748935617.449683,1.2142,1.1497,1.1905,0.9318,0.9149,0.9313,1.0533,1.0379,1.0234,1.0122,0.9641,0.988,0.9463,0.9219,0.9042
1748935617.563829,1.2066,1.1693,1.205,0.9337,0.9189,0.9238,1.0476,1.0369,1.0342,1.0014,0.959,0.984,0.9378,0.9219,0.8897
1748935617.6782532,1.2126,1.1629,1.2029,0.9318,0.9232,0.9273,1.0476,1.0358,1.0312,0.9985,0.9611,0.9915,0.9453,0.9267,0.8983
1748935617.791669,1.2144,1.1647,1.2037,0.9399,0.9179,0.931,1.0479,1.0401,1.0299,0.9912,0.9609,0.9979,0.9463,0.9184,0.8932
1748935617.906129,1.2061,1.1655,1.1962,0.9404,0.9198,0.9265,1.0479,1.0385,1.0251,0.9893,0.9614,0.9832,0.9466,0.9251,0.8937
1748935618.0197928,1.1948,1.1537,1.1916,0.923,0.9184,0.9241,1.0366,1.0315,1.0175,0.9907,0.9643,0.9958,0.9431,0.9181,0.8924
1748935618.133673,1.2104,1.1521,1.205,0.9369,0.9235,0.9292,1.0401,1.0216,1.0191,0.9926,0.9582,0.9864,0.9472,0.9243,0.9026
1748935618.247678,1.2023,1.1524,1.1954,0.9359,0.9286,0.931,1.0369,1.0288,1.0194,1.0011,0.9552,0.9877,0.941,0.9173,0.8999
1748935618.365372,1.2013,1.1513,1.1986,0.9394,0.9192,0.9259,1.0374,1.0302,1.0208,1.0003,0.97,0.9995,0.9386,0.9249,0.8958
1748935618.475738,1.2077,1.1508,1.1884,0.9372,0.9187,0.9278,1.0385,1.0259,1.02,0.9909,0.96,0.9883,0.9388,0.9206,0.9039
1748935618.589688,1.1999,1.1564,1.1908,0.9359,0.9198,0.9254,1.0369,1.024,1.0151,1.0044,0.9552,0.999,0.9426,0.9243,0.9031
1748935618.719216,1.2091,1.1591,1.1951,0.9321,0.9155,0.9238,1.0353,1.0234,1.0154,0.9958,0.9568,0.9928,0.9407,0.9224,0.8964
1748935618.817795,1.1954,1.1569,1.198,0.9367,0.913,0.9232,1.0371,1.0165,1.021,0.9977,0.9619,0.9926,0.9461,0.916,0.9028
1748935618.931707,1.2077,1.1553,1.1913,0.9383,0.9133,0.9208,1.032,1.0213,1.0105,0.9998,0.9619,0.9891,0.9447,0.9243,0.8993
1748935619.04651,1.2045,1.1583,1.1954,0.9426,0.9165,0.9219,1.0318,1.0178,1.0092,0.9982,0.9654,0.9909,0.9466,0.9165,0.9055
1748935619.160094,1.2091,1.1575,1.1951,0.9313,0.9147,0.9238,1.0342,1.0173,1.0111,0.9977,0.9617,0.9923,0.9445,0.9208,0.894
1748935619.27382,1.2018,1.1457,1.1929,0.9369,0.9122,0.9222,1.035,1.0092,1.0127,0.9968,0.9625,0.9993,0.9372,0.9281,0.8945
1748935619.387827,1.205,1.1548,1.1911,0.9367,0.9257,0.9267,1.0328,1.0294,1.0186,0.9939,0.9665,1.0065,0.938,0.9171,0.9082
1748935619.501823,1.1956,1.1486,1.1903,0.9356,0.9224,0.9198,1.0347,1.0186,1.0079,1.0076,0.9627,0.9952,0.9412,0.9275,0.9074
1748935619.6158059,1.1951,1.1548,1.1876,0.9396,0.9101,0.92,1.0374,1.0159,1.0079,1.01,0.9657,1.002,0.9501,0.9273,0.9047
1748935619.72988,1.2026,1.1481,1.1903,0.9345,0.9171,0.9203,1.0406,1.0111,1.0065,0.9947,0.9721,1.0049,0.9429,0.9216,0.9004
1748935619.844051,1.2021,1.1435,1.1929,0.9429,0.916,0.9278,1.0417,1.0189,1.0076,1.0092,0.9778,0.9968,0.9482,0.9222,0.9136
1748935619.957935,1.1935,1.1451,1.1825,0.9359,0.9165,0.9206,1.032,1.0173,1.0116,1.0001,0.9633,1.0014,0.9461,0.9216,0.9069
1748935620.082911,1.1962,1.1403,1.1838,0.9359,0.9149,0.9246,1.0291,1.0234,1.0095,1.0057,0.9676,0.9985,0.9458,0.9246,0.9044
1748935620.197422,1.1937,1.1478,1.183,0.9348,0.9141,0.9208,1.0234,1.0162,1.0049,0.9947,0.9737,1.0017,0.9445,0.9292,0.8945
1748935620.299891,1.1986,1.1505,1.1819,0.9364,0.9136,0.9195,1.0296,1.0143,0.996,1.003,0.9711,1.0001,0.9463,0.934,0.9047
1748935620.4139378,1.1911,1.1553,1.1852,0.9372,0.9106,0.9267,1.0318,1.0165,0.9998,0.9982,0.9729,1.002,0.9498,0.9302,0.9128
1748935620.527894,1.1946,1.158,1.1857,0.9335,0.9179,0.9157,1.0345,1.0103,1.0079,1.0022,0.9743,1.0079,0.9474,0.9251,0.8964
1748935620.6417542,1.1932,1.1389,1.1886,0.938,0.9176,0.9189,1.0393,1.0269,1.0065,0.9939,0.9735,1.0025,0.9466,0.9219,0.9063
1748935620.755817,1.1927,1.1446,1.1825,0.9361,0.9149,0.9232,1.032,1.0135,1.006,0.9998,0.9697,1.0057,0.9482,0.9206,0.8975
1748935620.869893,1.1868,1.1357,1.1725,0.9292,0.9189,0.9259,1.0229,1.0218,1.0065,0.9982,0.9724,1.003,0.945,0.9227,0.9031
1748935620.987851,1.1956,1.1379,1.1758,0.9351,0.9128,0.9171,1.024,1.0162,1.0052,1.0038,0.9727,1.0022,0.9364,0.9208,0.8993
1748935621.0978382,1.1905,1.1344,1.1728,0.9313,0.9095,0.9211,1.0285,1.0084,0.9993,0.9907,0.9678,0.9968,0.9396,0.9155,0.8889
1748935621.2121978,1.1975,1.1424,1.1817,0.9324,0.9198,0.9198,1.0285,1.0089,0.9942,0.9958,0.9627,0.9861,0.9418,0.9222,0.9042
1748935621.3301702,1.1932,1.14,1.172,0.9353,0.9112,0.916,1.0304,1.0148,1.0022,0.9939,0.9635,0.9845,0.9399,0.9206,0.8977
1748935621.439889,1.1841,1.1379,1.1846,0.9297,0.9195,0.9235,1.0342,1.0173,1.0124,0.9944,0.9649,0.9874,0.9415,0.9211,0.8972
1748935621.553919,1.1916,1.1381,1.1787,0.9235,0.9093,0.9198,1.0328,1.0205,1.013,0.992,0.9654,0.9979,0.9458,0.9216,0.8942
1748935621.6692202,1.1897,1.1371,1.1741,0.9367,0.9136,0.9192,1.0221,1.0277,1.0033,0.9934,0.9681,1.0025,0.9375,0.9198,0.9004
1748935621.7818098,1.1911,1.1467,1.1835,0.9383,0.916,0.9313,1.0261,1.0218,1.0046,0.9909,0.963,0.9968,0.9442,0.931,0.8929
1748935621.895891,1.1868,1.1419,1.1669,0.9375,0.9181,0.9241,1.028,1.0213,1.02,0.9861,0.9695,0.9963,0.9455,0.9238,0.8975
1748935622.009941,1.186,1.1381,1.1682,0.9297,0.912,0.9241,1.0355,1.0261,1.0159,1.0003,0.9625,0.9958,0.9372,0.9267,0.8926
1748935622.1238458,1.179,1.1371,1.1645,0.9391,0.9141,0.9305,1.0326,1.0208,1.014,0.9947,0.9606,0.9931,0.9399,0.9192,0.8964
1748935622.2383108,1.1725,1.1258,1.1639,0.9359,0.913,0.9125,1.0337,1.0143,1.0116,0.9987,0.9703,1.0022,0.9453,0.9267,0.8985
1748935622.351994,1.1739,1.1309,1.1717,0.9313,0.9238,0.9214,1.0288,1.0264,1.0065,0.9952,0.9563,0.9982,0.9391,0.927,0.895
1748935622.4660249,1.1779,1.1253,1.1655,0.9259,0.9165,0.9238,1.0339,1.021,1.0009,0.996,0.9643,0.9995,0.9361,0.9168,0.8889
1748935622.579853,1.1701,1.1314,1.1526,0.9383,0.9141,0.9232,1.0277,1.0189,1.0097,0.9982,0.97,0.9858,0.9442,0.9184,0.8964
1748935622.694413,1.1782,1.1269,1.158,0.9337,0.9187,0.9157,1.0315,1.0202,1.0092,0.9998,0.9638,0.9987,0.9437,0.9289,0.8975
1748935622.813698,1.179,1.1277,1.1564,0.9412,0.9138,0.9206,1.0245,1.0194,1.0071,0.9928,0.9676,0.9931,0.9412,0.9192,0.8937
1748935622.921878,1.1725,1.1387,1.1685,0.9343,0.9125,0.9189,1.0355,1.0183,1.0127,1.0081,0.966,0.9968,0.9386,0.9273,0.902
1748935623.0359511,1.1787,1.1365,1.1661,0.9361,0.9189,0.9211,1.0229,1.0079,1.0041,0.9963,0.9759,0.9899,0.9289,0.9165,0.895
1748935623.15118,1.1758,1.1191,1.154,0.9388,0.9149,0.9251,1.0296,1.0264,1.006,1.0006,0.9729,0.9923,0.9386,0.9192,0.901
1748935623.264271,1.1787,1.1347,1.1642,0.9372,0.912,0.9254,1.0323,1.0191,1.0006,1.0041,0.9665,0.9947,0.9402,0.9214,0.8977
1748935623.3781881,1.1752,1.1352,1.1776,0.9292,0.9125,0.9259,1.0294,1.0226,1.002,1.0014,0.963,1.0011,0.9434,0.9289,0.8985
1748935623.492262,1.1747,1.1258,1.1669,0.9394,0.916,0.9238,1.0259,1.0154,1.0003,0.9926,0.9646,0.9968,0.9402,0.9227,0.8907
1748935623.608727,1.1733,1.1261,1.1615,0.9375,0.9222,0.9189,1.024,1.0178,1.0065,1.0006,0.9617,0.999,0.9388,0.9214,0.8918
1748935623.719934,1.1841,1.1309,1.1634,0.9351,0.9136,0.9294,1.0371,1.0165,1.0108,0.9869,0.9711,0.996,0.9439,0.9318,0.9071
1748935623.834094,1.1725,1.1226,1.1615,0.9369,0.913,0.9179,1.0285,1.0146,1.0087,0.9987,0.9686,0.9872,0.9418,0.9246,0.901
1748935623.951448,1.1774,1.1228,1.1645,0.9345,0.9069,0.9243,1.0216,1.02,1.0114,1.0014,0.9641,0.9923,0.9326,0.9198,0.898
1748935624.0622468,1.1811,1.1277,1.1717,0.938,0.92,0.9144,1.0304,1.0124,1.0105,0.9995,0.9571,0.9877,0.9501,0.9249,0.902
1748935624.17607,1.1817,1.1301,1.1634,0.9388,0.9114,0.9192,1.0304,1.0132,1.0143,0.9912,0.966,0.9942,0.941,0.9227,0.8975
1748935624.299985,1.1803,1.129,1.1629,0.9324,0.9168,0.9289,1.0342,1.0205,1.0011,0.9869,0.963,0.9888,0.9426,0.9206,0.9001
1748935624.4039738,1.1771,1.1304,1.1618,0.9369,0.9138,0.9297,1.0326,1.0208,1.0111,0.9955,0.9668,0.992,0.9412,0.9179,0.9058
1748935624.5179121,1.1803,1.1285,1.1634,0.9345,0.9168,0.9265,1.0234,1.0183,1.0087,0.9993,0.9625,0.9904,0.9421,0.9238,0.8934
1748935624.633466,1.1731,1.1312,1.1602,0.9348,0.9157,0.9232,1.0315,1.0159,1.0052,0.9858,0.9654,0.992,0.9375,0.9257,0.9004
1748935624.746002,1.179,1.1263,1.169,0.9351,0.9171,0.9198,1.0296,1.0208,1.0065,0.9985,0.9638,0.9928,0.9447,0.9232,0.8985
1748935624.859998,1.1798,1.1365,1.1698,0.934,0.916,0.9211,1.0318,1.0146,1.0068,0.996,0.9609,0.9909,0.9466,0.9222,0.8918
1748935624.974411,1.1862,1.1333,1.1817,0.9332,0.916,0.9214,1.0337,1.0165,1.0103,0.9856,0.959,0.9805,0.9404,0.9206,0.8999
1748935625.087978,1.1779,1.136,1.172,0.9324,0.9227,0.9176,1.0291,1.0138,1.0073,0.9963,0.9635,0.9904,0.9423,0.92,0.8985
1748935625.202,1.1784,1.1389,1.1685,0.9372,0.9179,0.9227,1.0232,1.0194,1.0025,1.0033,0.9523,0.9883,0.9455,0.9216,0.8916
1748935625.316085,1.1822,1.1389,1.1634,0.9318,0.9163,0.9249,1.0339,1.0127,1.0044,0.9982,0.9703,0.9877,0.9275,0.9195,0.8967
1748935625.429973,1.1704,1.1312,1.1623,0.9351,0.913,0.9265,1.0248,1.0089,1.0011,0.9848,0.9614,0.9794,0.9332,0.9246,0.8977
1748935625.543971,1.1787,1.1193,1.1647,0.9257,0.9141,0.9321,1.0218,1.0122,1.0063,0.9944,0.9539,0.9899,0.941,0.9192,0.9028
1748935625.658436,1.1809,1.1204,1.1655,0.9286,0.9195,0.9206,1.0272,1.0183,1.0041,0.9858,0.9614,0.9883,0.9329,0.9259,0.9004
1748935625.772131,1.1674,1.121,1.1516,0.9243,0.9112,0.9262,1.0186,1.0092,1.0028,0.9883,0.9603,0.978,0.945,0.9203,0.9058
1748935625.885964,1.1642,1.1215,1.1578,0.9345,0.9141,0.9179,1.0202,1.0092,0.9995,0.992,0.9563,0.9931,0.934,0.912,0.9058
1748935626.00035,1.1682,1.1242,1.15,0.9335,0.9138,0.9149,1.0191,1.0108,1.0025,0.9845,0.9609,0.984,0.9394,0.9214,0.9036
1748935626.116268,1.1709,1.1172,1.1516,0.9429,0.9117,0.9262,1.0183,1.0097,0.9985,0.9893,0.949,0.9794,0.9437,0.9189,0.9044
1748935626.228276,1.1717,1.1204,1.1505,0.9361,0.9109,0.9254,1.0245,1.0071,0.9982,0.9786,0.9587,0.9821,0.9434,0.9176,0.8921
1748935626.3420942,1.1607,1.1223,1.1569,0.934,0.9109,0.9262,1.0173,1.0084,1.0071,0.9883,0.9592,0.9842,0.9332,0.9273,0.9007
1748935626.463221,1.1642,1.1258,1.1451,0.9308,0.9042,0.9219,1.0191,1.01,0.9971,0.9778,0.9528,0.9813,0.9353,0.9222,0.9007
1748935626.570074,1.1693,1.1148,1.1492,0.9294,0.916,0.9195,1.0154,1.0028,0.9931,0.9866,0.9595,0.9848,0.9372,0.9227,0.9015
1748935626.684536,1.1567,1.1188,1.1561,0.9332,0.9171,0.9222,1.013,1.0087,1.002,0.9807,0.96,0.981,0.9386,0.9219,0.8916
1748935626.7981389,1.1578,1.1097,1.1518,0.934,0.9085,0.9157,1.0275,1.0036,0.9931,0.9877,0.9485,0.9813,0.9515,0.9192,0.8921
1748935626.925965,1.1639,1.1247,1.1567,0.931,0.9095,0.9179,1.0135,1.0011,0.9985,0.9772,0.9558,0.9783,0.941,0.9216,0.902
1748935627.026036,1.158,1.1158,1.1564,0.938,0.9117,0.9219,1.021,1.0073,1.0003,0.9762,0.9614,0.9834,0.9407,0.9157,0.8934
1748935627.1401012,1.151,1.1148,1.1524,0.9326,0.9203,0.92,1.0259,1.0068,0.996,0.988,0.9558,0.9791,0.9302,0.9128,0.9015
1748935627.259008,1.1545,1.1137,1.1567,0.9321,0.9198,0.9211,1.0208,1.0114,1.0017,0.9772,0.9531,0.974,0.9426,0.9187,0.8921
1748935627.368001,1.1548,1.1094,1.1484,0.9289,0.9098,0.9259,1.0132,0.9982,1.0046,0.9802,0.9603,0.9821,0.9337,0.9241,0.901
1748935627.482039,1.1529,1.1107,1.1607,0.93,0.913,0.9195,1.0183,1.0006,0.9977,0.9883,0.949,0.9858,0.9369,0.9219,0.8991
1748935627.596222,1.1602,1.1177,1.154,0.9378,0.9122,0.9265,1.0186,1.0057,1.0009,0.9917,0.948,0.9746,0.9318,0.9251,0.8991
1748935627.7140841,1.1669,1.1201,1.1572,0.9343,0.9173,0.9238,1.0251,1.0108,0.9995,0.9939,0.9576,0.9877,0.9348,0.9249,0.8969
1748935627.824209,1.1717,1.1333,1.1561,0.9343,0.9187,0.9232,1.0208,1.0071,1.0095,0.9896,0.9525,0.984,0.9294,0.9184,0.8945
1748935627.9386299,1.179,1.1269,1.1653,0.9383,0.916,0.9208,1.0208,1.0146,0.999,0.9869,0.956,0.9832,0.9402,0.9195,0.9031
1748935628.055388,1.172,1.1228,1.1588,0.9369,0.9192,0.9302,1.021,1.0105,1.0065,0.9869,0.9552,0.977,0.9447,0.9157,0.8924
1748935628.166142,1.194,1.1419,1.1733,0.9404,0.9184,0.9286,1.0248,1.0175,1.0092,0.9845,0.9512,0.9789,0.9434,0.9203,0.8937
1748935628.280142,1.1994,1.1492,1.186,0.9324,0.9203,0.9337,1.0379,1.0242,1.02,0.9917,0.9622,0.9786,0.9345,0.9211,0.8967
1748935628.394186,1.1964,1.1481,1.1884,0.9418,0.9214,0.9356,1.0294,1.0253,1.0181,0.9826,0.9558,0.9869,0.9493,0.9249,0.9028
1748935628.5081978,1.223,1.1674,1.2126,0.9458,0.9241,0.9345,1.0508,1.0361,1.0299,1.0038,0.9523,0.9939,0.949,0.9259,0.8985
1748935628.622263,1.2225,1.1792,1.2104,0.9407,0.9222,0.9418,1.0447,1.0436,1.0302,0.9923,0.9625,0.9974,0.9439,0.9243,0.8956
1748935628.736035,1.2238,1.1755,1.2093,0.9407,0.9235,0.9321,1.0441,1.0455,1.0337,0.9869,0.9662,0.9823,0.9361,0.93,0.9001
1748935628.8575602,1.2246,1.1728,1.2056,0.9396,0.9284,0.9305,1.0522,1.0361,1.0374,0.9912,0.9595,0.9904,0.9391,0.9222,0.8983
1748935628.96418,1.2236,1.1779,1.2093,0.9345,0.9241,0.9332,1.0514,1.039,1.0267,0.9926,0.9547,0.984,0.9369,0.9224,0.895
1748935629.078242,1.2185,1.1704,1.2066,0.9431,0.9227,0.9394,1.0436,1.0342,1.0331,0.9883,0.9646,0.9797,0.9404,0.9257,0.895
1748935629.192269,1.216,1.1623,1.2048,0.9469,0.92,0.9369,1.042,1.0342,1.0275,0.9802,0.9563,0.9823,0.9402,0.9243,0.9007
1748935629.3062131,1.2147,1.1669,1.2005,0.9329,0.9243,0.9335,1.0527,1.0331,1.0261,0.9915,0.9558,0.9789,0.948,0.923,0.8929
1748935629.420631,1.2123,1.1629,1.2077,0.9399,0.9224,0.9329,1.0422,1.0315,1.0288,0.984,0.9541,0.9826,0.9423,0.9206,0.8942
1748935629.5342872,1.1964,1.1599,1.1956,0.9356,0.9179,0.9273,1.0441,1.0315,1.0162,0.9883,0.9549,0.9848,0.9388,0.9273,0.9053
1748935629.6485682,1.2026,1.1629,1.1911,0.9318,0.9211,0.9219,1.0361,1.0253,1.0213,0.9845,0.9547,0.9832,0.9399,0.9163,0.9023
1748935629.7623281,1.1994,1.1532,1.1908,0.9302,0.9168,0.9318,1.042,1.021,1.0151,0.9861,0.959,0.9791,0.9434,0.92,0.8983
1748935629.8761759,1.1946,1.1513,1.1905,0.9375,0.9224,0.9318,1.0428,1.0159,1.0197,0.978,0.9533,0.9837,0.9383,0.9176,0.9063
1748935629.995256,1.194,1.1414,1.1905,0.9396,0.9235,0.9235,1.0315,1.0245,1.0256,0.9853,0.9498,0.9821,0.9364,0.916,0.9047
1748935630.1044428,1.1889,1.1494,1.1886,0.9364,0.9235,0.9281,1.0307,1.0165,1.0269,0.9789,0.9463,0.985,0.934,0.92,0.9061
1748935630.218195,1.1876,1.1449,1.1787,0.9364,0.9189,0.9286,1.0264,1.0216,1.013,0.9874,0.9509,0.9746,0.9383,0.9206,0.9012
1748935630.33268,1.1846,1.1387,1.1795,0.934,0.9206,0.9305,1.0285,1.0237,1.0154,0.9813,0.9558,0.9799,0.9421,0.9198,0.9112
1748935630.446165,1.1833,1.143,1.1774,0.9396,0.9125,0.9216,1.0337,1.017,1.0127,0.9783,0.9579,0.9832,0.9378,0.9249,0.901
1748935630.560318,1.1835,1.1312,1.1739,0.9359,0.9093,0.9297,1.032,1.0213,1.0114,0.9767,0.9426,0.988,0.9391,0.9198,0.901
1748935630.674171,1.1779,1.1368,1.1653,0.9297,0.9198,0.9254,1.0296,1.0248,1.0146,0.9936,0.9528,0.977,0.9318,0.9171,0.9026
1748935630.7944078,1.1779,1.1338,1.1698,0.9345,0.9171,0.9214,1.0283,1.0221,1.0162,0.9861,0.9517,0.9799,0.9367,0.9214,0.8985
1748935630.902364,1.1758,1.1274,1.1658,0.9369,0.9211,0.9216,1.032,1.0157,1.0079,0.9778,0.945,0.977,0.9259,0.9112,0.8961
1748935631.016267,1.1771,1.1242,1.1621,0.9351,0.9087,0.9165,1.0296,1.017,1.0073,0.9689,0.9614,0.9815,0.938,0.916,0.905
1748935631.131882,1.1776,1.1266,1.1615,0.9321,0.9181,0.9265,1.0208,1.0127,1.0068,0.9743,0.945,0.9767,0.9407,0.9292,0.8993
1748935631.24463,1.1728,1.1325,1.1661,0.9367,0.9136,0.9211,1.0277,1.024,1.0111,0.9767,0.9523,0.9823,0.9396,0.9265,0.9071
1748935631.35823,1.1607,1.1215,1.1653,0.9289,0.9181,0.923,1.0304,1.0159,1.0076,0.9813,0.9458,0.9815,0.9488,0.9141,0.8958
1748935631.4726741,1.1682,1.1234,1.1548,0.9386,0.9187,0.9198,1.028,1.0197,1.0089,0.9823,0.9525,0.9767,0.9407,0.9324,0.8988
1748935631.589371,1.1561,1.1134,1.1548,0.9335,0.9122,0.9316,1.0272,1.0157,1.0057,0.9789,0.9501,0.9743,0.9351,0.9235,0.901
1748935631.7003908,1.1631,1.1175,1.1567,0.93,0.9079,0.923,1.0132,1.0162,1.0076,0.9791,0.952,0.9751,0.9372,0.9259,0.8975
1748935631.8143559,1.1564,1.1258,1.1615,0.9262,0.9155,0.92,1.0267,1.01,1.01,0.9813,0.9517,0.9729,0.9356,0.9144,0.9055
1748935631.936801,1.1572,1.1193,1.1532,0.9286,0.9214,0.9254,1.0277,1.0157,1.0105,0.978,0.9506,0.9759,0.9386,0.9227,0.8983
1748935632.042227,1.1682,1.1167,1.1591,0.9281,0.9152,0.9308,1.0259,1.0165,1.0049,0.9727,0.9477,0.9735,0.9399,0.9292,0.8972
1748935632.156428,1.1634,1.1161,1.1516,0.9316,0.9093,0.9232,1.028,1.0095,1.0089,0.9748,0.9498,0.9794,0.9275,0.9227,0.9012
1748935632.270468,1.1599,1.1212,1.1529,0.9367,0.9109,0.9211,1.021,1.0151,1.0028,0.9837,0.9466,0.9684,0.9297,0.9219,0.9039
1748935632.384346,1.1677,1.1258,1.147,0.9337,0.9192,0.9211,1.0221,1.0108,1.0065,0.9888,0.9429,0.9799,0.9367,0.9198,0.9012
1748935632.4988,1.1698,1.1172,1.1655,0.9308,0.9198,0.923,1.0283,1.0089,1.0097,0.981,0.9407,0.9737,0.9367,0.9214,0.9106
1748935632.612295,1.1669,1.1196,1.1631,0.9348,0.9187,0.9238,1.0272,1.01,1.0081,0.9799,0.9571,0.9719,0.9361,0.9195,0.9039
1748935632.7263072,1.1717,1.1234,1.1559,0.9257,0.9184,0.9238,1.0245,1.0165,1.0065,0.9764,0.9421,0.9767,0.9388,0.9211,0.8977
1748935632.8405492,1.1685,1.1293,1.1612,0.9265,0.9141,0.9262,1.0299,1.0154,1.0111,0.9748,0.941,0.9789,0.934,0.9278,0.9074
1748935632.954834,1.1766,1.1298,1.1602,0.9214,0.9168,0.9232,1.0299,1.0116,1.0087,0.9805,0.9531,0.9802,0.9356,0.9147,0.8977
1748935633.068623,1.1725,1.1277,1.1666,0.9353,0.9128,0.9251,1.0232,1.0189,1.0092,0.9783,0.948,0.9829,0.934,0.9171,0.9001
1748935633.182483,1.1744,1.1287,1.1634,0.9356,0.9181,0.9267,1.031,1.0108,1.01,0.9727,0.9558,0.9845,0.9348,0.9246,0.8967
1748935633.296416,1.1755,1.132,1.1631,0.9318,0.9138,0.9278,1.0237,1.0202,1.0151,0.9815,0.9477,0.9786,0.9351,0.9198,0.901
1748935633.410424,1.1712,1.1312,1.1647,0.9286,0.9184,0.934,1.028,1.02,1.0119,0.9783,0.9576,0.9874,0.9394,0.9152,0.8969
1748935633.527943,1.1768,1.1336,1.1639,0.9275,0.9219,0.9284,1.0361,1.0151,1.017,0.9813,0.9509,0.9743,0.9466,0.9203,0.9028
1748935633.6383622,1.1693,1.1266,1.1607,0.9262,0.9181,0.9275,1.0304,1.0202,1.0111,0.9821,0.9474,0.985,0.9351,0.9219,0.898
1748935633.75247,1.172,1.1244,1.1583,0.93,0.92,0.927,1.0267,1.021,1.0143,0.978,0.9437,0.9832,0.9426,0.9208,0.898
1748935633.872224,1.1658,1.1218,1.1655,0.9348,0.9187,0.9278,1.0328,1.0154,1.0108,0.9705,0.952,0.9813,0.9353,0.9246,0.9055
1748935633.9804091,1.1725,1.129,1.1567,0.9292,0.9189,0.9273,1.0259,1.0189,1.0135,0.9802,0.952,0.9845,0.9337,0.92,0.8942
1748935634.0943449,1.161,1.1285,1.1543,0.931,0.9216,0.9246,1.0264,1.0165,1.0181,0.9829,0.9498,0.9893,0.9353,0.9195,0.8996
1748935634.208381,1.1698,1.1255,1.1545,0.9402,0.9187,0.9259,1.0304,1.017,1.0135,0.9815,0.9525,0.9826,0.9394,0.9176,0.8964
1748935634.4230778,1.1618,1.122,1.1631,0.9308,0.9214,0.9308,1.0363,1.0175,1.0165,0.981,0.9549,0.9813,0.9356,0.9254,0.8934
1748935634.43633,1.1596,1.1228,1.1497,0.9273,0.9155,0.9232,1.0267,1.0183,1.0165,0.9743,0.9512,0.9751,0.9378,0.9232,0.8977
1748935634.55104,1.1704,1.1201,1.1526,0.9302,0.9262,0.9348,1.031,1.0165,1.0114,0.9826,0.9525,0.9877,0.9345,0.9192,0.9061
1748935634.665142,1.1637,1.1183,1.1529,0.927,0.9114,0.9289,1.0326,1.0105,1.0108,0.9848,0.9638,0.9872,0.9345,0.9211,0.9026
1748935634.778692,1.1669,1.1226,1.1553,0.9297,0.9152,0.927,1.0256,1.017,1.0124,0.9823,0.9568,0.988,0.9353,0.9187,0.895
1748935634.8923252,1.1594,1.1161,1.1588,0.9324,0.9133,0.9316,1.0307,1.0178,1.0237,0.9764,0.9461,0.9845,0.9337,0.9224,0.9053
