timestamp,R0C0,R0C1,R0C2,R1C0,R1C1,R1C2,R2C0,R2C1,R2C2,R3C0,R3C1,R3C2,R4C0,R4C1,R4C2
1748798930.3679,2.2908,2.117,2.1527,1.8629,1.2929,1.1185,1.8562,1.3423,1.1121,1.8349,1.2338,1.5096,1.8873,1.3254,1.6402
1748798930.394418,2.2518,2.139,2.1522,1.7842,1.262,1.1223,1.8438,1.306,1.111,1.811,1.2117,1.5268,1.8355,1.2958,1.5854
1748798930.4067788,2.2435,2.1288,2.1272,1.7697,1.262,1.0995,1.7823,1.2808,1.1038,1.7431,1.1895,1.4973,1.7995,1.3025,1.5661
1748798930.4129999,2.1831,2.0713,2.0563,1.7345,1.2332,1.0879,1.7624,1.2429,1.0949,1.7208,1.2053,1.4672,1.7353,1.2649,1.5376
1748798930.4296918,2.1527,2.0117,2.0525,1.6705,1.2367,1.0927,1.7216,1.2682,1.107,1.7047,1.2018,1.4548,1.7296,1.2856,1.515
1748798930.4469278,2.1793,2.0474,2.0786,1.6904,1.2539,1.0884,1.7353,1.2351,1.1091,1.7208,1.1997,1.4895,1.7133,1.2762,1.5139
1748798930.4565,2.1495,1.9961,2.0386,1.702,1.1997,1.0812,1.7275,1.2488,1.0713,1.6574,1.2048,1.4465,1.6998,1.2596,1.519
1748798930.4578571,2.1428,1.9776,2.0361,1.7589,1.2679,1.0793,1.7565,1.2496,1.1083,1.6915,1.1763,1.4782,1.7399,1.2593,1.537
1748798930.463553,2.1409,1.9639,2.0055,1.7581,1.2668,1.0801,1.7415,1.2891,1.1242,1.7103,1.2109,1.475,1.7219,1.2674,1.5505
1748798930.4837198,2.1382,1.962,2.0206,1.7716,1.3098,1.1003,1.7753,1.2853,1.0833,1.7208,1.2093,1.5102,1.7506,1.2467,1.5878
1748798930.516315,2.1302,1.9652,2.0238,1.7863,1.3627,1.1105,1.7893,1.3281,1.0785,1.6966,1.1967,1.5158,1.7181,1.2628,1.5988
1748798930.5805929,2.1111,1.9327,1.987,1.756,1.3528,1.1113,1.7659,1.3321,1.096,1.6359,1.1758,1.5282,1.6399,1.23,1.5626
1748798930.693495,2.0853,1.9228,1.9881,1.7616,1.3267,1.1097,1.7331,1.3044,1.0914,1.6415,1.1833,1.4935,1.6335,1.2547,1.5475
1748798930.8064709,2.1095,1.9319,2.0082,1.7192,1.3187,1.1196,1.709,1.2851,1.1,1.6182,1.1736,1.4865,1.619,1.2093,1.5448
1748798930.919173,2.1345,1.9781,2.0147,1.7415,1.3364,1.0893,1.7068,1.2746,1.0809,1.616,1.1825,1.4548,1.605,1.2023,1.5166
1748798931.0321128,2.0893,1.9518,2.0141,1.7194,1.2958,1.0973,1.7009,1.2451,1.0807,1.5884,1.1766,1.4796,1.6029,1.1932,1.5169
1748798931.1485178,2.0826,1.955,1.9921,1.7173,1.2899,1.1048,1.7208,1.2633,1.104,1.5999,1.1567,1.4557,1.5961,1.1857,1.5072
1748798931.258591,2.074,1.9188,1.9577,1.68,1.3125,1.0777,1.6759,1.2827,1.0766,1.583,1.1535,1.4699,1.5808,1.2158,1.5029
1748798931.371138,2.0187,1.8793,1.9424,1.6692,1.3031,1.086,1.6762,1.244,1.0949,1.5953,1.1841,1.4661,1.5765,1.1846,1.5123
1748798931.484127,2.0141,1.8905,1.9351,1.6816,1.266,1.0944,1.702,1.216,1.0632,1.555,1.1529,1.4237,1.6031,1.1876,1.489
1748798931.600391,2.0525,1.8712,1.9394,1.7079,1.2864,1.0997,1.728,1.2354,1.0721,1.6115,1.1653,1.4473,1.6402,1.1978,1.5207
1748798931.7107341,2.103,1.9749,2.0044,1.7681,1.2945,1.1046,1.7458,1.2467,1.0715,1.6722,1.187,1.4785,1.6501,1.2233,1.5338
1748798931.823334,2.2019,2.0719,2.1382,1.7613,1.3845,1.1398,1.7565,1.342,1.0979,1.6152,1.1868,1.5271,1.619,1.2168,1.5752
1748798931.936068,2.2368,2.1474,2.1756,1.7981,1.4653,1.1852,1.7681,1.4339,1.1298,1.6034,1.1677,1.5644,1.6002,1.2367,1.6305
1748798932.049254,2.2285,2.1119,2.157,1.8425,1.5045,1.1733,1.8331,1.4737,1.1153,1.6539,1.1817,1.58,1.6673,1.2198,1.6308
1748798932.163472,2.2811,2.1406,2.1962,1.9265,1.5419,1.2072,1.937,1.4806,1.1365,1.7928,1.1827,1.609,1.7979,1.2322,1.6746
1748798932.275084,2.4579,2.3158,2.312,2.1503,1.7025,1.2512,2.121,1.6566,1.1621,1.9848,1.2343,1.7221,2.0254,1.3213,1.8148
1748798932.388267,2.4385,2.2688,2.3099,2.1516,1.691,1.2222,2.1551,1.6837,1.1771,2.0241,1.24,1.7313,2.0611,1.3471,1.8221
1748798932.501173,2.4119,2.2215,2.2312,2.102,1.4344,1.2058,2.0759,1.4124,1.1569,2.0748,1.2786,1.4573,2.0286,1.2117,0.9348
1748798932.617398,2.4423,2.2223,2.2559,2.1234,1.464,1.2112,2.1331,1.4234,1.1803,2.1326,1.3119,1.5669,2.0807,1.2972,0.9439
1748798932.727366,2.3488,1.3788,1.1317,2.1398,1.4968,1.2614,2.1116,1.4836,1.187,2.1414,1.4027,1.6112,2.0496,1.2977,0.9469
1748798932.8402529,2.4428,2.2411,2.2594,2.0611,1.4557,1.2099,2.0891,1.4197,1.1639,2.0681,1.4073,1.5717,2.0173,1.2582,0.9254
1748798932.953351,2.3322,2.1675,2.1855,2.0238,1.392,1.2048,2.0243,1.3426,1.15,2.0219,1.3418,1.5521,1.955,1.2134,0.9348
1748798933.066414,2.4173,2.2803,2.294,2.049,1.4035,1.1865,2.0211,1.4046,1.1263,2.013,1.3705,1.5725,1.9765,1.2743,0.9541
1748798933.179796,2.2884,2.0899,2.1001,1.9166,1.338,1.1889,1.9274,1.3197,1.1457,1.9179,1.324,1.4946,1.8927,1.1728,0.9104
1748798933.2924852,2.3719,2.1578,2.1973,1.9996,1.3439,1.1766,2.0018,1.3289,1.143,1.9862,1.3246,1.5051,1.9674,1.2029,0.8977
1748798933.405498,2.3835,2.2067,2.2164,2.0128,1.3845,1.1795,2.0015,1.3684,1.1596,2.0289,1.3173,1.5048,1.9617,1.1768,0.9053
1748798933.518135,2.3555,2.1807,2.1933,1.9873,1.3318,1.1526,1.9854,1.3262,1.1387,1.9881,1.2913,1.4675,1.9445,1.1927,0.9061
1748798933.631329,2.2873,2.1315,2.1331,1.8889,1.287,1.1465,1.9094,1.2878,1.1239,1.897,1.2722,1.4387,1.8546,1.1373,0.9001
1748798933.744431,2.2449,2.0686,2.095,1.8973,1.2937,1.1556,1.9077,1.3007,1.1244,1.9169,1.2966,1.4613,1.8771,1.1344,0.891
1748798933.8575711,2.3104,2.1457,2.1379,1.9233,1.3117,1.1551,1.9134,1.2639,1.1177,1.9045,1.3009,1.4336,1.879,1.1304,0.8916
1748798933.9705029,2.301,2.1506,2.1476,1.8924,1.3087,1.1696,1.9107,1.2988,1.1228,1.8607,1.2684,1.4374,1.8473,1.1175,0.8983
1748798934.083201,2.3061,2.12,2.1417,1.8774,1.2878,1.1634,1.857,1.27,1.1255,1.8658,1.291,1.4347,1.8379,1.1481,0.9165
1748798934.1963809,2.1097,1.9021,1.9265,1.8118,1.3898,1.1602,1.85,1.3549,1.1387,1.8495,1.3426,1.5588,1.8575,1.2964,0.995
1748798934.3100858,2.178,1.919,1.9725,1.8758,1.2915,1.154,1.9158,1.3103,1.1148,1.9279,1.3641,1.515,1.8564,1.1978,0.9442
1748798934.422328,2.1087,1.9075,1.9698,1.8503,1.3713,1.1247,1.8871,1.4296,1.1258,1.8785,1.3839,1.6402,1.8948,1.4446,1.7288
1748798934.535284,2.0552,1.8411,1.9177,1.8086,1.3334,1.1196,1.8736,1.4019,1.1384,1.8723,1.3767,1.6832,1.8938,1.4583,1.7192
1748798934.6484008,2.1028,1.8331,1.9188,1.8814,1.331,1.1161,1.9397,1.4197,1.1207,1.9088,1.367,1.6526,1.9453,1.4242,1.7208
1748798934.761533,2.1221,1.8543,1.9437,1.9026,1.3509,1.1242,1.958,1.4151,1.1134,1.9386,1.3885,1.6504,1.959,1.453,1.7111
1748798934.875732,2.063,1.814,1.9107,1.8677,1.3428,1.0992,1.9,1.4022,1.1263,1.9018,1.3821,1.6324,1.9287,1.4339,1.7296
1748798934.987295,2.1895,1.8844,1.9913,1.9889,1.4234,1.1169,2.0058,1.4589,1.1244,1.9945,1.3726,1.6875,1.9765,1.4659,1.7536
1748798935.10025,2.1747,1.9287,1.9961,1.9918,1.4524,1.1295,2.0114,1.4632,1.1142,1.9701,1.3587,1.6786,1.9891,1.4395,1.7197
1748798935.213404,2.1619,1.8892,1.9609,1.9475,1.4025,1.1081,1.969,1.4428,1.1097,1.9322,1.3329,1.6348,1.9776,1.381,1.6953
1748798935.326414,2.1511,1.8728,1.9478,1.9405,1.3751,1.111,1.9556,1.3917,1.0863,1.9561,1.3117,1.5959,1.9521,1.3842,1.6646
1748798935.440319,2.1218,1.854,1.9319,1.8954,1.3598,1.1003,1.9021,1.3837,1.0992,1.8747,1.3152,1.5553,1.8868,1.3659,1.6469
1748798935.552232,2.1232,1.8752,1.9282,1.9284,1.3603,1.0933,1.9556,1.359,1.096,1.9123,1.2972,1.5849,1.9319,1.3458,1.6673
1748798935.665354,2.2381,1.9752,2.059,2.0286,1.5147,1.1298,2.0439,1.5091,1.1524,1.9851,1.3047,1.6748,1.9907,1.3509,1.7184
1748798935.778286,2.272,2.0147,2.0552,2.049,1.5655,1.1658,2.0657,1.5548,1.1373,2.0171,1.3114,1.6912,2.0093,1.3428,1.738
1748798935.891291,2.2451,1.9655,2.0474,2.001,1.4334,1.1153,1.9875,1.4578,1.133,1.9891,1.3264,1.6579,1.9102,1.2193,1.0807
1748798936.007082,2.1944,1.9558,1.9993,1.9693,1.3694,1.1089,1.9384,1.3434,1.103,1.9698,1.2969,1.5239,1.9188,1.2198,1.1758
1748798936.1177669,2.1906,1.9408,1.9835,1.9276,1.3119,1.1107,1.9435,1.3372,1.1008,1.9241,1.2915,1.4916,1.8943,1.208,1.1338
1748798936.2305589,2.171,1.9241,2.0155,1.9851,1.471,1.1486,1.9042,1.3898,1.0976,1.9421,1.2934,1.5349,1.9118,1.327,1.6937
1748798936.343273,2.2338,2.0112,2.0515,1.9582,1.374,1.1287,1.9475,1.3286,1.1126,1.9534,1.28,1.5002,1.9155,1.1959,0.9668
1748798936.456639,2.2215,1.9674,2.0404,1.9453,1.3753,1.1137,1.9408,1.367,1.1158,1.9886,1.2692,1.4914,1.9268,1.1819,0.9326
1748798936.571038,2.2518,2.0316,2.0711,1.9666,1.3684,1.1357,1.9824,1.3544,1.1247,1.9687,1.2821,1.4855,1.9037,1.19,0.9434
1748798936.6829429,2.2666,2.0297,2.0622,1.9596,1.3726,1.1416,1.9714,1.3646,1.1132,1.9623,1.255,1.4726,1.9123,1.1862,0.8891
1748798936.7955148,2.2325,2.0635,2.0888,1.9585,1.3598,1.1784,1.9566,1.352,1.1277,1.969,1.2475,1.4699,1.9244,1.1752,0.9224
1748798936.908383,2.2639,2.0899,2.0842,1.9956,1.4014,1.1575,1.9714,1.3939,1.1363,1.9873,1.2977,1.4863,1.9268,1.212,0.8856
1748798937.021548,2.2634,2.1277,2.1038,1.9558,1.3915,1.2088,1.9384,1.3442,1.125,1.9808,1.2894,1.4946,1.9061,1.2225,0.9098
1748798937.135256,2.3066,2.157,2.1592,1.958,1.4471,1.2292,1.9411,1.3726,1.121,1.976,1.2972,1.4779,1.9067,1.1795,0.8934
1748798937.247545,2.2964,2.1957,2.1922,1.9255,1.4368,1.2048,1.9026,1.3412,1.1274,1.9394,1.2953,1.4538,1.8688,1.1629,0.8972
1748798937.360366,2.3491,2.2062,2.1968,1.9599,1.3818,1.2254,1.9784,1.3504,1.132,1.9741,1.2896,1.4446,1.9217,1.1744,0.8958
1748798937.47356,2.4028,2.2645,2.2524,1.9679,1.3767,1.2023,1.9703,1.3025,1.1099,1.9881,1.2953,1.4374,1.9018,1.169,0.8864
1748798937.5865972,2.3859,2.2492,2.2677,1.9257,1.3412,1.1927,1.9249,1.3042,1.0946,1.9612,1.287,1.4167,1.8916,1.1449,0.8918
1748798937.699531,2.4877,2.3902,2.3725,1.9765,1.3772,1.1809,1.9494,1.3087,1.115,1.9515,1.2819,1.4073,1.9193,1.1416,0.8854
1748798937.81262,2.4767,2.3945,2.3805,1.9574,1.378,1.1911,1.9564,1.3031,1.0858,1.9666,1.2448,1.4191,1.8973,1.1543,0.8803
1748798937.9253702,2.4538,2.3542,2.3676,1.882,1.3877,1.1768,1.912,1.3753,1.1473,1.9166,1.3103,1.5156,1.8403,1.1876,1.0586
1748798938.038684,2.4125,2.3217,2.3182,1.8828,1.3552,1.1395,1.8752,1.3377,1.1148,1.8962,1.2612,1.4242,1.8229,1.1537,0.9082
1748798938.151607,2.3937,2.3144,2.3069,1.8658,1.3332,1.1567,1.8709,1.3203,1.0887,1.8841,1.273,1.4097,1.8126,1.143,0.8937
1748798938.264549,2.384,2.2935,2.326,1.8914,1.3388,1.1424,1.8739,1.3047,1.1091,1.9056,1.2636,1.3995,1.8272,1.1207,0.9026
1748798938.3775291,2.4095,2.3144,2.2946,1.8701,1.3313,1.161,1.8739,1.2888,1.1188,1.8814,1.2351,1.3863,1.8261,1.1521,0.9152
1748798938.490457,2.4563,2.3437,2.3477,1.8766,1.3509,1.1913,1.9069,1.3146,1.1121,1.8889,1.2459,1.4022,1.8629,1.1226,0.8856
1748798938.603609,2.4136,2.3279,2.3346,1.8629,1.3541,1.1929,1.865,1.3216,1.1497,1.8521,1.2469,1.3944,1.7842,1.1411,0.8907
1748798938.7164512,2.3845,2.3018,2.2884,1.8425,1.3436,1.1623,1.8707,1.3007,1.1242,1.8406,1.266,1.3893,1.7898,1.1363,0.9203
1748798938.82958,2.4152,2.3416,2.3314,1.8777,1.306,1.1492,1.8739,1.266,1.1038,1.8892,1.2566,1.3654,1.8419,1.1513,0.9063
1748798938.942987,2.4211,2.3491,2.3665,1.8798,1.3401,1.1459,1.8529,1.3047,1.0968,1.8691,1.2429,1.3391,1.8298,1.1535,0.8838
1748798939.055546,2.4404,2.3598,2.3577,1.8497,1.3224,1.1454,1.8618,1.2958,1.0925,1.8376,1.2158,1.3509,1.8108,1.1454,0.9018
1748798939.16836,2.3754,2.3066,2.3152,1.8873,1.3084,1.1486,1.9034,1.2878,1.0909,1.9311,1.2523,1.4301,1.8693,1.1518,0.8934
1748798939.2830021,2.4232,2.3279,2.3249,1.8948,1.3023,1.1271,1.8873,1.251,1.0828,1.9163,1.2579,1.3901,1.8599,1.1543,0.8993
1748798939.39459,2.4665,2.3966,2.3676,1.9674,1.3673,1.1548,1.976,1.3281,1.1056,2.0012,1.3595,1.5043,1.933,1.2034,0.9074
1748798939.507491,2.3937,2.3442,2.3416,1.9193,1.327,1.1395,1.9333,1.3216,1.103,1.9902,1.3358,1.4874,1.8989,1.1766,0.894
1748798939.620417,2.3768,2.3467,2.3058,1.9182,1.3168,1.1424,1.9564,1.3246,1.1067,1.9883,1.2902,1.4323,1.8983,1.1747,0.8972
1748798939.733479,2.4434,2.3711,2.3749,1.9265,1.3329,1.1631,1.9472,1.324,1.0825,1.9816,1.2695,1.4454,1.9021,1.1623,0.8848
1748798939.849341,2.3848,2.3193,2.3139,1.9338,1.3267,1.1191,1.9217,1.2923,1.0723,1.9652,1.2907,1.4409,1.9061,1.1535,0.8864
1748798939.9599628,2.4469,2.3835,2.3665,1.9642,1.3579,1.1704,1.9803,1.277,1.0879,2.0147,1.3361,1.4538,1.9373,1.1835,0.8977
1748798940.0725,2.4324,2.3367,2.3381,1.9569,1.3624,1.1999,1.9808,1.3506,1.071,2.0332,1.3332,1.4895,1.9534,1.2034,0.8824
1748798940.185455,2.4098,2.3494,2.3496,1.9491,1.3796,1.2088,1.9502,1.3283,1.0946,1.9862,1.3208,1.4342,1.9228,1.1766,0.876
1748798940.298656,2.4775,2.3977,2.4076,1.9601,1.3713,1.1715,1.9494,1.3173,1.0611,1.9859,1.3517,1.4487,1.9295,1.1706,0.884
1748798940.4122298,2.4168,2.3655,2.3692,1.9225,1.2972,1.1408,1.908,1.2784,1.0987,1.969,1.2905,1.4266,1.8962,1.1355,0.8714
1748798940.5244339,2.3695,2.2878,2.2825,1.8696,1.2969,1.1263,1.8986,1.2805,1.0909,1.9491,1.2853,1.407,1.8578,1.1325,0.8846
1748798940.637401,2.3389,2.2798,2.2908,1.8723,1.2902,1.1449,1.9026,1.2867,1.0801,1.9556,1.2373,1.3992,1.8441,1.1443,0.8811
1748798940.7504,2.3703,2.2989,2.2927,1.8768,1.3082,1.1454,1.8908,1.2679,1.0659,1.9298,1.2784,1.3665,1.8653,1.1427,0.9122
1748798940.863505,2.3453,2.2809,2.2787,1.8967,1.295,1.1465,1.9072,1.2698,1.067,1.9308,1.2445,1.4089,1.8693,1.1333,0.9066
1748798940.9771829,2.3502,2.33,2.3072,1.9158,1.3334,1.1747,1.9298,1.2751,1.0927,1.9625,1.2915,1.4414,1.8997,1.1621,0.8864
1748798941.0896902,2.4189,2.3528,2.3507,1.9515,1.3791,1.2201,1.9746,1.2985,1.0812,2.0077,1.3756,1.5223,1.9249,1.1838,0.8701
1748798941.202498,2.3937,2.3069,2.3201,1.9483,1.3952,1.2284,1.9658,1.3329,1.0911,2.0262,1.4428,1.5653,1.9193,1.1897,0.8996
1748798941.315597,2.3883,2.3523,2.3563,1.9432,1.3863,1.2365,1.9604,1.3375,1.082,2.0257,1.4232,1.5467,1.9198,1.1978,0.902
1748798941.433296,2.4195,2.3166,2.3453,1.9537,1.3804,1.1997,1.9475,1.3187,1.0936,2.0034,1.3968,1.5236,1.9384,1.2112,0.8942
1748798941.54201,2.4176,2.3531,2.3579,1.9572,1.3662,1.2109,1.9754,1.3197,1.0852,2.0069,1.3657,1.5392,1.9316,1.2034,0.9114
1748798941.654484,2.3947,2.2994,2.323,1.9314,1.3232,1.1723,1.9547,1.3031,1.0984,1.9851,1.3702,1.5199,1.9282,1.1817,0.9149
1748798941.767484,2.3757,2.3136,2.3023,1.9169,1.3377,1.1809,1.9564,1.3076,1.0718,2.0055,1.3321,1.4959,1.9255,1.2083,0.891
1748798941.8816729,2.3692,2.2972,2.2962,1.9241,1.3393,1.1591,1.9233,1.2974,1.093,2.0101,1.378,1.5126,1.9233,1.1964,0.9109
1748798941.993748,2.3829,2.2943,2.3085,1.9024,1.3235,1.1502,1.9179,1.2896,1.0726,1.9711,1.3426,1.5352,1.9032,1.1959,0.8907
1748798942.106556,2.362,2.2849,2.2884,1.886,1.3318,1.1414,1.9166,1.295,1.0855,1.9738,1.3358,1.4916,1.8787,1.2032,0.8983
1748798942.2194839,2.3617,2.2755,2.3045,1.9158,1.3224,1.1505,1.911,1.3071,1.0965,1.955,1.317,1.4922,1.8583,1.1784,0.8972
1748798942.332632,2.3453,2.2798,2.2822,1.8967,1.3033,1.1481,1.9083,1.3152,1.0729,1.9628,1.3101,1.4806,1.8556,1.205,0.8948
1748798942.4483368,2.3434,2.2903,2.287,1.8868,1.2851,1.1349,1.8871,1.252,1.0621,1.965,1.3181,1.4903,1.8841,1.1653,0.8967
1748798942.5591738,2.3332,2.2629,2.2516,1.882,1.2878,1.1312,1.9064,1.2835,1.0707,1.9612,1.3125,1.4718,1.8615,1.1779,0.8969
1748798942.67193,2.3426,2.2623,2.2521,1.8841,1.2853,1.1406,1.9059,1.2768,1.0774,1.9537,1.3259,1.4508,1.8556,1.1459,0.8803
1748798942.784582,2.3287,2.2494,2.2465,1.8602,1.2687,1.1113,1.8975,1.2421,1.0868,1.947,1.2947,1.4331,1.832,1.1349,0.8913
1748798942.897783,2.3241,2.2253,2.2285,1.8709,1.2945,1.1172,1.8841,1.2655,1.0643,1.9424,1.3052,1.4414,1.8554,1.1537,0.8916
1748798943.010627,2.3061,2.2207,2.236,1.8478,1.2891,1.1347,1.8575,1.2609,1.0627,1.9209,1.2961,1.4135,1.8226,1.1443,0.8983
1748798943.1238499,2.2994,2.2478,2.2462,1.8376,1.2671,1.1172,1.8546,1.2475,1.0559,1.8846,1.2601,1.3963,1.8223,1.1223,0.9114
1748798943.23666,2.2895,2.2212,2.2333,1.8212,1.262,1.1322,1.8443,1.2475,1.0463,1.9026,1.2794,1.4084,1.8379,1.1271,0.9007
1748798943.3495958,2.3002,2.2253,2.2384,1.85,1.2612,1.104,1.8615,1.2741,1.0702,1.9126,1.2757,1.3783,1.8398,1.1196,0.8773
1748798943.478855,2.3171,2.2545,2.2381,1.8691,1.2445,1.1011,1.8817,1.2504,1.0484,1.9171,1.3009,1.4221,1.8358,1.1435,0.8889
1748798943.575562,2.3416,2.2411,2.2548,1.8744,1.2588,1.1261,1.8728,1.2671,1.0586,1.9413,1.2878,1.4027,1.8645,1.1295,0.9053
1748798943.688811,2.3338,2.2484,2.261,1.8452,1.2727,1.1113,1.8854,1.2297,1.042,1.8986,1.2515,1.3756,1.8274,1.14,0.8875
1748798943.801554,2.3147,2.2357,2.2285,1.839,1.2534,1.0866,1.8645,1.2494,1.0495,1.9,1.2902,1.4,1.8263,1.1293,0.9007
1748798943.914614,2.3214,2.2537,2.2266,1.8642,1.255,1.1124,1.8658,1.216,1.0667,1.8774,1.2426,1.3694,1.8315,1.0957,0.8961
1748798944.030752,2.3134,2.2653,2.261,1.8521,1.2682,1.107,1.8683,1.2289,1.0549,1.897,1.2451,1.3772,1.8202,1.133,0.8827
1748798944.140569,2.3032,2.233,2.2234,1.8427,1.259,1.1177,1.8422,1.2534,1.0616,1.8991,1.2467,1.4041,1.8188,1.1341,0.9055
1748798944.2537348,2.3088,2.2239,2.2333,1.8344,1.2434,1.0893,1.8709,1.2271,1.0471,1.9048,1.2297,1.3896,1.8175,1.1365,0.8961
1748798944.366625,2.2975,2.2231,2.2349,1.8484,1.23,1.0941,1.8642,1.234,1.0619,1.8962,1.2674,1.3759,1.8051,1.1048,0.8851
1748798944.479734,2.2986,2.2306,2.2024,1.829,1.2308,1.1269,1.8572,1.2203,1.0653,1.8951,1.2566,1.36,1.8019,1.1234,0.8972
1748798944.5932832,2.2852,2.2107,2.215,1.8358,1.251,1.1016,1.8626,1.2469,1.0549,1.9021,1.2451,1.4,1.8089,1.1441,0.895
1748798944.705749,2.298,2.2298,2.2478,1.8521,1.2314,1.0782,1.8417,1.2273,1.0533,1.9104,1.2528,1.3968,1.8218,1.0979,0.9171
1748798944.8185642,2.2991,2.2368,2.2113,1.8288,1.2322,1.096,1.8701,1.2354,1.0656,1.8653,1.2579,1.3646,1.8272,1.1118,0.8961
1748798944.931694,2.2924,2.2312,2.1992,1.8175,1.2195,1.1086,1.8618,1.2507,1.0737,1.8924,1.2596,1.37,1.7912,1.1349,0.8999
1748798945.050098,2.3134,2.2384,2.2398,1.8411,1.2289,1.0876,1.8734,1.2545,1.0484,1.9026,1.2649,1.3678,1.8231,1.1306,0.8934
1748798945.1576169,2.3198,2.2457,2.2124,1.843,1.2265,1.1097,1.8766,1.2193,1.035,1.8806,1.2609,1.3748,1.843,1.1129,0.8736
1748798945.270648,2.3174,2.2124,2.2355,1.8443,1.2281,1.1016,1.8632,1.2287,1.0549,1.9161,1.2499,1.371,1.8339,1.1097,0.8969
1748798945.383636,2.3021,2.2199,2.2075,1.8288,1.2287,1.0919,1.8486,1.2488,1.0777,1.9042,1.2612,1.3568,1.814,1.1258,0.8821
1748798945.5010471,2.297,2.2175,2.2438,1.8521,1.2115,1.1113,1.8672,1.2335,1.0686,1.9155,1.2271,1.3555,1.825,1.1199,0.9106
1748798945.610052,2.2682,2.1989,2.2201,1.8403,1.2107,1.0919,1.8508,1.2295,1.0664,1.8938,1.2706,1.3619,1.7917,1.1328,0.8967
1748798945.7230132,2.2972,2.2032,2.2043,1.8306,1.2263,1.0893,1.8623,1.219,1.0511,1.8994,1.2287,1.3678,1.8226,1.1258,0.8886
1748798945.835723,2.3005,2.2269,2.2124,1.8551,1.2386,1.0804,1.8387,1.2074,1.0549,1.8838,1.2354,1.3482,1.8121,1.1102,0.8773
1748798945.948645,2.3053,2.2161,2.2322,1.8325,1.2142,1.0946,1.8632,1.2343,1.0479,1.9032,1.2639,1.3729,1.8043,1.0863,0.8907
1748798946.061662,2.2983,2.2285,2.2145,1.8339,1.2026,1.0898,1.8503,1.233,1.06,1.8828,1.2448,1.3544,1.7992,1.1478,0.8948
1748798946.174647,2.2889,2.2091,2.2116,1.814,1.2128,1.0989,1.8626,1.2198,1.0414,1.8868,1.2424,1.3544,1.8301,1.1314,0.8889
1748798946.287675,2.2908,2.2231,2.2129,1.8239,1.2077,1.0863,1.8535,1.2236,1.0525,1.8849,1.2408,1.3538,1.8057,1.1204,0.865
1748798946.401651,2.2822,2.2234,2.2236,1.8293,1.2287,1.0979,1.8591,1.2088,1.0605,1.8734,1.2271,1.3611,1.8089,1.1234,0.8926
1748798946.513847,2.2833,2.1995,2.214,1.828,1.2292,1.0919,1.8382,1.1948,1.0678,1.8978,1.2574,1.3917,1.8046,1.1287,0.8985
1748798946.62671,2.2951,2.225,2.2266,1.8473,1.2023,1.0944,1.8438,1.2107,1.075,1.8911,1.2254,1.3611,1.7922,1.1258,0.876
1748798946.7398798,2.3166,2.2167,2.2207,1.803,1.2246,1.0852,1.8309,1.2383,1.0584,1.8908,1.2303,1.3453,1.814,1.1048,0.8709
1748798946.856561,2.2776,2.2244,2.2118,1.825,1.2203,1.1056,1.846,1.2429,1.0498,1.8782,1.2206,1.3751,1.8084,1.1075,0.9095
1748798946.965987,2.29,2.2234,2.2164,1.8398,1.2233,1.1089,1.8247,1.1975,1.0782,1.894,1.2214,1.3372,1.8094,1.1137,0.9203
1748798947.078787,2.2886,2.2191,2.2228,1.8306,1.2303,1.1056,1.8403,1.2166,1.0611,1.8868,1.2279,1.3587,1.8341,1.1089,0.8792
1748798947.191726,2.3026,2.2459,2.2298,1.8116,1.216,1.0976,1.8535,1.23,1.0447,1.9075,1.241,1.352,1.8169,1.1043,0.8934
1748798947.305481,2.2954,2.2075,2.2253,1.8301,1.2211,1.0721,1.8551,1.1989,1.0629,1.8908,1.2327,1.3624,1.8046,1.1231,0.8926
1748798947.418331,2.2817,2.2271,2.2067,1.8304,1.2182,1.0793,1.8535,1.2088,1.0492,1.8892,1.2391,1.356,1.7952,1.1212,0.8754
1748798947.530907,2.2728,2.2062,2.2242,1.8027,1.2077,1.0922,1.8602,1.2117,1.0428,1.8766,1.2099,1.3412,1.796,1.1153,0.9026
1748798947.6437252,2.294,2.2234,2.2086,1.8366,1.2273,1.103,1.8403,1.215,1.0602,1.8841,1.2461,1.3334,1.7788,1.1153,0.8996
1748798947.7568672,2.3037,2.2271,2.2091,1.8194,1.198,1.0662,1.8449,1.2069,1.0621,1.8836,1.2214,1.3431,1.8057,1.1164,0.9018
1748798947.872871,2.2975,2.2078,2.2067,1.8202,1.2034,1.0909,1.8272,1.1975,1.0576,1.8693,1.2134,1.3375,1.8073,1.107,0.9007
1748798947.9830348,2.2905,2.222,2.229,1.8285,1.2203,1.0745,1.8626,1.1989,1.0476,1.8986,1.2305,1.3595,1.8454,1.1067,0.8991
1748798948.096065,2.2986,2.2239,2.2183,1.8143,1.212,1.0968,1.8344,1.2074,1.0422,1.8959,1.2225,1.3412,1.7941,1.1169,0.9053
1748798948.20871,2.3913,2.3045,2.3123,1.8693,1.2026,1.0801,1.8846,1.1991,1.0363,1.9427,1.2056,1.3549,1.8623,1.1075,0.8902
1748798948.321971,2.3913,2.3018,2.2997,1.8666,1.2134,1.0782,1.8747,1.1916,1.0562,1.8935,1.2093,1.3444,1.8277,1.1234,0.8824
1748798948.4378612,2.4095,2.3139,2.3217,1.8715,1.2402,1.0855,1.883,1.216,1.042,1.9287,1.2365,1.3764,1.8623,1.1188,0.8784
1748798948.547918,2.4401,2.3665,2.3523,1.8991,1.2765,1.1075,1.9378,1.2792,1.0616,1.9569,1.288,1.3933,1.89,1.1381,0.8752
1748798948.6607842,2.467,2.3555,2.341,1.9107,1.2999,1.1164,1.9674,1.2765,1.0516,1.9695,1.3189,1.4589,1.922,1.1835,0.8999
1748798948.77384,2.4571,2.3631,2.348,1.9413,1.313,1.1038,1.9518,1.3106,1.0492,2.0144,1.3444,1.5481,1.9188,1.1852,0.9128
1748798948.886941,2.4385,2.3451,2.3579,1.9351,1.3114,1.1107,1.9676,1.3192,1.0551,2.0297,1.3807,1.5505,1.9542,1.2408,0.9627
1748798949.0010822,2.4713,2.3695,2.362,1.9526,1.3487,1.1156,1.9636,1.3651,1.0645,2.0404,1.4366,1.6117,1.9513,1.2633,0.9874
1748798949.113025,2.4673,2.4063,2.3899,1.9926,1.4841,1.1121,2.0378,1.5166,1.0774,2.0874,1.4763,1.7425,2.0442,1.508,1.8293
1748798949.22576,2.459,2.3574,2.369,1.9913,1.4685,1.1207,2.0224,1.5518,1.0769,2.0823,1.5193,1.8032,2.0995,1.5765,1.8478
1748798949.338855,2.4208,2.2999,2.3048,1.9674,1.4355,1.1175,2.0028,1.5153,1.0715,2.0643,1.4887,1.7767,2.0421,1.5548,1.8148
1748798949.45262,2.3966,2.2661,2.2932,1.9582,1.4043,1.0893,1.9918,1.5032,1.1099,2.013,1.4715,1.7278,2.0423,1.5454,1.7869
1748798949.5653188,2.4189,2.3064,2.3163,1.9706,1.4745,1.0844,2.001,1.4323,1.05,2.0463,1.4694,1.7342,1.9582,1.5037,1.1338
1748798949.6778638,2.4216,2.3281,2.3072,1.9472,1.3068,1.1003,1.9706,1.3453,1.0756,2.0294,1.4256,1.6029,1.9061,1.2432,0.909
1748798949.790914,2.3953,2.2682,2.2849,1.8978,1.2741,1.0952,1.9029,1.313,1.085,1.9985,1.3885,1.565,1.8903,1.2206,0.8856
1748798949.9038348,2.3604,2.2919,2.2723,1.89,1.2746,1.0737,1.9249,1.302,1.0645,1.9736,1.3845,1.5537,1.8927,1.1878,0.8902
1748798950.016948,2.3695,2.2583,2.2497,1.8666,1.2601,1.0694,1.9018,1.3122,1.0541,1.9585,1.3686,1.5239,1.8567,1.2109,0.9294
1748798950.1313689,2.3652,2.2645,2.2854,1.8768,1.2684,1.0844,1.9145,1.295,1.0807,1.9851,1.3963,1.5029,1.8774,1.1806,0.9117
1748798950.242841,2.3397,2.2717,2.2559,1.9051,1.2467,1.0858,1.9179,1.3042,1.06,1.9784,1.353,1.5083,1.8771,1.1717,0.891
1748798950.355988,2.3741,2.2449,2.2653,1.8693,1.2284,1.0734,1.8946,1.2821,1.0715,1.976,1.3641,1.536,1.8715,1.1881,0.8695
1748798950.4688482,2.3327,2.2003,2.1962,1.8556,1.2271,1.0608,1.9024,1.3001,1.0594,1.9582,1.3724,1.5268,1.8696,1.1876,0.8873
1748798950.583761,2.2798,2.1812,2.1662,1.8441,1.2236,1.064,1.8782,1.2778,1.0702,1.9545,1.3434,1.4895,1.8379,1.1999,0.8813
1748798950.695169,2.3236,2.2107,2.2081,1.8543,1.2211,1.0629,1.8863,1.2947,1.0667,1.9545,1.3517,1.5,1.8382,1.1843,0.8932
1748798950.808026,2.3021,2.2016,2.1876,1.8513,1.2351,1.0793,1.886,1.2945,1.0584,1.9658,1.3923,1.5035,1.8551,1.1733,0.8813
1748798950.920869,2.2919,2.2137,2.2099,1.8597,1.2211,1.0858,1.904,1.2727,1.0747,1.9612,1.3557,1.4796,1.8763,1.1997,0.895
1748798951.033958,2.3421,2.2347,2.2473,1.8618,1.2348,1.0635,1.893,1.2765,1.0498,1.9722,1.3334,1.4927,1.8562,1.187,0.9098
1748798951.147052,2.3432,2.2545,2.265,1.8607,1.2585,1.0624,1.8828,1.2843,1.057,1.9566,1.3399,1.5032,1.8489,1.1666,0.898
1748798951.259918,2.3504,2.2306,2.2129,1.8554,1.2322,1.0739,1.911,1.2735,1.0656,1.9327,1.3329,1.4943,1.85,1.1822,0.9095
1748798951.373,2.3246,2.2193,2.2309,1.8556,1.2362,1.0809,1.8674,1.2545,1.0535,1.9499,1.3533,1.4868,1.8661,1.1521,0.8873
1748798951.485871,2.3144,2.232,2.2116,1.85,1.251,1.0602,1.876,1.2902,1.0557,1.9263,1.3181,1.4887,1.854,1.1663,0.9305
1748798951.599147,2.2913,2.2016,2.2266,1.8478,1.2222,1.0664,1.8801,1.2682,1.0385,1.9249,1.32,1.4626,1.8304,1.1849,0.8934
1748798951.713463,2.3083,2.1909,2.1949,1.8161,1.2147,1.0696,1.8785,1.2684,1.0514,1.9265,1.3396,1.4667,1.8452,1.1661,0.9015
1748798951.824884,2.2795,2.1938,2.1879,1.8476,1.2373,1.0774,1.8656,1.2813,1.0653,1.9378,1.3267,1.4822,1.8597,1.1669,0.8929
1748798951.9382,2.2983,2.2043,2.1927,1.8712,1.2362,1.067,1.8621,1.2561,1.0436,1.9263,1.327,1.4618,1.8562,1.1647,0.9044
1748798952.050936,2.2986,2.1731,2.1868,1.8495,1.1991,1.0659,1.868,1.2324,1.0541,1.9397,1.3211,1.4583,1.8274,1.154,0.8819
1748798952.1668842,2.2827,2.1651,2.171,1.8519,1.2193,1.0549,1.8758,1.2359,1.0769,1.9351,1.3289,1.4968,1.8508,1.1502,0.8848
1748798952.2774038,2.2827,2.1648,2.1756,1.8358,1.2289,1.0691,1.8645,1.2504,1.0503,1.9505,1.3375,1.4702,1.8097,1.1639,0.902
1748798952.3900511,2.2814,2.1713,2.164,1.8169,1.2109,1.0756,1.8739,1.251,1.0525,1.9333,1.32,1.4573,1.8269,1.1634,0.8824
1748798952.5031638,2.2782,2.1782,2.1718,1.8317,1.2179,1.0629,1.8473,1.2569,1.0439,1.9241,1.3058,1.4688,1.8306,1.168,0.901
1748798952.616106,2.2615,2.1656,2.1581,1.8417,1.2327,1.0879,1.875,1.2448,1.0653,1.9319,1.316,1.4524,1.8489,1.1422,0.8827
1748798952.730773,2.2492,2.1651,2.1855,1.8164,1.1857,1.068,1.8691,1.2622,1.0519,1.9204,1.2993,1.4688,1.8263,1.1376,0.8854
1748798952.841869,2.2817,2.1906,2.1785,1.8406,1.2346,1.0742,1.8787,1.2528,1.0656,1.9268,1.2993,1.461,1.8102,1.165,0.891
1748798952.9552362,2.2607,2.1874,2.1745,1.8535,1.2058,1.0683,1.8653,1.2456,1.0581,1.9214,1.3063,1.4667,1.8524,1.1876,0.8765
1748798953.067935,2.272,2.171,2.1667,1.8341,1.1929,1.0557,1.8532,1.2499,1.0414,1.933,1.3127,1.4683,1.8379,1.1594,0.8907
1748798953.181313,2.2868,2.1696,2.1847,1.8301,1.2179,1.0696,1.8653,1.2628,1.0414,1.9142,1.3189,1.4535,1.8153,1.158,0.8787
1748798953.295608,2.2723,2.1648,2.1836,1.829,1.2069,1.0729,1.8489,1.2378,1.0568,1.9271,1.3324,1.4589,1.8352,1.1349,0.8813
1748798953.407062,2.251,2.1785,2.1898,1.8196,1.2088,1.06,1.8465,1.2408,1.0447,1.9378,1.3109,1.4618,1.8199,1.1688,0.9074
1748798953.520233,2.2669,2.1621,2.1769,1.8395,1.2056,1.0594,1.8594,1.2402,1.0447,1.9386,1.3238,1.4548,1.8363,1.1575,0.9007
1748798953.632905,2.2903,2.1568,2.1804,1.8414,1.2053,1.0702,1.8787,1.2504,1.0584,1.9354,1.305,1.432,1.8339,1.1602,0.891
1748798953.7483141,2.2835,2.1817,2.1981,1.8207,1.2112,1.0538,1.8406,1.2378,1.0516,1.9343,1.2913,1.4688,1.8253,1.1357,0.9039
1748798953.8595898,2.2798,2.1629,2.1847,1.8261,1.2069,1.0645,1.8548,1.2547,1.0479,1.9209,1.3316,1.4197,1.8323,1.1741,0.8907
1748798953.9720871,2.2916,2.1836,2.1858,1.836,1.2187,1.0543,1.8567,1.2528,1.0592,1.9193,1.2966,1.4543,1.8204,1.1357,0.8945
1748798954.084883,2.2725,2.1927,2.1782,1.8339,1.2021,1.0828,1.8607,1.2759,1.0592,1.9327,1.3216,1.4436,1.8519,1.1478,0.8918
1748798954.198112,2.2825,2.1707,2.1911,1.8341,1.2117,1.0538,1.8508,1.252,1.0425,1.9408,1.3262,1.4637,1.8532,1.1524,0.9079
1748798954.315199,2.2784,2.1799,2.1796,1.8204,1.2139,1.0592,1.8846,1.2418,1.06,1.9292,1.331,1.4726,1.8274,1.136,0.8993
1748798954.4240682,2.2806,2.1946,2.1667,1.8293,1.2158,1.0742,1.8736,1.2394,1.0503,1.9378,1.3119,1.4594,1.8419,1.1639,0.9004
1748798954.537029,2.2814,2.1715,2.1788,1.8422,1.2158,1.0613,1.8503,1.2475,1.0283,1.9231,1.3393,1.4511,1.8409,1.1502,0.8768
1748798954.649944,2.2876,2.1992,2.185,1.8151,1.198,1.0742,1.872,1.2507,1.0275,1.9378,1.2867,1.4398,1.8255,1.1489,0.9028
1748798954.766637,2.2817,2.1581,2.1713,1.84,1.2155,1.0519,1.8508,1.2378,1.0627,1.9295,1.3195,1.4554,1.8288,1.1685,0.898
1748798954.876669,2.2545,2.1554,2.182,1.8427,1.19,1.0498,1.864,1.2343,1.0541,1.9158,1.3141,1.4428,1.8306,1.1545,0.9069
1748798954.989206,2.2621,2.1796,2.1632,1.8497,1.216,1.0662,1.8621,1.2104,1.0527,1.9327,1.306,1.472,1.8285,1.1282,0.8733
1748798955.101975,2.2854,2.1678,2.1589,1.8503,1.201,1.0455,1.8744,1.2437,1.06,1.9142,1.295,1.446,1.8186,1.1199,0.8975
1748798955.215213,2.2916,2.2016,2.1876,1.8382,1.2155,1.068,1.8634,1.2547,1.0758,1.9188,1.2985,1.4605,1.8258,1.1583,0.9053
1748798955.3286662,2.287,2.204,2.196,1.8417,1.2109,1.0581,1.8742,1.2518,1.0347,1.9222,1.3074,1.4352,1.8212,1.1422,0.8983
1748798955.441567,2.2865,2.1739,2.1941,1.8575,1.1954,1.0659,1.8693,1.2475,1.0608,1.9459,1.3197,1.4581,1.8274,1.1266,0.902
1748798955.554032,2.3464,2.2449,2.2484,1.872,1.2163,1.0605,1.8696,1.2563,1.0406,1.9327,1.2993,1.4463,1.8237,1.1419,0.9015
1748798955.667189,2.2978,2.1871,2.1844,1.8503,1.2109,1.0498,1.9026,1.252,1.0589,1.9464,1.3119,1.435,1.8473,1.1398,0.8781
1748798955.780187,2.316,2.2204,2.2113,1.8495,1.2056,1.0823,1.8782,1.255,1.0713,1.9233,1.2837,1.4344,1.8382,1.1494,0.8918
1748798955.89369,2.3765,2.2819,2.2647,1.8717,1.2327,1.0807,1.897,1.2716,1.0608,1.9349,1.3136,1.4634,1.8752,1.1655,0.9066
1748798956.006262,2.3585,2.2492,2.2384,1.8556,1.2193,1.068,1.868,1.2657,1.0476,1.9531,1.3031,1.4712,1.861,1.165,0.8972
1748798956.1190479,2.4127,2.272,2.2803,1.9155,1.2558,1.0747,1.9507,1.2888,1.0557,1.9848,1.2961,1.4997,1.9021,1.1666,0.9053
1748798956.232192,2.3762,2.2387,2.2556,1.9104,1.2225,1.0726,1.9005,1.3055,1.064,1.9736,1.3109,1.4785,1.9005,1.1825,0.905
1748798956.3454819,2.3682,2.2134,2.2013,1.9131,1.2837,1.0825,1.9397,1.3119,1.0726,1.9644,1.2974,1.4758,1.9042,1.1822,0.9625
1748798956.459403,2.3128,2.1484,2.1686,1.8701,1.2547,1.0648,1.9177,1.3047,1.0796,1.9453,1.3044,1.4785,1.8881,1.1712,0.9711
1748798956.571102,2.2623,2.1138,2.0928,1.8715,1.2254,1.0804,1.8948,1.288,1.0554,1.9362,1.302,1.4914,1.8656,1.1561,0.9566
1748798956.684126,2.2621,2.0864,2.1017,1.8594,1.2472,1.0782,1.8795,1.2947,1.0782,1.9529,1.327,1.4715,1.8537,1.1567,0.9713
1748798956.797268,2.2637,2.0842,2.1135,1.8653,1.2273,1.0718,1.9061,1.3039,1.0694,1.9325,1.2931,1.4927,1.8887,1.1997,1.0675
1748798956.9138958,2.301,2.1414,2.1742,1.8938,1.2786,1.0637,1.9263,1.32,1.0651,1.9333,1.3084,1.5311,1.9123,1.2397,1.3071
1748798957.0233548,2.3179,2.1503,2.1594,1.8715,1.2706,1.0973,1.9268,1.3205,1.0675,1.9448,1.2958,1.525,1.9077,1.2588,1.3769
1748798957.1360462,2.2744,2.0974,2.1374,1.8997,1.2945,1.1,1.9459,1.418,1.0656,1.9174,1.284,1.4653,1.8795,1.2109,1.1094
1748798957.249156,2.2559,2.0566,2.1157,1.908,1.3807,1.0919,1.94,1.4229,1.0627,1.9478,1.2947,1.5862,1.9142,1.342,1.6687
1748798957.363324,2.2658,2.0638,2.092,1.9069,1.3431,1.0745,1.9287,1.4043,1.0815,1.929,1.2875,1.558,1.893,1.2606,1.4927
1748798957.475053,2.2352,2.0525,2.0727,1.9034,1.3651,1.0884,1.9478,1.4065,1.0817,1.9292,1.2781,1.5728,1.9091,1.3101,1.5747
1748798957.5884538,2.2172,2.0117,2.0904,1.8965,1.313,1.0828,1.9325,1.3893,1.0619,1.9214,1.2832,1.5599,1.9104,1.3066,1.5518
1748798957.7011251,2.2107,1.984,2.0576,1.886,1.3176,1.0651,1.9145,1.3775,1.089,1.9016,1.2802,1.5379,1.8938,1.2899,1.4618
1748798957.814288,2.2274,2.0044,2.0539,1.8701,1.3224,1.0807,1.8924,1.3393,1.064,1.9064,1.2913,1.565,1.9021,1.3098,1.5365
1748798957.9320152,2.222,1.9985,2.0356,1.8387,1.2168,1.0772,1.8865,1.2778,1.0635,1.9008,1.2698,1.4696,1.8298,1.1621,1.0366
1748798958.0404422,2.2086,1.9878,2.0246,1.8384,1.2448,1.0718,1.89,1.2829,1.0514,1.9061,1.2684,1.4664,1.8317,1.1607,1.0632
1748798958.1531808,2.1895,1.969,2.0165,1.8535,1.2391,1.0578,1.8774,1.2835,1.0608,1.9051,1.2746,1.4559,1.8269,1.1739,0.9558
1748798958.266164,2.1973,1.9607,2.0224,1.8382,1.2032,1.0726,1.8454,1.2687,1.0455,1.9061,1.2585,1.4387,1.8532,1.1736,0.9837
1748798958.379325,2.1807,1.976,2.0066,1.8132,1.216,1.042,1.8734,1.273,1.0621,1.9126,1.2886,1.4532,1.8406,1.1803,1.1113
1748798958.492531,2.1979,1.9754,2.0128,1.8551,1.2246,1.0702,1.8841,1.2324,1.0705,1.9397,1.2856,1.4503,1.8452,1.1645,0.9713
1748798958.605338,2.1683,1.9733,1.9956,1.8449,1.2131,1.0839,1.8524,1.2676,1.0554,1.8989,1.3082,1.4436,1.8363,1.1502,0.9627
1748798958.71807,2.157,1.9666,1.9781,1.836,1.2101,1.0605,1.85,1.2671,1.0696,1.9102,1.2827,1.4492,1.8108,1.1279,0.9673
1748798958.831212,2.182,1.9459,1.9676,1.8374,1.1841,1.0664,1.8677,1.252,1.0541,1.9008,1.2743,1.4253,1.8226,1.1285,0.963
1748798958.9469628,2.1559,1.9478,1.9862,1.8371,1.2066,1.0616,1.8349,1.2563,1.0543,1.8932,1.2692,1.4232,1.8358,1.129,0.9654
1748798959.057455,2.1747,1.9424,1.9682,1.8298,1.2131,1.0562,1.8497,1.2636,1.086,1.8868,1.2743,1.4368,1.8274,1.1596,0.9625
1748798959.170304,2.1554,1.9359,1.98,1.8046,1.2042,1.0729,1.8621,1.2512,1.0662,1.9008,1.2778,1.442,1.8132,1.1392,0.9531
1748798959.283104,2.1637,1.933,1.987,1.8298,1.194,1.0525,1.8349,1.248,1.039,1.8927,1.2663,1.4438,1.8204,1.1645,0.9668
1748798959.396416,2.1474,1.9531,1.9631,1.8301,1.2045,1.06,1.854,1.2633,1.0568,1.8833,1.2652,1.4339,1.8258,1.1556,0.9399
1748798959.5124018,2.1527,1.9453,1.9674,1.8035,1.2005,1.0546,1.8417,1.237,1.0541,1.8983,1.2837,1.4479,1.8153,1.1371,0.963
1748798959.622338,2.1457,1.9359,1.9864,1.8191,1.2158,1.0568,1.8454,1.2459,1.0675,1.8782,1.2878,1.4334,1.8057,1.1478,0.9633
1748798959.735143,2.1457,1.9582,1.9631,1.8315,1.1833,1.0664,1.8578,1.2311,1.0772,1.9123,1.269,1.4221,1.8427,1.1462,0.9646
1748798959.848159,2.1441,1.9295,1.9706,1.8285,1.1876,1.0745,1.8358,1.2416,1.0436,1.8881,1.2872,1.4274,1.8323,1.154,0.9297
1748798959.961822,2.1487,1.9206,1.9878,1.8057,1.1739,1.0425,1.8441,1.2593,1.0664,1.8653,1.269,1.4156,1.8218,1.1392,0.9447
1748798960.074312,2.1353,1.9437,1.9701,1.818,1.176,1.0653,1.8274,1.2214,1.0433,1.8959,1.2808,1.41,1.8288,1.1215,0.9498
1748798960.187152,2.1447,1.9505,1.9725,1.8151,1.1857,1.0495,1.8263,1.2359,1.0621,1.894,1.2907,1.4309,1.8202,1.1486,0.9369
1748798960.300297,2.1425,1.9158,1.9746,1.7844,1.1903,1.0484,1.8473,1.2362,1.0616,1.8946,1.255,1.4301,1.8145,1.1226,0.9587
