timestamp,R0C0,R0C1,R0C2,R1C0,R1C1,R1C2,R2C0,R2C1,R2C2,R3C0,R3C1,R3C2,R4C0,R4C1,R4C2
1748798489.6674612,2.2827,2.1006,2.1941,1.9131,1.4084,1.1621,1.901,1.4411,1.0957,1.9185,1.2773,1.5875,1.9316,1.37,1.6877
1748798489.772821,2.2809,2.1294,2.2089,1.8948,1.4022,1.1449,1.8914,1.4189,1.1008,1.8943,1.284,1.5913,1.9276,1.3812,1.6945
1748798489.885589,2.2784,2.1218,2.1946,1.9048,1.3874,1.1462,1.9153,1.4065,1.1038,1.9077,1.2845,1.5843,1.915,1.3716,1.6582
1748798489.9984598,2.2704,2.1151,2.1715,1.89,1.4054,1.1322,1.9222,1.3947,1.0979,1.9112,1.2754,1.5867,1.9225,1.363,1.6826
1748798490.111592,2.2766,2.1584,2.1906,1.8948,1.3823,1.1365,1.911,1.4223,1.1126,1.9061,1.2743,1.555,1.9381,1.3455,1.6689
1748798490.2251709,2.2712,2.1559,2.1863,1.8785,1.3737,1.1516,1.901,1.4261,1.1247,1.9048,1.284,1.5553,1.9206,1.3439,1.6808
1748798490.337574,2.2967,2.1194,2.2223,1.8747,1.396,1.1414,1.8887,1.4033,1.0769,1.8951,1.2794,1.5669,1.9102,1.3654,1.6402
1748798490.450397,2.2419,2.0396,2.1146,1.8693,1.3821,1.1484,1.9042,1.4113,1.1142,1.9032,1.2835,1.5626,1.8986,1.3544,1.6367
1748798490.5633721,2.2153,2.0372,2.1095,1.8924,1.3869,1.1406,1.8935,1.4237,1.1116,1.9018,1.2811,1.554,1.8844,1.3286,1.6735
1748798490.68208,2.2172,2.0305,2.0719,1.8758,1.3788,1.1089,1.8793,1.4035,1.1,1.9069,1.2609,1.5518,1.9225,1.3479,1.6778
1748798490.789516,2.2526,2.0539,2.1189,1.8709,1.3861,1.1492,1.8828,1.4108,1.121,1.8935,1.2794,1.5722,1.9013,1.3495,1.6695
1748798490.902595,2.2521,2.0568,2.1068,1.8806,1.389,1.1309,1.8978,1.3982,1.121,1.8916,1.2802,1.5545,1.893,1.342,1.6512
1748798491.015403,2.2381,2.0515,2.1076,1.8814,1.3979,1.1481,1.9104,1.4105,1.0968,1.9131,1.2845,1.5575,1.9257,1.3552,1.6695
1748798491.128472,2.2333,2.0622,2.099,1.8919,1.3794,1.1408,1.9088,1.414,1.097,1.9147,1.2786,1.5545,1.9322,1.3684,1.6389
1748798491.241303,2.3225,2.1165,2.1707,1.9625,1.464,1.1841,1.9687,1.5166,1.1298,1.926,1.3144,1.6418,1.9633,1.4089,1.7597
1748798491.358448,2.2792,2.0893,2.1503,1.8731,1.442,1.1599,1.9048,1.4779,1.1271,1.8516,1.3168,1.6096,1.8752,1.3812,1.7302
1748798491.468081,2.2462,2.0818,2.124,1.8551,1.4017,1.1567,1.8881,1.435,1.1054,1.8623,1.3058,1.5827,1.8645,1.3861,1.6829
1748798491.580579,2.2446,2.0598,2.1396,1.8261,1.4017,1.1475,1.8691,1.4113,1.1193,1.8435,1.2749,1.5612,1.8621,1.3678,1.6654
1748798491.693507,2.2594,2.0845,2.1533,1.8973,1.3697,1.1462,1.9174,1.3925,1.0965,1.8983,1.2692,1.5687,1.9018,1.3426,1.6579
1748798491.8064919,2.304,2.1632,2.1922,1.8801,1.3673,1.1758,1.8991,1.4095,1.1322,1.9085,1.2665,1.5851,1.8991,1.3512,1.695
1748798491.919667,2.3109,2.1766,2.2236,1.8991,1.4629,1.2117,1.9255,1.4395,1.1352,1.9142,1.3093,1.6679,1.9582,1.4997,1.8075
1748798492.0324538,2.2419,2.0208,2.1089,1.9961,1.5118,1.2034,2.0611,1.6711,1.3812,2.3088,1.9808,2.1363,2.6524,2.532,2.6188
1748798492.145588,2.2021,1.9472,2.0372,1.9069,1.4575,1.23,2.0614,1.7957,1.6598,2.6556,2.5812,2.6011,2.7389,2.7069,2.781
1748798492.260352,2.121,1.9193,2.0224,1.8409,1.4339,1.2491,1.9827,1.7012,1.6171,2.4058,2.247,2.3386,2.8783,2.8796,2.8699
1748798492.371561,2.2849,2.142,2.1847,1.8669,1.4172,1.259,1.9021,1.4503,1.2716,1.93,1.4266,1.7186,1.9572,1.605,1.8562
1748798492.48443,2.4173,2.2398,2.2758,2.0224,1.4984,1.2805,2.0429,1.4954,1.2013,2.0482,1.4763,1.7527,2.1385,1.6133,1.8991
1748798492.597384,2.3451,2.1807,2.2261,1.9588,1.4887,1.2561,2.0104,1.4957,1.2018,2.0235,1.4621,1.7232,2.1089,1.5959,1.8454
1748798492.7129831,2.4418,2.2446,2.2983,2.0394,1.5118,1.2394,2.0751,1.5464,1.1693,2.1495,1.5448,1.792,2.1933,1.6977,1.9351
1748798492.823987,2.4882,2.33,2.3203,2.0705,1.5865,1.2193,2.0692,1.6055,1.1655,2.1565,1.5757,1.8183,2.1793,1.7076,1.9421
1748798492.936652,2.474,2.3598,2.3665,2.0708,1.5881,1.2241,2.0896,1.6378,1.1892,2.1154,1.5276,1.8051,2.1962,1.6773,1.9306
1748798493.049717,2.434,2.2806,2.3005,2.0625,1.6066,1.2539,2.0609,1.6474,1.1825,2.0966,1.4589,1.7503,2.15,1.5948,1.9037
1748798493.162634,2.441,2.2892,2.3257,2.0523,1.6074,1.2725,2.0815,1.684,1.1846,2.1014,1.3837,1.7592,2.1307,1.5118,1.8629
1748798493.276447,2.4377,2.2744,2.3348,2.0447,1.6418,1.2964,2.0754,1.6654,1.168,2.0652,1.3958,1.7202,2.1033,1.4989,1.8559
1748798493.3886862,2.4823,2.3163,2.3201,2.0931,1.6687,1.3205,2.1092,1.7248,1.1661,2.0923,1.381,1.724,2.1275,1.4164,1.8478
1748798493.50156,2.431,2.2411,2.2782,2.0423,1.5446,1.27,2.0646,1.4951,1.1408,2.1046,1.414,1.6166,2.0622,1.3176,1.3275
1748798493.6144361,2.4385,2.2441,2.2827,2.0576,1.4968,1.3125,2.0488,1.432,1.1384,2.1068,1.41,1.5636,2.0208,1.2531,0.8964
1748798493.731405,2.4197,2.2038,2.2239,2.0378,1.4989,1.327,2.0412,1.475,1.1492,2.1242,1.4237,1.551,2.0157,1.2534,0.8875
1748798493.841085,2.4173,2.2282,2.2234,2.0318,1.5002,1.3385,2.0539,1.4296,1.1338,2.0606,1.4019,1.5411,1.9961,1.273,0.916
1748798493.953587,2.3883,2.1807,2.2008,2.041,1.4769,1.3399,2.0036,1.4003,1.151,2.0907,1.3949,1.5153,2.0026,1.2389,0.9058
1748798494.066527,2.4565,2.3268,2.312,2.0568,1.472,1.306,2.0579,1.4288,1.136,2.0987,1.4272,1.54,2.0216,1.2617,0.8843
1748798494.179637,2.4874,2.3015,2.3037,2.1097,1.4763,1.3154,2.0907,1.5932,1.1231,2.1884,1.5408,1.6937,2.1224,1.4774,1.1484
1748798494.294192,2.4313,2.2451,2.2916,2.1025,1.5722,1.2555,2.0891,1.601,1.1312,2.1651,1.471,1.7364,2.0678,1.3694,1.1784
1748798494.40552,2.7246,2.5876,2.5812,2.1022,1.4863,1.2485,2.0842,1.4788,1.0952,2.1839,1.4745,1.648,2.0619,1.3474,0.9439
1748798494.5184278,2.6357,2.5586,2.5543,2.1079,1.5712,1.2582,2.1315,1.5045,1.1099,2.1705,1.4395,1.7229,2.088,1.3364,0.9318
1748798494.6314292,2.4995,2.2706,2.3096,2.2175,1.774,1.277,2.1898,1.7552,1.14,2.1876,1.4438,1.8556,2.2056,1.5583,1.9397
1748798494.747587,2.3612,2.0643,2.182,2.179,1.7108,1.3165,2.168,1.7098,1.198,2.1436,1.4269,1.8312,2.1409,1.5231,1.9222
1748798494.8574662,2.2336,1.8986,2.0735,2.0891,1.6638,1.353,2.1452,1.7579,1.4068,2.1272,1.5507,1.9099,2.1492,1.7761,2.0171
1748798494.970625,2.4659,2.204,2.3005,2.1605,1.7385,1.5086,2.4235,2.2169,2.1678,2.6757,2.5277,2.5831,2.7007,2.655,2.7402
1748798495.083422,2.5723,2.3727,2.4549,2.2766,1.8935,1.7525,2.629,2.5,2.4469,2.7915,2.6908,2.7711,2.7491,2.3045,2.3894
1748798495.197151,2.4702,2.3496,2.3993,2.0165,1.7799,1.5483,2.3792,2.2621,2.233,2.2814,2.1036,2.268,2.3821,2.2618,2.424
1748798495.3096619,2.4544,2.2473,2.3209,2.1731,1.7552,1.4817,2.2454,1.9437,1.8747,2.1715,1.8484,2.1304,2.1713,1.8881,2.1866
1748798495.422493,2.3821,2.1804,2.2508,2.0939,1.7017,1.428,2.1234,1.7877,1.6031,2.0187,1.6407,1.9384,2.0171,1.6759,2.0149
1748798495.535476,2.3851,2.1756,2.2379,2.0461,1.6754,1.3882,2.0821,1.7031,1.4242,1.9969,1.5019,1.858,1.9781,1.5795,1.8989
1748798495.648461,2.369,2.2073,2.2588,2.0399,1.6464,1.3275,2.0267,1.6488,1.3082,1.9674,1.4334,1.7785,1.9741,1.4882,1.8626
1748798495.765363,2.3741,2.2223,2.2666,2.0267,1.6007,1.2988,2.0232,1.637,1.2759,1.9969,1.4245,1.767,1.9698,1.4718,1.8266
1748798495.874629,2.4015,2.2067,2.2537,2.0396,1.5999,1.3082,2.0326,1.6211,1.204,2.0152,1.4129,1.7404,2.0036,1.4742,1.8524
1748798495.98768,2.34,2.164,2.211,1.9722,1.5427,1.2488,1.9757,1.5803,1.1895,1.9722,1.3837,1.7232,1.9585,1.4269,1.7912
1748798496.100477,2.333,2.1353,2.2083,1.9515,1.5064,1.2217,1.9682,1.5464,1.2115,1.9365,1.3444,1.713,1.9392,1.3869,1.7783
1748798496.213804,2.3147,2.168,2.1946,1.944,1.5096,1.2448,1.9781,1.5516,1.1825,1.9443,1.3329,1.67,1.9378,1.3912,1.7329
1748798496.328108,2.3348,2.1653,2.2317,1.9496,1.5276,1.2716,1.9609,1.5545,1.1857,1.9206,1.327,1.6971,1.9252,1.3888,1.7748
1748798496.439483,2.3596,2.211,2.2607,1.962,1.5674,1.2794,1.9505,1.5972,1.1647,1.9153,1.3152,1.7063,1.8986,1.3807,1.7664
1748798496.552598,2.3636,2.2475,2.2672,1.9128,1.5032,1.3136,1.8846,1.4191,1.1768,1.8865,1.3326,1.5604,1.854,1.2848,1.2416
1748798496.6654668,2.3421,2.2419,2.2379,1.8709,1.5357,1.3356,1.8664,1.446,1.1846,1.8317,1.3176,1.5118,1.7557,1.215,0.9899
1748798496.778805,2.2991,2.1882,2.1858,1.8016,1.4054,1.3264,1.7726,1.359,1.1615,1.7793,1.2684,1.4258,1.6899,1.1551,0.9101
1748798496.892032,2.3238,2.2218,2.2164,1.8379,1.4403,1.3031,1.8446,1.3256,1.1876,1.8331,1.2674,1.4092,1.7399,1.133,0.9015
1748798497.004747,2.304,2.1745,2.1772,1.8379,1.3826,1.2915,1.8207,1.3184,1.1551,1.8352,1.2467,1.3855,1.7511,1.1371,0.8934
1748798497.1178539,2.2908,2.1484,2.1632,1.8218,1.3804,1.273,1.7799,1.299,1.1441,1.7963,1.2324,1.3829,1.7063,1.1355,0.8977
1748798497.230608,2.2666,2.1337,2.1619,1.821,1.4003,1.2835,1.8019,1.309,1.14,1.8073,1.2201,1.3837,1.7466,1.1384,0.8862
1748798497.3438358,2.3077,2.1234,2.1519,1.8529,1.418,1.2864,1.828,1.3203,1.1524,1.8661,1.2652,1.3877,1.7944,1.1349,0.905
1748798497.456526,2.3032,2.1363,2.1705,1.9158,1.3877,1.2692,1.8803,1.3149,1.1486,1.9102,1.2542,1.3853,1.8443,1.133,0.8999
1748798497.56987,2.3029,2.1256,2.175,1.8887,1.3753,1.2695,1.8615,1.2921,1.1177,1.8669,1.2429,1.3941,1.8129,1.1156,0.9031
1748798497.682517,2.2715,2.117,2.1444,1.8591,1.3606,1.2674,1.8328,1.2808,1.1032,1.8535,1.2367,1.3949,1.7834,1.1226,0.8706
1748798497.8011048,2.3069,2.1498,2.171,1.8605,1.3877,1.2316,1.8237,1.2926,1.1056,1.8701,1.2131,1.3853,1.7855,1.125,0.8907
1748798497.909179,2.3238,2.153,2.1538,1.8661,1.3673,1.2716,1.8589,1.3093,1.1263,1.8645,1.2252,1.4162,1.8296,1.1234,0.9087
1748798498.021585,2.3069,2.1269,2.1487,1.9276,1.522,1.2464,1.9346,1.3375,1.1196,1.93,1.2784,1.4976,1.8602,1.1524,0.9533
1748798498.1347609,2.3346,2.1275,2.1482,1.9534,1.3966,1.2271,1.926,1.3576,1.1129,1.9666,1.2738,1.4613,1.9013,1.1706,0.9923
1748798498.247648,2.3273,2.1175,2.1535,1.9483,1.3641,1.219,1.929,1.3219,1.1046,1.9773,1.2993,1.4449,1.9096,1.1524,0.9329
1748798498.3613372,2.3469,2.1457,2.1616,1.9523,1.3759,1.1903,1.9719,1.3412,1.1207,1.991,1.3106,1.4916,1.9507,1.2023,0.9936
1748798498.473564,2.3878,2.1487,2.2083,2.0442,1.5494,1.2491,2.031,1.5255,1.1317,2.0582,1.3614,1.735,2.06,1.3675,1.1696
1748798498.5866802,2.3402,2.1449,2.2099,2.0018,1.5346,1.2171,2.0039,1.5427,1.1247,2.0302,1.3584,1.7127,2.016,1.4229,1.7793
1748798498.699577,2.3305,2.1382,2.1568,1.9542,1.4847,1.1986,1.9956,1.5113,1.093,1.9953,1.3477,1.6864,1.984,1.3675,1.735
1748798498.8182578,2.2951,2.1108,2.1482,1.9163,1.399,1.1843,1.9292,1.4111,1.0667,1.9612,1.3302,1.5798,1.9061,1.2088,1.1261
1748798498.9257998,2.3598,2.157,2.1643,1.9284,1.3565,1.2088,1.9263,1.3493,1.1021,1.9585,1.3154,1.5368,1.9013,1.2171,1.2335
1748798499.038574,2.2623,2.0909,2.1224,1.8312,1.3203,1.1876,1.8339,1.3047,1.0895,1.8822,1.2794,1.4809,1.8027,1.1706,0.9485
1748798499.15166,2.25,2.0778,2.1111,1.8511,1.3074,1.1803,1.8629,1.2862,1.1177,1.8978,1.2958,1.4726,1.8234,1.1725,1.0119
1748798499.264736,2.2994,2.1216,2.1611,1.8782,1.3254,1.1991,1.8871,1.3079,1.0944,1.882,1.2781,1.4908,1.8304,1.165,0.984
1748798499.3780532,2.2371,2.0501,2.0813,1.8247,1.2923,1.1755,1.8156,1.2894,1.1038,1.8419,1.2708,1.4454,1.7654,1.1389,0.9208
1748798499.490741,2.2373,2.0396,2.0893,1.8178,1.3082,1.1704,1.8296,1.2751,1.1116,1.8607,1.2628,1.4186,1.7866,1.1441,0.9061
1748798499.603851,2.2454,2.074,2.096,1.8175,1.2875,1.1736,1.8202,1.2768,1.1107,1.8094,1.2598,1.4127,1.7541,1.1357,0.9211
1748798499.716686,2.247,2.0719,2.1237,1.7853,1.3149,1.1905,1.7989,1.2741,1.0782,1.828,1.2641,1.4774,1.7651,1.183,1.085
1748798499.834882,2.2293,2.056,2.0947,1.7952,1.2888,1.1682,1.7906,1.2733,1.0747,1.8323,1.2614,1.3995,1.7425,1.1295,0.9275
1748798499.943609,2.2704,2.1342,2.1482,1.775,1.2574,1.1766,1.7788,1.2477,1.1124,1.807,1.2405,1.3915,1.7503,1.1457,0.9133
1748798500.055705,2.2304,1.9891,2.0915,1.9615,1.4911,1.2359,1.9717,1.5252,1.1218,1.9333,1.3055,1.7052,1.9709,1.3692,1.7538
1748798500.168633,2.1922,1.9513,2.0369,1.9155,1.4411,1.1956,1.9413,1.4943,1.1223,1.9671,1.3195,1.6805,2.013,1.5217,1.7839
1748798500.281617,2.1739,1.9298,2.0222,1.901,1.3646,1.1424,1.9475,1.4704,1.1344,1.9265,1.3042,1.6692,1.9639,1.4884,1.7592
1748798500.3965209,2.2118,1.9354,2.0326,1.9255,1.4049,1.143,1.9953,1.454,1.1312,1.9663,1.2966,1.652,2.0198,1.4798,1.7557
1748798500.5078359,2.272,2.012,2.0735,1.9808,1.3917,1.1446,2.0058,1.4868,1.1304,1.9934,1.3254,1.6684,2.0512,1.4833,1.7565
1748798500.620835,2.2784,1.9972,2.0684,1.9357,1.3909,1.1443,1.9658,1.4543,1.1161,1.9881,1.3256,1.6225,2.0007,1.4433,1.7216
1748798500.733706,2.2384,2.0039,2.0654,1.933,1.3861,1.1293,1.9604,1.4342,1.097,1.9268,1.2832,1.6074,1.9459,1.4175,1.7248
1748798500.846754,2.2411,2.0273,2.0762,1.9298,1.3501,1.1312,1.9607,1.4003,1.115,1.9421,1.2926,1.6029,1.9666,1.406,1.6961
1748798500.9606771,2.2494,2.0155,2.0678,1.9088,1.381,1.1062,1.9432,1.4121,1.0903,1.9153,1.2931,1.5889,1.9545,1.381,1.6765
1748798501.0726888,2.2365,2.0235,2.067,1.8828,1.3751,1.1349,1.9204,1.4213,1.1032,1.9249,1.284,1.6066,1.9405,1.3616,1.6931
1748798501.185878,2.2298,2.012,2.0488,1.8924,1.3845,1.1183,1.9045,1.4103,1.1067,1.9163,1.2692,1.6273,1.9048,1.3646,1.648
1748798501.2987,2.2301,2.0125,2.0523,1.8887,1.3845,1.107,1.9335,1.4315,1.0874,1.9233,1.3074,1.5999,1.9059,1.367,1.6628
1748798501.4159412,2.2134,1.9991,2.0316,1.8881,1.3504,1.111,1.8927,1.381,1.0901,1.8895,1.2749,1.5779,1.9198,1.3842,1.6641
1748798501.5255501,2.2336,1.977,2.0278,1.8924,1.3635,1.1344,1.9193,1.3966,1.0758,1.9257,1.2867,1.6152,1.9131,1.3665,1.6657
1748798501.637782,2.2201,1.9878,2.0544,1.8828,1.3509,1.1634,1.9161,1.3775,1.0833,1.911,1.3066,1.6045,1.9037,1.3221,1.6423
1748798501.750686,2.197,1.9805,2.034,1.8897,1.3479,1.1392,1.8863,1.3912,1.0954,1.8857,1.288,1.5795,1.8932,1.3563,1.6504
1748798501.863961,2.1866,1.9693,2.0369,1.8755,1.3232,1.1188,1.8731,1.3678,1.0884,1.8798,1.2859,1.5599,1.8723,1.3283,1.6292
1748798501.9768589,2.2134,1.9741,2.0429,1.89,1.3367,1.1247,1.9145,1.4221,1.0796,1.9118,1.2926,1.5792,1.8973,1.3474,1.6442
1748798502.0896761,2.2003,1.9738,2.0157,1.8787,1.335,1.1212,1.8846,1.4041,1.1081,1.9075,1.2768,1.5706,1.9107,1.3324,1.6657
1748798502.203027,2.1919,1.9633,2.0396,1.879,1.3243,1.114,1.882,1.3931,1.0688,1.9005,1.2612,1.5596,1.8978,1.3501,1.6456
1748798502.315707,2.2051,1.9821,2.0477,1.8589,1.3316,1.0936,1.8736,1.3925,1.0919,1.9053,1.273,1.5752,1.8908,1.3401,1.6351
1748798502.431593,2.2094,1.976,2.0488,1.8443,1.3337,1.1107,1.8889,1.3936,1.0688,1.8798,1.2574,1.573,1.8967,1.3428,1.6474
1748798502.542442,2.1989,1.9754,2.0224,1.8556,1.309,1.1142,1.8895,1.3606,1.0696,1.8717,1.2375,1.533,1.8801,1.3479,1.6281
1748798502.6548421,2.1925,1.9515,2.0114,1.8374,1.3055,1.1013,1.883,1.3487,1.0774,1.8602,1.2639,1.5489,1.8672,1.3235,1.6305
1748798502.7680588,2.179,1.9558,2.0206,1.8151,1.3136,1.0874,1.8621,1.3509,1.0893,1.8664,1.2424,1.5497,1.8806,1.335,1.6171
1748798502.881687,2.1922,1.9521,2.0222,1.8156,1.2953,1.0898,1.8736,1.3514,1.093,1.8524,1.2405,1.5397,1.8661,1.3122,1.5994
1748798502.994715,2.1436,1.9572,2.005,1.8194,1.2942,1.0764,1.8339,1.3549,1.0608,1.8621,1.2429,1.544,1.868,1.3189,1.6082
1748798503.106692,2.1479,1.9545,2.0112,1.8363,1.2939,1.1062,1.8648,1.3638,1.0758,1.8739,1.2612,1.5403,1.8575,1.3162,1.608
1748798503.220254,2.186,1.965,2.0098,1.8253,1.299,1.097,1.8403,1.3517,1.075,1.872,1.262,1.5413,1.8508,1.3291,1.5999
1748798503.332711,2.1621,1.9668,2.0114,1.8245,1.2853,1.0777,1.8648,1.3289,1.0643,1.8621,1.2794,1.5405,1.8715,1.3444,1.6039
1748798503.4565911,2.1737,1.9435,1.9846,1.8188,1.2961,1.0852,1.8766,1.3407,1.0696,1.8833,1.2464,1.5354,1.8656,1.3509,1.6023
1748798503.558701,2.1516,1.9351,1.9977,1.8011,1.2956,1.0635,1.8597,1.3203,1.0782,1.8495,1.2545,1.5156,1.8771,1.3396,1.59
1748798503.671821,2.157,1.9421,1.9746,1.789,1.2864,1.093,1.8537,1.3512,1.0737,1.868,1.2531,1.547,1.8613,1.3238,1.6209
1748798503.784848,2.1514,1.9542,2.0095,1.8207,1.2845,1.0874,1.864,1.3329,1.0726,1.8435,1.2378,1.5217,1.8605,1.313,1.6106
1748798503.9016352,2.1847,1.9655,1.9945,1.839,1.3063,1.0739,1.875,1.3708,1.064,1.8658,1.262,1.5548,1.8798,1.3302,1.6131
1748798504.011067,2.178,1.9572,2.016,1.8258,1.3052,1.0954,1.8726,1.3915,1.0745,1.8658,1.2373,1.5585,1.8967,1.3058,1.6133
1748798504.123733,2.1984,1.9566,2.0351,1.846,1.2945,1.0713,1.8924,1.371,1.0766,1.8811,1.2467,1.5435,1.8948,1.3181,1.6351
1748798504.236972,2.1938,1.9408,2.0117,1.85,1.3033,1.0962,1.8967,1.3649,1.0643,1.8948,1.2324,1.5454,1.9198,1.352,1.6469
1748798504.3499851,2.1938,1.9494,2.0259,1.8578,1.3165,1.0949,1.8715,1.3471,1.0839,1.9153,1.2545,1.555,1.9137,1.36,1.6233
1748798504.4660952,2.175,1.9491,1.9999,1.8575,1.2972,1.0815,1.9021,1.3716,1.0761,1.9196,1.2467,1.5435,1.9335,1.359,1.6595
1748798504.576459,2.1925,1.9513,2.0281,1.8763,1.2794,1.1124,1.9171,1.3898,1.0645,1.9247,1.2652,1.5553,1.9244,1.3724,1.6585
1748798504.688788,2.2056,1.9636,2.0104,1.8605,1.2625,1.0995,1.8965,1.3595,1.0514,1.9236,1.2631,1.5314,1.9282,1.3799,1.6257
1748798504.801662,2.214,1.9617,2.0367,1.8615,1.2711,1.0874,1.8938,1.3759,1.067,1.8857,1.2475,1.5459,1.9091,1.3444,1.6423
1748798504.915788,2.2134,1.9695,2.0453,1.8771,1.2743,1.0909,1.8548,1.3622,1.0678,1.9024,1.2738,1.5454,1.9177,1.3334,1.6152
1748798505.036885,2.2046,1.9894,2.0496,1.8398,1.2958,1.0616,1.8704,1.349,1.0742,1.9042,1.2751,1.5502,1.9115,1.3477,1.6015
1748798505.140736,2.2183,2.0147,2.0652,1.8398,1.2993,1.0839,1.8637,1.371,1.0613,1.8844,1.251,1.5491,1.8744,1.3358,1.6168
1748798505.25392,2.2051,2.0292,2.077,1.8376,1.3044,1.0731,1.8691,1.3536,1.0726,1.897,1.2273,1.5456,1.8637,1.3307,1.6405
1748798505.3669188,2.2277,2.0077,2.0552,1.857,1.3033,1.0901,1.8771,1.3627,1.0648,1.8489,1.2426,1.5615,1.8669,1.3385,1.6252
1748798505.480237,2.207,1.9926,2.0493,1.8387,1.3015,1.0844,1.8543,1.3606,1.0393,1.8508,1.2553,1.5341,1.8516,1.32,1.6149
1748798505.593091,2.2005,1.9821,2.0493,1.8374,1.3122,1.0686,1.8602,1.3555,1.0546,1.8701,1.2442,1.5513,1.8672,1.2961,1.5945
1748798505.7057762,2.193,1.9862,2.0106,1.8253,1.2682,1.079,1.8406,1.3608,1.0643,1.8618,1.2502,1.515,1.8454,1.3221,1.605
1748798505.81892,2.1874,1.9808,2.0463,1.8196,1.2743,1.0847,1.8371,1.3348,1.0584,1.8457,1.2494,1.5048,1.8481,1.3337,1.6074
1748798505.934387,2.1747,1.9663,2.0243,1.8116,1.2862,1.0944,1.8368,1.3316,1.0422,1.858,1.2582,1.5188,1.8529,1.3227,1.5932
1748798506.045344,2.1645,1.983,2.0198,1.8014,1.2684,1.0678,1.8301,1.345,1.0541,1.8683,1.2305,1.511,1.8785,1.2819,1.5698
1748798506.15783,2.1713,1.9655,2.0165,1.8092,1.2671,1.0858,1.8519,1.3345,1.0568,1.865,1.2354,1.5134,1.8376,1.2891,1.5575
1748798506.271016,2.1688,1.9526,2.0184,1.8164,1.2827,1.078,1.8266,1.3571,1.0643,1.85,1.2518,1.5053,1.8199,1.3058,1.5932
1748798506.383996,2.167,1.9556,2.0257,1.7965,1.2859,1.0823,1.8435,1.3436,1.0643,1.8425,1.2322,1.5105,1.8274,1.2956,1.5728
1748798506.498306,2.1758,1.9526,2.0109,1.8019,1.2631,1.093,1.8288,1.3439,1.0616,1.85,1.2451,1.5228,1.8513,1.2977,1.5921
1748798506.60993,2.1382,1.9617,2.0082,1.8008,1.2719,1.0737,1.8438,1.3216,1.0549,1.8344,1.2351,1.5158,1.8457,1.2982,1.5986
1748798506.722811,2.1417,1.948,2.013,1.8067,1.2808,1.0898,1.8417,1.3127,1.0683,1.8497,1.2123,1.5137,1.8207,1.3176,1.5677
1748798506.8361259,2.1323,1.951,1.9975,1.7957,1.2515,1.0608,1.8175,1.338,1.0675,1.8223,1.2292,1.5212,1.8272,1.2824,1.5832
1748798506.951332,2.1648,1.9523,1.9988,1.7944,1.2421,1.0817,1.836,1.3337,1.0592,1.825,1.2241,1.4954,1.8191,1.2848,1.5623
1748798507.0620039,2.1492,1.9505,2.0257,1.771,1.2837,1.0597,1.8199,1.3243,1.0715,1.843,1.222,1.5142,1.8038,1.2953,1.5424
1748798507.175027,2.1463,1.9604,1.995,1.7938,1.2558,1.0578,1.8414,1.3052,1.0683,1.8309,1.2354,1.4962,1.8186,1.2947,1.5642
1748798507.287894,2.1546,1.9319,2.0152,1.7861,1.2931,1.0737,1.8492,1.334,1.0543,1.8363,1.2394,1.4954,1.832,1.3025,1.5497
1748798507.402103,2.1409,1.9615,1.9905,1.775,1.2606,1.0686,1.8151,1.3149,1.0761,1.8443,1.2327,1.5123,1.839,1.2891,1.5636
1748798507.513907,2.1511,1.9397,1.9854,1.8102,1.2416,1.0927,1.846,1.3332,1.0476,1.8263,1.2155,1.5072,1.8417,1.2853,1.5768
1748798507.6272068,2.1745,1.9494,1.9975,1.7936,1.2794,1.0828,1.8226,1.3055,1.0656,1.8269,1.2112,1.5053,1.8266,1.2735,1.5722
1748798507.739875,2.1508,1.9386,1.9848,1.8024,1.2563,1.089,1.8086,1.3109,1.0366,1.829,1.248,1.4871,1.8341,1.2853,1.576
1748798507.853102,2.1651,1.9499,2.0173,1.8172,1.2617,1.0812,1.8524,1.3321,1.0428,1.8513,1.2201,1.5188,1.8097,1.2872,1.558
1748798507.966191,2.1726,1.9397,1.9864,1.8124,1.2676,1.0737,1.847,1.3332,1.0508,1.846,1.2512,1.4984,1.8255,1.2875,1.5798
1748798508.079024,2.1484,1.9421,2.0066,1.8143,1.2663,1.0616,1.8194,1.3157,1.0731,1.8723,1.212,1.4919,1.846,1.2735,1.5634
1748798508.191851,2.1613,1.9341,1.9929,1.8277,1.2604,1.0825,1.8341,1.3401,1.0565,1.8422,1.2456,1.4976,1.8699,1.2985,1.5832
1748798508.305009,2.1702,1.9488,2.0026,1.8215,1.2692,1.0651,1.8543,1.3477,1.0525,1.847,1.2166,1.5126,1.8583,1.2964,1.5666
1748798508.4182222,2.1941,1.9733,2.0117,1.8511,1.2657,1.0688,1.8795,1.3299,1.075,1.8672,1.2198,1.5064,1.8683,1.299,1.5744
1748798508.5328052,2.1807,1.9531,2.0369,1.8247,1.2743,1.1021,1.8782,1.3313,1.0621,1.8645,1.1964,1.5045,1.85,1.2964,1.5752
1748798508.6440809,2.2054,1.9709,2.031,1.8457,1.2867,1.0847,1.868,1.3718,1.0879,1.8755,1.2292,1.5303,1.8803,1.2824,1.5795
1748798508.756887,2.2019,1.9916,2.0482,1.8562,1.3431,1.0565,1.8793,1.3971,1.0549,1.8905,1.2244,1.5405,1.8766,1.2985,1.5701
1748798508.870068,2.2019,1.9824,2.0184,1.8602,1.3235,1.0833,1.8844,1.3872,1.085,1.8836,1.2421,1.5344,1.8774,1.2716,1.6042
1748798508.9831429,2.1914,1.9462,2.0195,1.8317,1.3015,1.0995,1.8645,1.3579,1.0648,1.8693,1.2322,1.537,1.8519,1.2824,1.6131
1748798509.0976698,2.1801,1.9569,2.0044,1.8263,1.2878,1.0812,1.8341,1.3251,1.0487,1.8696,1.2168,1.5121,1.8677,1.2964,1.5599
1748798509.2089002,2.1482,1.9351,1.9862,1.7941,1.2416,1.0629,1.8212,1.3611,1.0495,1.8207,1.2195,1.5037,1.8247,1.2759,1.5575
1748798509.321889,2.1479,1.9308,1.9961,1.8183,1.2714,1.075,1.8398,1.3455,1.067,1.8521,1.2488,1.4965,1.8387,1.266,1.5483
1748798509.4348748,2.1191,1.9376,1.9838,1.7783,1.2504,1.0852,1.8207,1.32,1.0659,1.8102,1.2518,1.5263,1.8204,1.277,1.5577
1748798509.5507488,2.1315,1.9166,1.9813,1.7721,1.2338,1.0592,1.8223,1.3074,1.0635,1.8376,1.2496,1.4863,1.8204,1.2641,1.5497
1748798509.6613739,2.1667,1.9496,1.9902,1.7887,1.2749,1.0777,1.8301,1.3173,1.0525,1.8683,1.2496,1.5199,1.8486,1.2622,1.576
1748798509.7739341,2.1393,1.9107,1.9907,1.7879,1.2448,1.0694,1.821,1.3275,1.0586,1.8304,1.2545,1.5158,1.8454,1.2631,1.5583
1748798509.887126,2.1541,1.9316,1.9902,1.7989,1.2523,1.0833,1.8358,1.3157,1.0667,1.8567,1.2609,1.5137,1.857,1.2859,1.5601
1748798510.0000691,2.168,1.9257,1.9816,1.7981,1.2397,1.0807,1.8175,1.3337,1.0683,1.8607,1.2459,1.5172,1.8465,1.2719,1.5763
1748798510.1134138,2.1323,1.9338,1.977,1.7775,1.2647,1.0718,1.8441,1.3388,1.0801,1.864,1.2537,1.4814,1.839,1.2679,1.5575
1748798510.226321,2.1409,1.9257,1.9902,1.7965,1.2502,1.0742,1.8306,1.3221,1.0565,1.8309,1.2348,1.5029,1.8137,1.295,1.565
1748798510.338944,2.168,1.933,1.9932,1.7866,1.262,1.0664,1.8417,1.3273,1.0629,1.8535,1.2593,1.5086,1.8701,1.2808,1.5513
1748798510.451925,2.1627,1.9306,1.9945,1.792,1.2459,1.0855,1.8288,1.3235,1.082,1.8419,1.2714,1.486,1.8363,1.2974,1.5773
1748798510.569063,2.1659,1.9381,1.9819,1.8194,1.2802,1.0871,1.8433,1.3428,1.0664,1.8562,1.2612,1.5086,1.8567,1.2843,1.58
1748798510.67836,2.1559,1.9282,1.9765,1.8046,1.2467,1.0756,1.8615,1.3538,1.0723,1.8559,1.2279,1.5303,1.8717,1.309,1.5634
1748798510.790904,2.1487,1.9314,1.9835,1.8124,1.2545,1.0691,1.8602,1.3426,1.0581,1.8747,1.2703,1.5067,1.8833,1.2851,1.5832
1748798510.90406,2.1691,1.9349,1.9821,1.825,1.2722,1.0756,1.8505,1.338,1.0747,1.8648,1.2526,1.5142,1.8954,1.2792,1.5819
1748798511.01702,2.1447,1.9231,2.0036,1.8024,1.2593,1.0675,1.8562,1.3587,1.0758,1.8508,1.2835,1.5169,1.8519,1.298,1.5779
1748798511.131007,2.1522,1.9163,1.984,1.8062,1.27,1.0898,1.818,1.3396,1.086,1.8879,1.2582,1.5182,1.8736,1.2765,1.5996
1748798511.243258,2.1721,1.9354,1.9975,1.8336,1.2824,1.0721,1.8825,1.3662,1.0785,1.9008,1.2722,1.5303,1.8717,1.2977,1.5892
1748798511.355946,2.1796,1.9607,2.0238,1.8465,1.3302,1.0807,1.8965,1.3778,1.0707,1.9201,1.2862,1.5889,1.8989,1.2829,1.6241
1748798511.469192,2.1871,1.955,2.0053,1.8358,1.295,1.0645,1.8731,1.3791,1.0729,1.8879,1.2692,1.5534,1.8868,1.2921,1.5851
1748798511.5823328,2.1637,1.9437,1.9996,1.8293,1.288,1.0756,1.8586,1.353,1.075,1.8742,1.295,1.5432,1.8814,1.3044,1.5988
1748798511.696741,2.1731,1.9343,2.0079,1.8476,1.2996,1.0726,1.8734,1.3831,1.0573,1.9026,1.2931,1.5451,1.8838,1.273,1.5878
1748798511.807963,2.1766,1.9553,1.9977,1.8672,1.316,1.0766,1.8814,1.3697,1.0747,1.9249,1.2931,1.5784,1.883,1.3203,1.6047
1748798511.92114,2.1686,1.9394,1.9961,1.8446,1.2819,1.0694,1.8473,1.3538,1.0619,1.9069,1.3036,1.5572,1.8629,1.2886,1.5935
1748798512.034196,2.1796,1.9394,2.0147,1.8317,1.2725,1.0589,1.8879,1.3783,1.0756,1.8983,1.2947,1.5435,1.9209,1.3103,1.5978
1748798512.148869,2.1962,1.9628,2.02,1.8441,1.2926,1.0643,1.8814,1.3759,1.0852,1.9185,1.2741,1.5491,1.9282,1.2792,1.5918
1748798512.260195,2.1745,1.9585,2.0058,1.8398,1.277,1.0882,1.8537,1.3415,1.0651,1.8844,1.255,1.5266,1.8795,1.2918,1.598
1748798512.373012,2.1678,1.9545,2.0114,1.8546,1.2813,1.0774,1.897,1.3753,1.0766,1.876,1.2808,1.5553,1.8868,1.3321,1.6101
1748798512.486335,2.2199,1.9929,2.0415,1.8376,1.3031,1.0831,1.8691,1.3885,1.0868,1.8782,1.2784,1.5548,1.8615,1.3324,1.5948
1748798512.599113,2.2019,1.9937,2.056,1.8306,1.316,1.0952,1.9026,1.4111,1.0739,1.8556,1.2488,1.4927,1.7922,1.1607,1.0659
1748798512.713408,2.1876,1.9988,2.0372,1.8202,1.3084,1.0809,1.8728,1.3933,1.0844,1.8231,1.255,1.5642,1.8261,1.3109,1.3399
1748798512.825473,2.1745,1.9843,2.0251,1.7756,1.251,1.1016,1.8352,1.3598,1.0627,1.7785,1.251,1.5131,1.7624,1.2187,1.0734
1748798512.9381912,2.1616,1.9867,2.005,1.7476,1.204,1.1016,1.771,1.273,1.0557,1.7627,1.2386,1.3923,1.7125,1.1352,0.9525
1748798513.0512562,2.1852,1.9991,2.0257,1.763,1.1873,1.0944,1.7732,1.2389,1.0718,1.7866,1.2273,1.4411,1.7186,1.1158,1.0006
1748798513.1640892,2.1516,1.9854,2.0112,1.7299,1.1645,1.0616,1.7646,1.2263,1.079,1.7638,1.2203,1.3821,1.6979,1.1105,0.9643
1748798513.277292,2.1251,1.9674,1.9964,1.6982,1.1669,1.0825,1.7052,1.2158,1.0785,1.7452,1.2023,1.3665,1.6536,1.0887,0.9523
1748798513.390539,2.1361,1.9733,1.9873,1.7044,1.1873,1.0734,1.7216,1.1989,1.0643,1.717,1.2023,1.3509,1.6606,1.0992,0.9713
1748798513.503148,2.139,1.9577,1.9977,1.6958,1.1677,1.0914,1.745,1.205,1.086,1.7436,1.2147,1.3329,1.6821,1.1175,0.9077
1748798513.616131,2.1729,1.9652,2.0053,1.7702,1.179,1.0624,1.7812,1.2128,1.0675,1.7812,1.2193,1.3791,1.7431,1.1148,1.0285
1748798513.729142,2.1688,1.9545,2.0026,1.7525,1.186,1.053,1.803,1.1983,1.0774,1.7904,1.1994,1.3316,1.739,1.1078,0.9415
1748798513.844351,2.1882,1.9948,2.0165,1.7885,1.1919,1.0729,1.8108,1.2023,1.0731,1.8116,1.2069,1.3495,1.7487,1.0796,0.9015
1748798513.955115,2.1906,2.0163,2.0265,1.8035,1.1978,1.089,1.7941,1.1999,1.0653,1.839,1.2005,1.349,1.7753,1.1,0.912
1748798514.068049,2.211,2.0036,2.0192,1.7807,1.2115,1.0927,1.8006,1.2002,1.0823,1.8223,1.2136,1.342,1.7605,1.0898,0.891
1748798514.181331,2.1933,1.9929,2.0267,1.7737,1.1991,1.0662,1.7885,1.1983,1.0683,1.8032,1.2201,1.3487,1.7541,1.1102,0.9152
1748798514.294355,2.175,1.9838,2.0152,1.7654,1.1967,1.1032,1.7944,1.2083,1.0796,1.7928,1.1999,1.3289,1.7458,1.0946,0.9249
1748798514.408114,2.1895,1.969,2.0216,1.7772,1.2163,1.0799,1.7828,1.197,1.0653,1.8231,1.1916,1.3471,1.7584,1.1051,0.9458
1748798514.520271,2.1941,1.9967,2.0047,1.7944,1.2507,1.0952,1.84,1.2853,1.0807,1.8312,1.2023,1.3614,1.7632,1.0957,0.9547
1748798514.633151,2.1962,1.9795,2.0192,1.7726,1.1924,1.0833,1.8186,1.1999,1.071,1.8298,1.2152,1.3404,1.7581,1.0898,0.905
1748798514.74617,2.1747,1.9658,2.0114,1.7799,1.1779,1.0718,1.7949,1.1787,1.0619,1.8218,1.1943,1.3485,1.757,1.0895,0.9224
1748798514.861365,2.1699,1.9781,2.0157,1.7764,1.1731,1.0882,1.7887,1.2042,1.0828,1.8151,1.2195,1.349,1.7697,1.0893,0.934
1748798514.972367,2.1584,1.994,2.0039,1.7729,1.1725,1.0858,1.7627,1.2042,1.0962,1.8261,1.1881,1.3444,1.7219,1.0868,0.8752
1748798515.085133,2.1753,1.9717,2.0203,1.7565,1.1766,1.0863,1.7713,1.1903,1.0801,1.785,1.1889,1.3348,1.7192,1.1011,0.8821
1748798515.198272,2.1726,1.9864,2.0326,1.7632,1.2032,1.0694,1.8118,1.2343,1.0737,1.8242,1.2236,1.3657,1.7729,1.1048,0.9611
1748798515.311218,2.2027,1.9835,2.0074,1.7941,1.1943,1.0651,1.8073,1.2652,1.0613,1.846,1.2246,1.3866,1.7844,1.15,1.1446
1748798515.427475,2.2056,1.9547,1.9894,1.793,1.1964,1.0766,1.81,1.2757,1.0747,1.8473,1.2254,1.4057,1.7823,1.1349,1.158
1748798515.537191,2.1463,1.9389,1.9684,1.7729,1.1916,1.0965,1.8011,1.2367,1.0847,1.7968,1.2072,1.3732,1.7482,1.1295,1.0936
1748798515.650134,2.1589,1.9534,1.9821,1.7702,1.2018,1.0847,1.8121,1.2684,1.0605,1.8159,1.1948,1.4132,1.7783,1.1064,1.1768
1748798515.763123,2.1678,1.9684,1.9913,1.7893,1.2276,1.0589,1.7914,1.2923,1.0525,1.8137,1.2185,1.4339,1.7858,1.198,1.0737
1748798515.876549,2.1662,1.9792,2.02,1.7364,1.2163,1.0844,1.7858,1.2166,1.0586,1.7783,1.1806,1.3807,1.731,1.1298,1.1435
1748798515.989215,2.1253,1.9585,1.9781,1.7315,1.1873,1.0758,1.7775,1.2058,1.0651,1.7525,1.1811,1.3345,1.7092,1.1091,1.0688
1748798516.102289,2.1186,1.9599,1.9805,1.7229,1.1841,1.0729,1.7237,1.2013,1.0543,1.7482,1.1803,1.3651,1.7057,1.0831,1.0855
1748798516.215171,2.1108,1.9448,1.9792,1.7052,1.1852,1.0769,1.7213,1.2131,1.0576,1.7366,1.1771,1.3348,1.6969,1.1064,1.0922
1748798516.328306,2.1068,1.9542,1.9706,1.6958,1.1672,1.0766,1.7272,1.1895,1.0594,1.7337,1.1693,1.3025,1.6781,1.0973,0.9611
1748798516.441278,2.1304,1.9472,1.9932,1.7283,1.2201,1.0729,1.7463,1.2104,1.0608,1.7493,1.1706,1.3606,1.7165,1.183,1.3646
1748798516.55465,2.1151,1.9556,1.9746,1.7275,1.1903,1.0543,1.774,1.3248,1.0608,1.757,1.1873,1.4105,1.7114,1.1153,1.2824
1748798516.6677508,2.117,1.9204,1.983,1.7415,1.1532,1.071,1.7613,1.3117,1.0619,1.7522,1.1642,1.4213,1.7501,1.1698,1.1148
1748798516.780106,2.1046,1.9486,1.9631,1.7103,1.2023,1.0616,1.7479,1.2177,1.0551,1.7291,1.1873,1.3498,1.688,1.0992,1.1921
1748798516.893232,2.1014,1.9529,1.9717,1.6988,1.1967,1.0498,1.7399,1.2171,1.0522,1.7329,1.1723,1.3466,1.6848,1.0906,1.1156
1748798517.0069041,2.1111,1.9574,1.9496,1.7165,1.1532,1.0498,1.706,1.1825,1.0487,1.7211,1.1658,1.3203,1.6689,1.0729,1.0422
1748798517.119325,2.114,1.9284,1.9733,1.7125,1.1795,1.0498,1.7651,1.284,1.0597,1.7122,1.1843,1.3697,1.7022,1.1349,1.4608
1748798517.232127,2.1173,1.9274,1.9932,1.7181,1.1994,1.0581,1.7517,1.2389,1.0611,1.7484,1.1543,1.3726,1.717,1.0828,1.1056
1748798517.345268,2.1119,1.9284,1.9873,1.7793,1.2284,1.0637,1.756,1.2185,1.0594,1.782,1.1752,1.353,1.7079,1.0997,1.0401
1748798517.4582121,2.117,1.9346,1.9693,1.778,1.2456,1.0782,1.7895,1.3334,1.0525,1.7681,1.179,1.3923,1.7646,1.1669,1.4914
1748798517.574002,2.1057,1.912,1.9553,1.7356,1.151,1.0522,1.7646,1.2432,1.0508,1.7681,1.1731,1.435,1.7458,1.1919,1.1827
1748798517.684733,2.1245,1.9263,1.9582,1.7533,1.2096,1.0498,1.7904,1.3275,1.0611,1.7949,1.1709,1.4516,1.7651,1.2015,1.4978
1748798517.797167,2.1087,1.8986,1.9499,1.7299,1.158,1.0503,1.7834,1.2064,1.0557,1.7648,1.1749,1.4103,1.7554,1.1379,1.1317
1748798517.9103591,2.1208,1.9126,1.94,1.742,1.179,1.0573,1.7605,1.2179,1.0691,1.7675,1.1803,1.3713,1.727,1.1145,1.1344
1748798518.023147,2.1328,1.9107,1.9494,1.7141,1.1537,1.0388,1.7468,1.1935,1.0683,1.7509,1.1954,1.3111,1.7224,1.0721,0.9501
1748798518.1400058,2.1366,1.9325,1.9451,1.7087,1.1602,1.0479,1.7912,1.2966,1.0492,1.7621,1.1588,1.4371,1.7525,1.1964,1.2542
1748798518.249778,2.1474,1.9128,1.9424,1.7463,1.1424,1.0718,1.7783,1.1766,1.0602,1.8102,1.1688,1.3401,1.7509,1.1196,1.0664
1748798518.362282,2.1337,1.9316,1.9424,1.7621,1.1706,1.0653,1.8145,1.2322,1.0358,1.7831,1.1631,1.3915,1.7686,1.1038,1.0393
1748798518.475159,2.1079,1.8962,1.9456,1.7388,1.1545,1.0508,1.7844,1.1978,1.0608,1.7716,1.1688,1.3606,1.7509,1.1054,1.0151
1748798518.588332,2.1323,1.9171,1.944,1.7296,1.1567,1.049,1.7439,1.1991,1.0696,1.7812,1.1693,1.3283,1.7127,1.0828,0.9482
1748798518.703866,2.1248,1.9298,1.9577,1.746,1.1435,1.0592,1.7517,1.1811,1.0715,1.7748,1.186,1.334,1.7052,1.0796,0.97
1748798518.814167,2.1328,1.9212,1.9642,1.7307,1.1591,1.0584,1.763,1.1857,1.0514,1.7764,1.1564,1.3294,1.7138,1.1105,0.9531
1748798518.927367,2.1205,1.9179,1.9515,1.753,1.1567,1.0447,1.7538,1.1795,1.0508,1.7619,1.1626,1.3117,1.7337,1.0847,0.9482
1748798519.0402,2.1151,1.9225,1.9459,1.7412,1.1618,1.0508,1.7495,1.1758,1.031,1.7772,1.1865,1.305,1.7211,1.0952,0.9673
1748798519.153354,2.1165,1.9158,1.9593,1.7296,1.1685,1.0562,1.7409,1.1806,1.0535,1.7603,1.158,1.3812,1.739,1.1054,1.2091
1748798519.268119,2.1127,1.9359,1.9448,1.7071,1.158,1.0624,1.7613,1.2488,1.0452,1.7509,1.1803,1.3372,1.7302,1.0992,1.1094
1748798519.379273,2.1132,1.9032,1.955,1.7372,1.1924,1.057,1.7458,1.2268,1.0385,1.7742,1.1739,1.3192,1.7106,1.1019,1.1239
1748798519.4921868,2.1017,1.9212,1.9378,1.7396,1.1518,1.0664,1.7664,1.2107,1.0729,1.7326,1.1677,1.3474,1.6977,1.0855,1.1338
1748798519.6052291,2.1135,1.9088,1.94,1.7173,1.1575,1.0723,1.738,1.2182,1.0508,1.7345,1.1937,1.3471,1.7095,1.0868,1.1532
