timestamp,R0C0,R0C1,R0C2,R1C0,R1C1,R1C2,R2C0,R2C1,R2C2,R3C0,R3C1,R3C2,R4C0,R4C1,R4C2
1748935973.422314,1.7047,1.6727,1.6724,1.1693,1.136,1.1322,1.0906,1.003,0.9893,1.0033,0.9195,0.8859,1.0183,0.9313,0.9055
1748935973.496228,1.7068,1.6692,1.6633,1.1588,1.1392,1.143,1.0801,1.0157,0.9802,1.0014,0.9104,0.88,1.0167,0.9313,0.8875
1748935973.600419,1.6971,1.6638,1.6689,1.1599,1.1449,1.1247,1.0739,1.0006,0.9794,1.0041,0.912,0.8948,0.988,0.9246,0.8867
1748935973.713572,1.6966,1.6397,1.6757,1.1475,1.1295,1.1435,1.0796,1.0028,0.9703,0.9971,0.9157,0.8805,1.003,0.9418,0.9082
1748935973.82768,1.8903,1.8578,1.861,1.2072,1.2053,1.1747,1.1145,0.9995,0.963,1.0299,0.9305,0.865,1.053,0.9356,0.8891
1748935973.945517,2.0106,1.9698,1.9666,1.2566,1.273,1.251,1.1618,1.0063,0.9794,1.0554,0.9184,0.8881,1.0688,0.9222,0.8996
1748935974.055688,1.9453,1.9032,1.8989,1.2365,1.2502,1.2644,1.1602,1.006,0.9915,1.0672,0.9251,0.8846,1.0863,0.9337,0.8765
1748935974.1696389,1.9405,1.8954,1.9112,1.2408,1.2279,1.2305,1.1419,1.002,0.9845,1.067,0.9281,0.8811,1.0772,0.92,0.9141
1748935974.283634,1.8768,1.8325,1.8282,1.2254,1.2179,1.2072,1.1508,0.9891,0.9748,1.0699,0.9144,0.8838,1.0815,0.9386,0.8948
1748935974.397793,1.7758,1.717,1.7372,1.2018,1.1776,1.1849,1.1489,1.0025,0.9684,1.0847,0.9345,0.8757,1.1054,0.9318,0.877
1748935974.511822,1.8024,1.727,1.7436,1.2174,1.1731,1.1725,1.179,1.0011,0.9555,1.1253,0.9192,0.8916,1.1349,0.941,0.8878
1748935974.6258,1.7842,1.7186,1.738,1.2109,1.1596,1.1575,1.1723,1.0003,0.9549,1.1046,0.9232,0.8709,1.1124,0.912,0.8792
1748935974.739702,1.7568,1.6888,1.6993,1.1959,1.1524,1.1578,1.1682,0.9958,0.9402,1.1167,0.9198,0.8679,1.1185,0.9313,0.8899
1748935974.853704,1.7656,1.6998,1.7154,1.1937,1.1521,1.1508,1.1634,1.0001,0.9523,1.1051,0.934,0.8851,1.1349,0.9345,0.8854
1748935974.967745,1.7756,1.7009,1.7189,1.2021,1.151,1.1739,1.1537,0.9791,0.9485,1.1309,0.9224,0.8902,1.1201,0.9292,0.8902
1748935975.088187,1.8178,1.7501,1.7646,1.1852,1.1535,1.1731,1.1389,0.977,0.9431,1.0957,0.9098,0.8784,1.1086,0.9163,0.8733
1748935975.19624,1.7321,1.6539,1.6805,1.1771,1.1333,1.1427,1.1309,0.9797,0.9531,1.0911,0.9155,0.8706,1.1016,0.9378,0.8891
1748935975.309653,1.7224,1.6432,1.6609,1.1849,1.1352,1.1325,1.1518,0.9713,0.9455,1.1116,0.9109,0.8736,1.1218,0.9224,0.8932
1748935975.4236228,1.7895,1.7116,1.728,1.204,1.1497,1.1569,1.1706,0.9764,0.9466,1.1301,0.9187,0.8779,1.147,0.9297,0.8873
1748935975.540297,1.7361,1.6391,1.6582,1.2091,1.1193,1.1317,1.1956,0.9772,0.9375,1.1596,0.9246,0.8803,1.1672,0.9378,0.8832
1748935975.6523578,1.6931,1.5849,1.5999,1.2029,1.0909,1.1099,1.2005,0.967,0.934,1.1677,0.9249,0.8851,1.1819,0.9364,0.8924
1748935975.765675,1.6714,1.5448,1.565,1.1975,1.0699,1.0949,1.2147,0.9756,0.9343,1.19,0.9224,0.8765,1.1911,0.9359,0.8848
1748935975.8797498,1.6372,1.5059,1.5389,1.2029,1.0487,1.0774,1.2236,0.9713,0.9316,1.1986,0.9348,0.8776,1.2083,0.9469,0.8881
1748935975.993812,1.634,1.4766,1.518,1.2142,1.0465,1.0785,1.2545,0.9767,0.9378,1.2311,0.938,0.8781,1.237,0.9466,0.8899
1748935976.109309,1.6211,1.4774,1.5201,1.2134,1.0371,1.0799,1.2459,0.9861,0.9372,1.2311,0.9512,0.884,1.2421,0.9566,0.8881
1748935976.22195,1.5964,1.4299,1.4814,1.2254,1.042,1.0906,1.2805,0.9909,0.9273,1.2706,0.9681,0.8856,1.2829,0.9783,0.8889
1748935976.3356621,1.5666,1.3901,1.4594,1.2316,1.0315,1.0879,1.3012,1.0095,0.9265,1.2929,0.9874,0.8953,1.3375,1.0543,1.0374
1748935976.44979,1.511,1.3015,1.4076,1.2077,1.0186,1.0925,1.3047,1.0406,0.9326,1.3179,1.0377,0.9117,1.4052,1.1473,1.1048
1748935976.566863,1.4758,1.2765,1.3764,1.1881,1.014,1.0909,1.2953,1.0331,0.9305,1.2931,1.0272,0.8948,1.5421,1.3101,1.3915
1748935976.678098,1.4812,1.2937,1.381,1.1897,1.0087,1.0664,1.2824,1.0162,0.9302,1.2706,0.9998,0.8873,1.3423,1.0933,1.0431
1748935976.791841,1.4651,1.2765,1.3525,1.1728,0.9979,1.05,1.2365,1.0003,0.927,1.2338,0.9893,0.9001,1.2566,1.0076,0.912
1748935976.908225,1.4307,1.2641,1.3281,1.1505,1.0044,1.0468,1.2206,0.9968,0.9211,1.222,0.9858,0.9061,1.223,0.995,0.8967
1748935977.0204642,1.4624,1.2819,1.3571,1.1607,1.0076,1.0428,1.2265,0.992,0.9316,1.2292,0.9896,0.9069,1.2281,0.9888,0.8975
1748935977.1338189,1.4871,1.3219,1.3791,1.1701,1.0041,1.0495,1.2244,0.9958,0.9192,1.222,0.9791,0.9001,1.2144,0.977,0.8907
1748935977.247763,1.5059,1.3547,1.407,1.1594,0.9979,1.0369,1.2007,0.9821,0.9246,1.1865,0.9625,0.8854,1.2037,0.9737,0.8913
1748935977.3620212,1.5199,1.3657,1.4156,1.1634,0.9993,1.0398,1.2018,0.9823,0.9206,1.1822,0.9606,0.887,1.1911,0.9737,0.8891
1748935977.477702,1.5327,1.3831,1.4261,1.1629,0.9998,1.0396,1.1857,0.9845,0.9265,1.1733,0.9558,0.8811,1.186,0.9638,0.8883
1748935977.589864,1.5201,1.3869,1.4328,1.1484,1.0124,1.0363,1.1779,0.9797,0.9289,1.1526,0.9488,0.8854,1.1653,0.9633,0.8881
1748935977.7037802,1.5268,1.3995,1.4291,1.1432,1.0033,1.0382,1.1607,0.9772,0.9257,1.1462,0.9466,0.8795,1.1529,0.9512,0.8875
1748935977.8178802,1.5105,1.3861,1.4301,1.1422,1.0071,1.0412,1.154,0.977,0.9249,1.1379,0.9421,0.8803,1.1543,0.9523,0.8961
1748935977.933938,1.5059,1.3772,1.417,1.1325,0.9998,1.0299,1.1457,0.9697,0.9259,1.129,0.9388,0.873,1.1376,0.9463,0.8859
1748935978.046462,1.5113,1.3823,1.4189,1.1306,1.0036,1.0447,1.1438,0.9662,0.9249,1.121,0.9396,0.877,1.136,0.9609,0.8883
1748935978.1598341,1.5096,1.3788,1.4172,1.1389,0.9987,1.0312,1.1408,0.9643,0.9195,1.1134,0.9426,0.8779,1.1363,0.9458,0.895
1748935978.273875,1.5118,1.3896,1.4221,1.125,1.0054,1.0334,1.1411,0.9689,0.923,1.1156,0.9418,0.8789,1.1424,0.9455,0.8848
1748935978.3954308,1.5134,1.3906,1.4232,1.1298,1.0044,1.0283,1.1427,0.9676,0.9243,1.125,0.9318,0.8779,1.1269,0.9469,0.8856
1748935978.501892,1.5037,1.3761,1.4108,1.1223,1.0009,1.0363,1.1395,0.9603,0.9246,1.1126,0.938,0.8797,1.1148,0.9504,0.8862
1748935978.615849,1.4774,1.356,1.3949,1.1167,1.0038,1.031,1.1269,0.9703,0.9249,1.1086,0.9343,0.8741,1.111,0.9442,0.8867
1748935978.7298932,1.4683,1.3444,1.3821,1.1161,0.9982,1.0259,1.1261,0.9606,0.9208,1.1,0.9324,0.8819,1.1175,0.9426,0.8924
1748935978.848594,1.46,1.335,1.3778,1.1048,0.9944,1.0197,1.1271,0.9697,0.9246,1.1121,0.9289,0.8701,1.1172,0.9412,0.8867
1748935978.958482,1.4522,1.3189,1.3667,1.1032,0.9971,1.0224,1.1239,0.97,0.9222,1.097,0.9305,0.8776,1.1046,0.9421,0.8881
1748935979.071866,1.4487,1.3262,1.36,1.1035,0.9917,1.024,1.1228,0.9643,0.9267,1.0914,0.9257,0.8765,1.1118,0.9431,0.8856
1748935979.1858501,1.4417,1.3074,1.3525,1.1062,0.9912,1.0213,1.1132,0.9611,0.9179,1.0938,0.9284,0.8819,1.1,0.9429,0.8835
1748935979.3048608,1.436,1.3152,1.3595,1.1032,0.9912,1.0213,1.1164,0.9654,0.9227,1.0874,0.9289,0.8746,1.1051,0.9364,0.8843
1748935979.413974,1.457,1.3388,1.3737,1.1005,0.9928,1.0208,1.1191,0.9619,0.9171,1.0906,0.9316,0.8741,1.1016,0.9326,0.8848
1748935979.52785,1.4608,1.3426,1.3769,1.1008,0.9917,1.0197,1.1199,0.9649,0.9259,1.0909,0.9273,0.8757,1.1067,0.9386,0.8846
1748935979.6418078,1.482,1.3718,1.4054,1.1169,0.9928,1.0267,1.1258,0.9587,0.9192,1.0965,0.923,0.8754,1.1043,0.9383,0.8873
1748935979.755889,1.5209,1.3968,1.4379,1.1185,1.0006,1.0296,1.1196,0.9622,0.9176,1.1019,0.927,0.8768,1.1231,0.9463,0.8864
1748935979.8705359,1.5284,1.4129,1.4452,1.1285,1.0054,1.0304,1.1253,0.9576,0.92,1.1043,0.9308,0.8803,1.1099,0.938,0.884
1748935979.983883,1.5497,1.4336,1.4661,1.1309,1.0151,1.0318,1.1239,0.9584,0.9262,1.0946,0.9243,0.8816,1.1064,0.948,0.8891
1748935980.0978959,1.5526,1.4433,1.4809,1.1263,1.0143,1.0377,1.118,0.9622,0.9238,1.0965,0.93,0.8851,1.0995,0.9386,0.8894
1748935980.214006,1.5741,1.4648,1.4984,1.1293,1.0253,1.046,1.1196,0.9611,0.9243,1.1032,0.9284,0.8762,1.1094,0.9415,0.8886
1748935980.325921,1.591,1.5005,1.5247,1.1435,1.0318,1.0516,1.1261,0.9498,0.9251,1.1013,0.9281,0.8738,1.1099,0.9407,0.8883
1748935980.439918,1.6063,1.5102,1.5486,1.1432,1.0422,1.06,1.1282,0.959,0.9273,1.1091,0.9275,0.8789,1.1129,0.9402,0.8899
1748935980.553951,1.5983,1.4965,1.5309,1.1406,1.0436,1.067,1.1199,0.963,0.9281,1.0952,0.923,0.8792,1.1129,0.941,0.8848
1748935980.668274,1.601,1.5107,1.5333,1.1406,1.0388,1.0576,1.1231,0.9638,0.9249,1.0936,0.9273,0.873,1.1011,0.9289,0.8835
1748935980.781923,1.6112,1.5293,1.5483,1.1435,1.0412,1.0683,1.122,0.9568,0.9262,1.0901,0.9219,0.8813,1.1005,0.9388,0.8958
1748935980.8958662,1.6015,1.5153,1.5421,1.1333,1.0417,1.0643,1.1201,0.9571,0.9216,1.0925,0.9273,0.8808,1.0962,0.9353,0.8881
1748935981.00995,1.6082,1.5137,1.5489,1.1379,1.053,1.068,1.115,0.9595,0.9265,1.0884,0.9257,0.8727,1.0957,0.9412,0.8905
1748935981.126625,1.608,1.5177,1.5411,1.1347,1.0479,1.067,1.1199,0.9638,0.9179,1.0847,0.9249,0.8762,1.1,0.9356,0.8899
1748935981.237986,1.6209,1.5319,1.5604,1.1389,1.0465,1.0637,1.1094,0.9584,0.9211,1.0828,0.9227,0.8797,1.0973,0.9337,0.887
1748935981.3518631,1.6211,1.5344,1.5671,1.1363,1.0508,1.0715,1.1153,0.9595,0.9203,1.0847,0.9265,0.8792,1.0893,0.9302,0.8889
1748935981.4659321,1.6348,1.5435,1.5661,1.1371,1.0627,1.0745,1.1124,0.9611,0.9195,1.0874,0.9273,0.8749,1.0903,0.931,0.8886
1748935981.582345,1.6179,1.5336,1.5521,1.1387,1.0584,1.0758,1.1102,0.96,0.9232,1.0804,0.9238,0.8668,1.0922,0.9418,0.8864
1748935981.694794,1.5964,1.5207,1.5427,1.1301,1.0581,1.0747,1.1021,0.9678,0.9232,1.0758,0.9243,0.8808,1.0815,0.9361,0.8859
1748935981.8079832,1.5841,1.4959,1.5201,1.1328,1.0463,1.0653,1.104,0.9633,0.9251,1.0807,0.9176,0.8784,1.0922,0.9394,0.8835
1748935981.921929,1.5752,1.4817,1.5021,1.122,1.0471,1.0605,1.0973,0.9598,0.9241,1.0696,0.9214,0.876,1.0788,0.9305,0.8894
1748935982.035937,1.5601,1.4594,1.497,1.1236,1.0406,1.0645,1.0968,0.9568,0.9246,1.0705,0.9284,0.8722,1.0793,0.9388,0.8851
1748935982.156468,1.5575,1.4567,1.4903,1.1161,1.0307,1.0554,1.0884,0.9568,0.9254,1.0691,0.9297,0.8738,1.0801,0.9391,0.8894
1748935982.264564,1.5456,1.4543,1.4828,1.1185,1.031,1.0568,1.0871,0.9611,0.9251,1.067,0.9273,0.8803,1.0772,0.9316,0.8859
1748935982.377928,1.5373,1.4401,1.4761,1.1124,1.0369,1.0495,1.0954,0.9525,0.9243,1.06,0.9243,0.8784,1.0769,0.9353,0.8886
1748935982.491945,1.5333,1.4296,1.4699,1.1175,1.0285,1.049,1.0917,0.9606,0.9267,1.0683,0.9163,0.8779,1.0713,0.9343,0.8902
1748935982.606292,1.5244,1.4347,1.4653,1.114,1.0296,1.0554,1.0893,0.9528,0.9254,1.0557,0.9254,0.873,1.0721,0.9316,0.8891
1748935982.7223701,1.5282,1.4339,1.4613,1.1134,1.0259,1.0535,1.0842,0.9523,0.9273,1.0648,0.9249,0.8762,1.0747,0.931,0.8846
1748935982.834045,1.5263,1.4304,1.4634,1.1129,1.0307,1.0535,1.0922,0.9533,0.9173,1.0527,0.9227,0.8744,1.0688,0.931,0.8891
1748935982.94803,1.533,1.4425,1.4667,1.1172,1.0242,1.0396,1.0882,0.9617,0.93,1.0653,0.9214,0.8821,1.0683,0.9326,0.8848
1748935983.061961,1.5314,1.4312,1.4651,1.1094,1.0288,1.046,1.0906,0.9592,0.9179,1.0621,0.9184,0.8789,1.067,0.9326,0.8873
1748935983.180227,1.5274,1.4317,1.4613,1.107,1.0245,1.0455,1.0839,0.9493,0.92,1.0611,0.9211,0.877,1.075,0.9321,0.8899
1748935983.290783,1.515,1.4229,1.4519,1.1073,1.0178,1.0382,1.0801,0.9493,0.9222,1.0624,0.9249,0.8827,1.0691,0.9329,0.8851
1748935983.403988,1.5107,1.421,1.4433,1.1091,1.0275,1.0447,1.093,0.9582,0.9259,1.0576,0.9195,0.8754,1.0589,0.9265,0.8873
1748935983.518064,1.5131,1.4105,1.443,1.1107,1.0226,1.0382,1.0852,0.9571,0.9241,1.0573,0.92,0.8749,1.0699,0.9359,0.884
1748935983.632062,1.518,1.4221,1.4489,1.1083,1.0148,1.0428,1.086,0.9566,0.9278,1.0578,0.9302,0.8762,1.0653,0.9267,0.8851
1748935983.746769,1.5129,1.4183,1.4527,1.1091,1.0178,1.0425,1.0823,0.9609,0.9278,1.0602,0.9203,0.876,1.0694,0.9297,0.8848
1748935983.8605492,1.508,1.4105,1.4463,1.0995,1.0191,1.0457,1.0855,0.9517,0.9262,1.0584,0.9176,0.8744,1.0672,0.9289,0.8899
1748935983.974095,1.5228,1.4374,1.464,1.1132,1.0251,1.0449,1.0879,0.9539,0.9243,1.0578,0.923,0.869,1.067,0.9313,0.8862
1748935984.088191,1.5223,1.4299,1.4594,1.1148,1.0183,1.042,1.0874,0.9574,0.9246,1.0616,0.9235,0.8762,1.0742,0.9359,0.8773
1748935984.207506,1.5118,1.4146,1.4363,1.1124,1.02,1.0355,1.0866,0.9517,0.9208,1.0608,0.9275,0.8797,1.0729,0.9286,0.8862
1748935984.316048,1.4935,1.3987,1.4256,1.096,1.0181,1.0307,1.0868,0.9496,0.9222,1.0535,0.9203,0.8824,1.0691,0.9345,0.8856
1748935984.4300559,1.4892,1.4006,1.4317,1.1005,1.0138,1.0328,1.0863,0.9539,0.9302,1.053,0.9206,0.8848,1.0683,0.93,0.8843
1748935984.54435,1.5091,1.4043,1.4299,1.096,1.013,1.0264,1.0906,0.9568,0.9249,1.068,0.9262,0.8811,1.0753,0.9321,0.8918
1748935984.6594298,1.4895,1.389,1.4264,1.1019,1.0162,1.0323,1.0868,0.9579,0.9329,1.0621,0.9192,0.8738,1.068,0.9388,0.8859
1748935984.77211,1.4865,1.3794,1.4178,1.0979,1.0105,1.0288,1.0879,0.9498,0.9243,1.0592,0.9262,0.8819,1.0662,0.9281,0.8811
1748935984.8860888,1.4766,1.3783,1.4014,1.0987,1.006,1.0288,1.085,0.9611,0.9289,1.0565,0.9211,0.8781,1.0729,0.9348,0.8905
1748935985.0040379,1.4626,1.3549,1.3995,1.0941,1.0071,1.0296,1.0831,0.9592,0.9262,1.0581,0.9165,0.8738,1.0608,0.9297,0.8827
1748935985.114752,1.4581,1.3522,1.3904,1.0925,1.0124,1.0277,1.0884,0.9552,0.9219,1.0592,0.9257,0.8741,1.0648,0.9359,0.8889
1748935985.228064,1.4591,1.3576,1.3904,1.0941,1.0105,1.0259,1.0753,0.949,0.9232,1.0576,0.9211,0.8733,1.0651,0.9294,0.8819
1748935985.342193,1.453,1.3455,1.385,1.0823,1.0006,1.0248,1.0785,0.9531,0.9219,1.0592,0.9224,0.8744,1.0667,0.9364,0.8862
1748935985.456217,1.4465,1.3493,1.3837,1.0906,0.9998,1.028,1.0828,0.9576,0.9286,1.0533,0.9192,0.8864,1.0648,0.9369,0.8905
1748935985.572887,1.457,1.3576,1.3925,1.0866,0.9971,1.0242,1.0804,0.9461,0.9238,1.0565,0.9222,0.884,1.0688,0.9332,0.8856
1748935985.684192,1.4659,1.3769,1.3966,1.0884,1.0071,1.0191,1.0764,0.9541,0.9297,1.0551,0.9128,0.8795,1.0627,0.9289,0.8875
1748935985.7981179,1.4726,1.3726,1.4014,1.0893,1.0009,1.0189,1.0844,0.9552,0.9259,1.0557,0.9187,0.8773,1.0702,0.9292,0.8854
1748935985.9133198,1.4737,1.3845,1.4175,1.0946,0.9974,1.0256,1.0809,0.9501,0.9235,1.0565,0.9109,0.8749,1.0608,0.9267,0.8907
1748935986.026738,1.4616,1.3606,1.3998,1.0868,0.9985,1.0224,1.0833,0.9498,0.9297,1.0535,0.9235,0.8859,1.0592,0.9278,0.8883
1748935986.140053,1.4398,1.3404,1.3794,1.0793,1.0025,1.0186,1.0772,0.9463,0.9294,1.0495,0.9168,0.8843,1.0535,0.9305,0.8848
1748935986.25416,1.4522,1.3501,1.3812,1.0831,0.9958,1.0146,1.0761,0.9568,0.9219,1.0465,0.9152,0.8781,1.0525,0.9281,0.8881
1748935986.368161,1.4737,1.363,1.403,1.0981,1.0079,1.0272,1.0901,0.9517,0.9168,1.0613,0.9206,0.8754,1.0739,0.9292,0.8913
1748935986.4822552,1.4965,1.3949,1.4245,1.1073,1.0116,1.0261,1.1035,0.9533,0.9235,1.068,0.9187,0.8832,1.0874,0.9284,0.8921
1748935986.5961092,1.4919,1.3888,1.4164,1.1129,1.0084,1.0347,1.1056,0.9614,0.9241,1.0782,0.9214,0.8717,1.0914,0.9378,0.8964
1748935986.710204,1.5,1.3753,1.4137,1.1161,1.0079,1.0347,1.1129,0.9552,0.9292,1.0946,0.931,0.8854,1.0944,0.9359,0.8838
1748935986.830692,1.5024,1.3839,1.4164,1.1274,1.0135,1.0358,1.1309,0.9555,0.9222,1.1118,0.9241,0.8776,1.1177,0.938,0.8881
1748935986.938335,1.4863,1.3565,1.4025,1.1236,1.0095,1.0358,1.1389,0.952,0.9249,1.1091,0.9235,0.8824,1.1167,0.9407,0.8856
1748935987.0521238,1.4578,1.3372,1.3772,1.1231,1.0095,1.0334,1.1231,0.9625,0.9216,1.0987,0.9324,0.8805,1.1164,0.9351,0.8942
1748935987.1661608,1.442,1.3138,1.3555,1.1099,1.0033,1.0307,1.1121,0.9552,0.9259,1.086,0.9208,0.8832,1.103,0.9369,0.8913
1748935987.282581,1.4342,1.313,1.3555,1.103,0.9971,1.0178,1.1024,0.9555,0.9267,1.0855,0.9275,0.8789,1.0909,0.9375,0.8835
1748935987.394134,1.4473,1.3187,1.3581,1.1005,0.9966,1.0151,1.0954,0.9582,0.9216,1.0721,0.9259,0.8719,1.0893,0.9281,0.8883
1748935987.508157,1.424,1.317,1.3442,1.0933,0.9974,1.0189,1.1016,0.9611,0.9222,1.0723,0.9332,0.8792,1.0753,0.9388,0.8918
1748935987.622197,1.4105,1.2899,1.3356,1.0887,0.9926,1.017,1.082,0.9536,0.9206,1.0653,0.9251,0.8752,1.0737,0.9302,0.8921
1748935987.7393541,1.4025,1.2891,1.3251,1.0866,0.9877,1.0154,1.0973,0.9563,0.9195,1.0729,0.9249,0.8787,1.0769,0.9308,0.8864
1748935987.850144,1.3963,1.28,1.323,1.0756,0.9931,1.0116,1.0997,0.9571,0.923,1.0721,0.9284,0.8792,1.0753,0.9313,0.8929
1748935987.9641669,1.3966,1.2786,1.3109,1.0801,0.9944,1.01,1.0895,0.959,0.9254,1.0613,0.9211,0.8824,1.0731,0.9437,0.8913
1748935988.078204,1.3904,1.2727,1.3066,1.0809,0.9869,1.0132,1.0842,0.9555,0.9305,1.0637,0.9206,0.8709,1.0729,0.9281,0.8899
1748935988.231976,1.3912,1.2808,1.3133,1.0876,0.9864,1.0183,1.086,0.96,0.927,1.0659,0.9222,0.88,1.0793,0.9426,0.8854
1748935988.306603,1.4113,1.2961,1.3369,1.0898,0.9931,1.0122,1.0919,0.9528,0.9246,1.0672,0.9189,0.8749,1.0785,0.9335,0.8918
1748935988.4202769,1.4189,1.3093,1.3377,1.0876,0.9896,1.0167,1.0884,0.9525,0.9189,1.068,0.9222,0.8827,1.075,0.9326,0.8918
1748935988.5344372,1.4183,1.3133,1.3469,1.0917,0.9947,1.0167,1.0882,0.9501,0.9235,1.0678,0.9278,0.8808,1.0799,0.9318,0.8848
1748935988.649091,1.4328,1.324,1.3528,1.0925,0.9942,1.0178,1.093,0.9523,0.9232,1.0721,0.9208,0.876,1.0713,0.9289,0.8835
1748935988.7622342,1.4366,1.324,1.359,1.0911,0.992,1.0173,1.0855,0.9509,0.9329,1.0664,0.9155,0.8768,1.0823,0.9326,0.8886
1748935988.876256,1.4411,1.3388,1.3713,1.0925,0.995,1.0159,1.0839,0.9531,0.9219,1.0645,0.9163,0.8765,1.0737,0.9286,0.8881
1748935988.990268,1.4425,1.3361,1.3646,1.0903,0.9942,1.0105,1.0839,0.9566,0.9216,1.0637,0.9152,0.8727,1.0753,0.9329,0.887
1748935989.104349,1.4334,1.3391,1.3654,1.0898,0.9966,1.017,1.0847,0.9566,0.916,1.0653,0.9214,0.8757,1.0758,0.9284,0.8881
1748935989.222089,1.432,1.3361,1.3632,1.0882,0.9909,1.014,1.0807,0.9474,0.9238,1.057,0.9238,0.8787,1.0648,0.9232,0.8913
1748935989.3322701,1.4387,1.3305,1.3598,1.0922,0.9952,1.0162,1.0866,0.949,0.9238,1.057,0.9187,0.884,1.0691,0.9343,0.8897
1748935989.44629,1.4487,1.3509,1.378,1.0903,0.9936,1.0167,1.0844,0.9461,0.9257,1.0576,0.9195,0.8821,1.0699,0.9246,0.8886
1748935989.562054,1.4546,1.3533,1.3866,1.0938,0.9993,1.0189,1.0823,0.945,0.9267,1.0581,0.9241,0.8754,1.0715,0.9297,0.8924
1748935989.674839,1.4524,1.353,1.3818,1.0906,0.999,1.0194,1.079,0.9515,0.9254,1.0584,0.9184,0.8744,1.0621,0.9302,0.8886
1748935989.7882612,1.4573,1.359,1.3858,1.0919,0.9987,1.021,1.0858,0.9402,0.9267,1.0557,0.9216,0.8795,1.0632,0.9278,0.8913
1748935989.902248,1.4694,1.3743,1.3936,1.0874,1.0009,1.0197,1.0839,0.9445,0.9275,1.0476,0.916,0.8824,1.0675,0.9359,0.8891
1748935990.025342,1.4489,1.3547,1.3783,1.0879,1.0003,1.0205,1.0761,0.9501,0.9216,1.0474,0.9155,0.8787,1.0629,0.9275,0.8843
1748935990.13043,1.432,1.3385,1.3675,1.075,0.9939,1.0157,1.0737,0.9472,0.9241,1.0468,0.9173,0.8805,1.0492,0.9332,0.8916
1748935990.244287,1.4315,1.323,1.3536,1.0761,0.9939,1.0116,1.0675,0.9375,0.9222,1.0503,0.9168,0.8746,1.0549,0.9278,0.8846
1748935990.358326,1.4248,1.3216,1.3512,1.0753,0.9909,1.0132,1.0723,0.9498,0.9292,1.0417,0.9173,0.8757,1.053,0.9246,0.8899
1748935990.476804,1.4065,1.3211,1.3485,1.075,0.9891,1.0138,1.0753,0.9498,0.9254,1.0441,0.9208,0.8835,1.0508,0.9249,0.8894
1748935990.5869062,1.4116,1.3136,1.3434,1.0721,0.9829,1.0084,1.0702,0.949,0.9254,1.0404,0.9195,0.8746,1.0554,0.9246,0.8937
1748935990.700404,1.407,1.3071,1.3321,1.0715,0.9909,1.002,1.0715,0.9469,0.9216,1.0414,0.9144,0.8805,1.05,0.9243,0.8889
1748935990.814483,1.4019,1.3031,1.3367,1.071,0.988,1.0076,1.0648,0.9533,0.923,1.0388,0.9181,0.8733,1.05,0.9278,0.8838
1748935990.9323342,1.4065,1.3152,1.3391,1.0726,0.9909,1.0084,1.0664,0.9445,0.9195,1.0409,0.9098,0.8762,1.0449,0.9265,0.8854
1748935991.042963,1.4006,1.302,1.3307,1.0747,0.9877,1.0089,1.0713,0.9498,0.9189,1.0422,0.916,0.876,1.0441,0.9203,0.8883
1748935991.156286,1.4092,1.3144,1.3361,1.0742,0.9899,1.0087,1.0672,0.9482,0.9224,1.0447,0.9192,0.8792,1.049,0.9292,0.8899
1748935991.270287,1.4009,1.3033,1.338,1.0772,0.9923,1.0057,1.0764,0.9466,0.9208,1.0436,0.9184,0.8784,1.0527,0.9216,0.8907
1748935991.384319,1.3966,1.3004,1.3431,1.0721,0.9907,1.01,1.071,0.9501,0.9168,1.0457,0.9122,0.8779,1.0557,0.9214,0.8881
1748935991.504095,1.4156,1.3023,1.3377,1.0777,0.9866,1.0076,1.0739,0.9528,0.923,1.0519,0.9163,0.8784,1.0465,0.9262,0.8907
1748935991.612635,1.4108,1.3141,1.3436,1.0828,0.9823,0.9998,1.0788,0.9458,0.9224,1.0498,0.9157,0.8776,1.0624,0.927,0.8816
1748935991.726451,1.4127,1.3068,1.334,1.0758,0.9845,1.0084,1.0839,0.9466,0.9214,1.0605,0.9173,0.88,1.0589,0.9297,0.8873
1748935991.840427,1.4137,1.305,1.3334,1.0815,0.9952,1.0151,1.0847,0.9515,0.9214,1.0584,0.916,0.8862,1.0737,0.9254,0.8875
1748935991.954494,1.4105,1.3023,1.3407,1.0863,0.9856,1.0143,1.0884,0.9472,0.9227,1.0632,0.9219,0.877,1.0721,0.9267,0.8894
1748935992.069152,1.4218,1.3055,1.3358,1.0868,0.9888,1.0114,1.0895,0.9498,0.9206,1.0597,0.9241,0.8676,1.0782,0.9386,0.8867
1748935992.182444,1.4167,1.3015,1.3348,1.0987,0.9915,1.0165,1.0965,0.96,0.9181,1.0643,0.9224,0.8808,1.075,0.9321,0.8897
1748935992.2964532,1.4103,1.2982,1.3313,1.0842,0.9971,1.0159,1.0879,0.9574,0.9203,1.0613,0.9206,0.877,1.0729,0.9313,0.8897
1748935992.412246,1.3958,1.2878,1.3154,1.0852,0.9866,1.0162,1.0782,0.9533,0.9214,1.0543,0.9195,0.8789,1.0696,0.9361,0.8843
1748935992.52448,1.3802,1.2716,1.3071,1.086,0.9947,1.0124,1.0713,0.9544,0.9273,1.0471,0.9216,0.8792,1.0637,0.9286,0.8787
1748935992.638423,1.3831,1.2749,1.3213,1.0788,0.9877,1.0089,1.0804,0.9498,0.9206,1.0506,0.9254,0.8757,1.0635,0.9273,0.8838
1748935992.752701,1.3815,1.2778,1.3084,1.0739,0.9874,1.0089,1.0702,0.9498,0.9243,1.0396,0.92,0.8773,1.0616,0.93,0.8967
1748935992.86722,1.3807,1.2792,1.305,1.0721,0.9845,1.0079,1.0734,0.9429,0.9235,1.0439,0.923,0.8859,1.0565,0.9335,0.8867
1748935992.980481,1.3823,1.269,1.3052,1.0737,0.9823,1.0052,1.0745,0.948,0.9206,1.0546,0.9106,0.8795,1.0605,0.9243,0.8905
1748935993.094399,1.3729,1.2819,1.3074,1.0726,0.9861,1.0038,1.0721,0.9461,0.9211,1.0433,0.9184,0.8808,1.0551,0.9329,0.8916
1748935993.208568,1.3874,1.2786,1.3138,1.0756,0.988,1.003,1.067,0.9485,0.9267,1.05,0.9155,0.8805,1.0525,0.9308,0.8854
1748935993.333621,1.3756,1.2631,1.3079,1.0715,0.9888,1.0054,1.0611,0.9517,0.9278,1.0393,0.9184,0.884,1.0503,0.9238,0.8856
1748935993.436436,1.3641,1.2708,1.3009,1.0688,0.9861,1.0017,1.0694,0.9496,0.923,1.0417,0.9235,0.8792,1.0428,0.9243,0.8864
1748935993.550515,1.363,1.2665,1.2964,1.0672,0.9799,1.0028,1.0678,0.9506,0.92,1.0431,0.9198,0.8738,1.0554,0.9267,0.8881
1748935993.6645,1.3616,1.2657,1.2934,1.0688,0.984,1.0065,1.064,0.9485,0.9254,1.0404,0.9071,0.8803,1.0557,0.9262,0.8792
1748935993.781997,1.3616,1.2563,1.2945,1.0696,0.9786,1.0038,1.0613,0.9501,0.9206,1.0417,0.9144,0.8746,1.0511,0.9286,0.8832
1748935993.89307,1.3732,1.2614,1.3007,1.0718,0.9899,1.0073,1.0731,0.9517,0.9254,1.05,0.9211,0.887,1.0525,0.9343,0.8873
1748935994.006447,1.3778,1.2614,1.3009,1.0702,0.9899,1.0022,1.0686,0.9461,0.9232,1.0361,0.9179,0.8902,1.0519,0.9343,0.8891
1748935994.120469,1.3716,1.2574,1.3033,1.0737,0.9837,1.0038,1.0702,0.9477,0.9224,1.0508,0.9243,0.8792,1.0568,0.9235,0.8886
1748935994.234507,1.3769,1.2644,1.295,1.0699,0.9834,1.0044,1.0756,0.9482,0.9238,1.0441,0.9227,0.88,1.0594,0.9313,0.8886
1748935994.349044,1.37,1.2692,1.302,1.078,0.9805,1.0054,1.0696,0.9539,0.9343,1.0398,0.9206,0.8835,1.0535,0.9383,0.8854
1748935994.4625258,1.3737,1.2601,1.3028,1.0721,0.9877,1.0116,1.0718,0.9515,0.92,1.0495,0.9147,0.8803,1.0581,0.9254,0.8864
1748935994.5764859,1.3675,1.2563,1.2988,1.0731,0.9872,1.0119,1.0678,0.9498,0.9125,1.046,0.9257,0.8744,1.0554,0.9297,0.887
1748935994.690447,1.36,1.2663,1.2964,1.0739,0.9874,1.0065,1.0713,0.9517,0.9211,1.0414,0.9232,0.8787,1.0559,0.9321,0.8913
1748935994.804663,1.3654,1.2585,1.2937,1.0696,0.9858,1.003,1.0721,0.9536,0.9224,1.0409,0.9216,0.8776,1.0581,0.9372,0.8886
1748935994.918467,1.36,1.2558,1.2853,1.0699,0.9807,1.0014,1.0696,0.9552,0.9184,1.046,0.9168,0.8832,1.0452,0.927,0.8827
1748935995.0325289,1.3595,1.2491,1.2862,1.075,0.9834,1.006,1.067,0.956,0.9222,1.0412,0.9267,0.8824,1.0447,0.9308,0.8942
1748935995.146778,1.3549,1.2424,1.2837,1.0675,0.9866,1.0089,1.0597,0.9544,0.9173,1.0404,0.9192,0.8754,1.0487,0.9273,0.8835
1748935995.260911,1.3622,1.2555,1.288,1.0742,0.9901,1.0028,1.0624,0.9469,0.9219,1.0347,0.9085,0.8779,1.0433,0.9329,0.8916
1748935995.375152,1.3608,1.251,1.2824,1.0707,0.9802,1.0017,1.0559,0.9509,0.9224,1.0447,0.916,0.8795,1.0495,0.9329,0.8862
1748935995.48854,1.3584,1.2665,1.298,1.0664,0.9815,1.0065,1.0678,0.9506,0.9203,1.05,0.9214,0.883,1.0549,0.9324,0.8902
1748935995.602497,1.3796,1.2733,1.3052,1.0675,0.9815,1.0033,1.0662,0.9517,0.9262,1.0479,0.9195,0.8789,1.0573,0.9251,0.8795
1748935995.719096,1.3799,1.2722,1.3098,1.0718,0.978,1.0044,1.0772,0.9482,0.9224,1.0428,0.9211,0.8864,1.0565,0.9292,0.8856
1748935995.8313909,1.3772,1.2649,1.3017,1.0686,0.9861,1.0052,1.0645,0.949,0.9278,1.0422,0.9219,0.8695,1.0568,0.9286,0.8881
1748935995.944483,1.3632,1.2628,1.2937,1.0694,0.9856,1.0006,1.0694,0.9509,0.9184,1.0433,0.9147,0.8776,1.0503,0.9241,0.8902
1748935996.0586119,1.3643,1.2507,1.287,1.0651,0.9797,1.0052,1.0629,0.9461,0.9189,1.0393,0.9195,0.8741,1.0519,0.9321,0.8926
1748935996.1765928,1.3571,1.2504,1.2859,1.0635,0.9834,1.0044,1.0664,0.9493,0.923,1.0398,0.9189,0.8754,1.0482,0.9356,0.8956
1748935996.28655,1.3493,1.2477,1.2862,1.0667,0.9724,0.9985,1.0635,0.945,0.9208,1.0358,0.9227,0.8752,1.0527,0.9353,0.8937
1748935996.400578,1.3463,1.2504,1.2776,1.0688,0.9864,1.0028,1.0702,0.9515,0.9243,1.0396,0.9222,0.8741,1.0484,0.9238,0.8945
1748935996.514633,1.3512,1.2346,1.2738,1.0608,0.981,0.9982,1.0653,0.9463,0.9163,1.0366,0.9232,0.8768,1.0535,0.9259,0.8899
1748935996.63064,1.3565,1.2467,1.2794,1.0645,0.9786,1.0063,1.0683,0.948,0.9265,1.0414,0.9163,0.8719,1.0527,0.9294,0.8819
1748935996.7425249,1.3649,1.262,1.3039,1.0745,0.9759,1.0073,1.0796,0.9455,0.9189,1.0471,0.9206,0.8819,1.0495,0.9281,0.8899
1748935996.856628,1.3941,1.2969,1.3235,1.0807,0.9834,0.9974,1.0747,0.9431,0.9259,1.0522,0.9206,0.8803,1.0645,0.9308,0.8905
1748935996.974735,1.4283,1.3224,1.356,1.0882,0.9904,1.0087,1.082,0.9517,0.9275,1.0608,0.9173,0.8741,1.0664,0.9297,0.8797
1748935997.084621,1.4449,1.3423,1.3775,1.0917,0.9931,1.0108,1.0807,0.9434,0.9222,1.0551,0.916,0.8846,1.0653,0.9227,0.8894
1748935997.198604,1.443,1.352,1.378,1.0884,0.9947,1.0205,1.0785,0.9426,0.9214,1.0514,0.9179,0.8744,1.0683,0.9292,0.8934
1748935997.3127449,1.4527,1.3571,1.3804,1.0812,0.9977,1.0202,1.0772,0.9431,0.9267,1.0584,0.9157,0.8856,1.0581,0.9251,0.8937
1748935997.4286091,1.4524,1.3485,1.3847,1.0858,1.0046,1.0213,1.0758,0.9472,0.9179,1.0621,0.9133,0.8787,1.0565,0.9321,0.8899
1748935997.5413198,1.435,1.3369,1.3657,1.0825,0.999,1.0159,1.0662,0.9501,0.9254,1.0508,0.9144,0.8784,1.0533,0.9284,0.883
1748935997.654599,1.4127,1.3248,1.3533,1.0726,1.0003,1.0127,1.0675,0.948,0.927,1.0393,0.9208,0.869,1.0516,0.9251,0.8824
1748935997.768787,1.41,1.3095,1.3393,1.0812,0.9909,1.0154,1.0643,0.9453,0.9243,1.0379,0.9187,0.8795,1.0406,0.9259,0.8945
1748935997.895256,1.4073,1.3066,1.3372,1.0739,0.9928,1.0108,1.0645,0.9506,0.9259,1.0398,0.9171,0.8768,1.0433,0.927,0.8867
1748935997.9965498,1.3987,1.2937,1.331,1.075,0.9915,1.0038,1.0667,0.9461,0.923,1.0363,0.9238,0.8873,1.0436,0.9238,0.8867
1748935998.110621,1.3923,1.2929,1.3189,1.0723,0.9907,1.0089,1.0667,0.9442,0.92,1.0285,0.9195,0.8736,1.0428,0.9308,0.8881
1748935998.224792,1.3939,1.2937,1.3246,1.0715,0.9869,1.0071,1.0621,0.9477,0.9173,1.0277,0.9187,0.8787,1.0431,0.9294,0.8824
1748935998.338636,1.3931,1.299,1.3275,1.0713,0.9834,1.0044,1.071,0.956,0.9227,1.0358,0.9171,0.8835,1.0468,0.9278,0.8937
1748935998.452636,1.3955,1.2996,1.3326,1.0756,0.9858,1.0036,1.0589,0.9501,0.9262,1.0377,0.9104,0.876,1.0479,0.9222,0.8846
1748935998.5666509,1.388,1.2894,1.3235,1.0713,0.9866,1.0111,1.0586,0.9485,0.9227,1.0353,0.9061,0.883,1.0471,0.9265,0.8881
1748935998.689739,1.388,1.2832,1.3168,1.0694,0.9907,1.0003,1.0656,0.9477,0.9241,1.0304,0.9176,0.8768,1.0449,0.9249,0.8961
1748935998.7946482,1.3786,1.2813,1.3127,1.0656,0.9799,0.9974,1.0664,0.9482,0.9257,1.0339,0.9128,0.8803,1.042,0.9216,0.8905
1748935998.908654,1.3812,1.2746,1.3095,1.0621,0.984,0.9947,1.0707,0.9421,0.9238,1.0366,0.9163,0.8803,1.0401,0.9241,0.8937
1748935999.022679,1.3681,1.2682,1.3015,1.0651,0.9786,1.0017,1.0637,0.9517,0.9243,1.0272,0.9176,0.8738,1.0374,0.9251,0.8921
1748935999.138473,1.3611,1.2671,1.3015,1.067,0.9805,0.9936,1.0616,0.9515,0.9211,1.0283,0.9216,0.8792,1.0457,0.9227,0.8843
1748935999.250734,1.3662,1.2649,1.2977,1.0594,0.9724,1.0003,1.0511,0.945,0.9254,1.0334,0.9128,0.8795,1.0388,0.9249,0.8848
1748935999.364758,1.3641,1.2698,1.2974,1.0584,0.9751,1.0001,1.0589,0.9445,0.9227,1.0361,0.9179,0.8787,1.0476,0.9313,0.8937
1748935999.4786031,1.3555,1.2631,1.2913,1.0581,0.9748,0.995,1.0487,0.9501,0.9214,1.0296,0.916,0.8784,1.035,0.9241,0.8859
1748935999.5942452,1.359,1.2609,1.2918,1.0538,0.9845,0.996,1.0546,0.9509,0.92,1.0253,0.9117,0.876,1.0388,0.9243,0.8894
1748935999.707229,1.3514,1.2612,1.2905,1.0554,0.9845,0.9987,1.0562,0.9434,0.9243,1.0342,0.9109,0.8789,1.0369,0.9227,0.8902
1748935999.820684,1.3579,1.2625,1.2886,1.0624,0.9805,1.0052,1.0573,0.9488,0.9211,1.0347,0.912,0.8746,1.0417,0.9251,0.8846
1748935999.934749,1.3557,1.2679,1.2953,1.0621,0.9783,0.9952,1.0568,0.9474,0.9294,1.0328,0.9152,0.8773,1.0471,0.9254,0.8894
1748936000.048675,1.3659,1.2781,1.306,1.0613,0.9786,0.9993,1.068,0.949,0.9181,1.0371,0.9141,0.8827,1.0519,0.9257,0.8854
1748936000.162755,1.3791,1.273,1.3093,1.0621,0.9893,1.0011,1.0611,0.9474,0.927,1.0363,0.9133,0.8797,1.0353,0.923,0.8832
1748936000.2768111,1.3874,1.2899,1.3195,1.0664,0.9845,0.9987,1.0667,0.9541,0.9267,1.0358,0.9192,0.8746,1.0511,0.9289,0.8805
1748936000.390732,1.399,1.2982,1.3329,1.0739,0.9866,1.0097,1.0621,0.9469,0.923,1.046,0.9195,0.8768,1.0482,0.927,0.8918
1748936000.504755,1.4095,1.306,1.3485,1.0745,0.9901,1.0114,1.0653,0.9498,0.9214,1.0385,0.9198,0.8768,1.0396,0.9257,0.8905
1748936000.618885,1.4232,1.323,1.3517,1.071,0.9966,1.0191,1.0702,0.9504,0.9289,1.0428,0.9138,0.8797,1.0557,0.9329,0.8878
1748936000.737587,1.4304,1.3326,1.3657,1.0761,0.995,1.0181,1.0675,0.9541,0.9259,1.0385,0.9136,0.8773,1.0492,0.9332,0.8867
1748936000.846705,1.4291,1.3404,1.3705,1.0707,1.0068,1.0189,1.0696,0.9515,0.92,1.0436,0.9187,0.8789,1.046,0.927,0.8897
1748936000.960717,1.4401,1.3477,1.381,1.0782,1.0014,1.0232,1.0653,0.9517,0.9292,1.0369,0.9155,0.8719,1.0455,0.9214,0.895
1748936001.077209,1.4438,1.3528,1.3831,1.0761,1.0065,1.0208,1.0602,0.949,0.9243,1.0315,0.9206,0.8821,1.0374,0.9275,0.8875
1748936001.189455,1.4417,1.3506,1.3812,1.0769,1.0084,1.0248,1.0637,0.9455,0.9321,1.032,0.9165,0.8765,1.042,0.9337,0.8894
1748936001.3027442,1.4331,1.3428,1.3743,1.0742,1.002,1.0269,1.0568,0.9552,0.927,1.0304,0.9157,0.8784,1.0369,0.9275,0.8862
1748936001.416776,1.4299,1.3399,1.3619,1.0696,1.0038,1.0194,1.0559,0.9515,0.9302,1.0202,0.9157,0.8819,1.0433,0.9313,0.8905
1748936001.530869,1.4261,1.3418,1.3657,1.0696,0.9995,1.0186,1.0597,0.9576,0.9289,1.0285,0.9098,0.8733,1.0382,0.9227,0.8913
1748936001.649861,1.4283,1.335,1.3595,1.0739,1.0073,1.0162,1.0586,0.949,0.9345,1.028,0.9179,0.8754,1.0385,0.9189,0.8924
1748936001.7587242,1.4232,1.331,1.3573,1.0691,1.0017,1.0251,1.0551,0.949,0.9348,1.0221,0.9125,0.8752,1.0326,0.9216,0.8918
1748936001.87304,1.4245,1.3332,1.3544,1.0694,1.0111,1.0173,1.057,0.952,0.934,1.0326,0.9176,0.8803,1.0431,0.9211,0.8821
1748936001.987464,1.4342,1.3461,1.3769,1.071,1.0071,1.0221,1.0508,0.9453,0.9313,1.0323,0.9155,0.8787,1.0382,0.9235,0.8878
1748936002.100755,1.4516,1.3622,1.3909,1.0718,1.0124,1.0232,1.0562,0.9536,0.9329,1.0371,0.916,0.8781,1.039,0.9294,0.894
1748936002.214804,1.4548,1.3764,1.4025,1.0772,1.0162,1.0259,1.0525,0.9579,0.9337,1.0304,0.9155,0.8832,1.0355,0.9246,0.8924
1748936002.3289442,1.4538,1.3692,1.4033,1.0718,1.0103,1.0248,1.0573,0.9622,0.9284,1.0272,0.9179,0.8779,1.0363,0.9219,0.8854
1748936002.44416,1.4543,1.3598,1.3917,1.0721,1.0157,1.0272,1.0616,0.9458,0.9324,1.0237,0.9155,0.8795,1.0377,0.9292,0.8878
1748936002.556747,1.4336,1.3509,1.3845,1.0672,1.0114,1.0248,1.0554,0.9504,0.9316,1.02,0.9157,0.8698,1.028,0.9203,0.8886
1748936002.6708648,1.4315,1.3431,1.3732,1.0707,1.0052,1.0245,1.0619,0.9512,0.9305,1.0272,0.9243,0.8762,1.0323,0.9214,0.8891
1748936002.7886221,1.4264,1.3361,1.3654,1.0694,1.0036,1.024,1.0621,0.9544,0.9372,1.0226,0.9187,0.8738,1.0379,0.9289,0.8918
1748936002.8995059,1.4256,1.3356,1.3632,1.0694,0.9974,1.0226,1.0522,0.9576,0.9262,1.0299,0.9117,0.8795,1.0291,0.9224,0.8886
1748936003.0128288,1.4162,1.3337,1.3622,1.064,1.0068,1.0194,1.049,0.9512,0.9326,1.0264,0.9181,0.8808,1.0363,0.9273,0.8899
1748936003.126807,1.4092,1.3262,1.3533,1.0656,1.0028,1.0202,1.0584,0.952,0.9267,1.0173,0.9163,0.8792,1.0382,0.9243,0.8875
1748936003.240855,1.403,1.3162,1.3495,1.0705,0.9966,1.021,1.0568,0.9579,0.9289,1.0202,0.9087,0.8779,1.0414,0.9308,0.8803
1748936003.356431,1.3906,1.3087,1.3412,1.0594,0.9947,1.0194,1.0514,0.9525,0.9359,1.0186,0.9163,0.8762,1.0277,0.9216,0.8937
