timestamp,R0C0,R0C1,R0C2,R1C0,R1C1,R1C2,R2C0,R2C1,R2C2,R3C0,R3C1,R3C2,R4C0,R4C1,R4C2
1748935930.371871,1.5773,1.5182,1.5558,1.2037,1.1177,1.1486,1.1322,1.0713,1.0371,1.0396,0.9625,0.9219,1.0299,0.9568,0.8848
1748935930.3744938,1.5464,1.4798,1.5056,1.1908,1.1244,1.1465,1.1239,1.0683,1.0285,1.0369,0.9686,0.9012,1.0159,0.9552,0.8819
1748935930.4109519,1.6182,1.554,1.5921,1.1924,1.1459,1.1666,1.1218,1.0651,1.0452,1.0154,0.9431,0.9042,1.0269,0.9638,0.8967
1748935930.506156,1.5741,1.5258,1.5481,1.1827,1.1446,1.1607,1.1105,1.0637,1.0269,1.0097,0.9584,0.9087,1.0124,0.9404,0.8741
1748935930.621569,1.5698,1.4884,1.5102,1.1725,1.0933,1.1333,1.1129,1.0576,1.0242,0.9934,0.923,0.8999,1.0256,0.9439,0.8808
1748935930.734078,1.5293,1.4605,1.4844,1.151,1.0968,1.1266,1.0925,1.0543,1.0041,1.0054,0.9541,0.9004,1.0022,0.9407,0.9093
1748935930.84802,1.4908,1.4191,1.4492,1.1572,1.0772,1.0866,1.1046,1.0568,1.0237,1.0119,0.9394,0.9104,1.0068,0.9463,0.8741
1748935930.9619122,1.4828,1.4011,1.4503,1.1368,1.0726,1.0997,1.0893,1.0393,1.0175,1.0014,0.9378,0.8843,1.0119,0.966,0.8862
1748935931.075969,1.4702,1.3947,1.4207,1.1363,1.0525,1.086,1.075,1.042,1.0068,1.0003,0.9437,0.8956,1.0205,0.9407,0.8846
1748935931.196136,1.4548,1.3839,1.4186,1.1398,1.0541,1.0632,1.0954,1.0648,1.0181,1.0143,0.9286,0.9055,0.995,0.9431,0.8832
1748935931.304585,1.3627,1.2969,1.3418,1.0911,1.0406,1.0573,1.0852,1.0175,1.0205,1.0452,0.9592,0.9641,1.0191,0.9367,0.8991
1748935931.4179132,1.4489,1.3748,1.4097,1.132,1.0229,1.0578,1.096,1.0261,0.999,1.0302,0.941,0.8894,1.0425,0.9509,0.8776
1748935931.532126,1.6894,1.5736,1.6123,1.2625,1.0906,1.1196,1.2136,1.0471,1.0205,1.1739,0.9426,0.9184,1.1392,0.9512,0.8899
1748935931.645986,1.8019,1.7014,1.7323,1.3367,1.1325,1.1658,1.3098,1.0672,0.999,1.251,0.967,0.8975,1.2375,0.9756,0.8773
1748935931.763996,1.8486,1.7302,1.7509,1.3568,1.1621,1.1962,1.3485,1.039,0.9899,1.2921,0.9415,0.8907,1.2891,0.9641,0.8945
1748935931.8746529,1.7893,1.6942,1.7006,1.3146,1.1446,1.1782,1.3246,1.0307,0.999,1.2625,0.952,0.883,1.2746,0.9541,0.8784
1748935931.987941,1.796,1.688,1.7149,1.324,1.1441,1.1712,1.32,1.0205,0.9622,1.2652,0.9501,0.8776,1.2518,0.9496,0.8948
1748935932.101995,1.7495,1.6337,1.6566,1.2851,1.1145,1.1545,1.2652,1.0291,0.9845,1.2303,0.9576,0.8819,1.2252,0.9558,0.8945
1748935932.2173078,1.71,1.6284,1.6346,1.2593,1.1207,1.1548,1.2472,1.0318,0.9834,1.1997,0.9453,0.8862,1.1954,0.9574,0.887
1748935932.330094,1.7546,1.6663,1.6872,1.2671,1.1295,1.1451,1.2472,1.0132,0.9729,1.2015,0.9375,0.8811,1.1903,0.9536,0.891
1748935932.444151,1.8116,1.7087,1.7296,1.3098,1.1567,1.1865,1.3203,1.0046,0.978,1.2571,0.9517,0.8916,1.2579,0.9719,0.8867
1748935932.557971,1.8905,1.7957,1.8247,1.3498,1.1876,1.2126,1.3705,1.0097,0.9662,1.3224,0.9458,0.8964,1.3479,0.9746,0.9061
1748935932.676088,1.9757,1.8747,1.8897,1.3735,1.23,1.2504,1.4323,1.0175,0.9474,1.3826,0.9643,0.8666,1.3831,0.9563,0.895
1748935932.785971,1.9091,1.8046,1.8336,1.3412,1.2228,1.2287,1.389,1.0202,0.9737,1.331,0.9807,0.8907,1.3533,0.9668,0.9069
1748935932.900054,1.9102,1.8116,1.8143,1.3377,1.2316,1.234,1.3896,1.0224,0.9555,1.3549,0.9485,0.8727,1.367,0.9909,0.8969
1748935933.018778,1.9083,1.8003,1.8242,1.3388,1.2139,1.2327,1.3909,1.0181,0.9606,1.3401,0.9692,0.8652,1.3493,0.9772,0.8985
1748935933.1280708,1.8932,1.7758,1.8089,1.3216,1.2061,1.2289,1.3619,1.0248,0.9523,1.3219,0.9474,0.8768,1.3385,0.9748,0.8832
1748935933.2420638,1.8975,1.789,1.8075,1.3109,1.2042,1.2233,1.3608,1.0087,0.9453,1.3192,0.966,0.8762,1.3119,0.9539,0.8854
1748935933.3560052,1.9123,1.8008,1.8231,1.3262,1.2053,1.2408,1.3839,1.0124,0.9574,1.3316,0.9579,0.876,1.3453,0.9883,0.8819
1748935933.470098,1.9462,1.8537,1.8519,1.3439,1.2249,1.2469,1.389,1.0108,0.9512,1.3678,0.9523,0.8851,1.3718,0.9797,0.8781
1748935933.590069,1.9564,1.858,1.8717,1.3442,1.2265,1.2246,1.4229,1.0119,0.9582,1.3702,0.963,0.877,1.3799,0.9606,0.8878
1748935933.6980438,1.9368,1.8237,1.843,1.3377,1.2088,1.2397,1.3941,1.0157,0.9584,1.374,0.9421,0.8676,1.374,0.9737,0.8883
1748935933.8119848,1.9204,1.8296,1.8484,1.3479,1.2214,1.2297,1.3979,1.0114,0.9515,1.363,0.9662,0.8687,1.3716,0.9665,0.8902
1748935933.9261088,1.9193,1.7952,1.8126,1.3205,1.2074,1.2198,1.3724,1.0312,0.9439,1.3316,0.9418,0.8604,1.3361,0.9681,0.8967
1748935934.043456,1.9048,1.8046,1.8183,1.3074,1.2015,1.2061,1.3764,1.0229,0.9415,1.3136,0.9582,0.8746,1.3428,0.9684,0.9053
1748935934.154528,1.8967,1.796,1.796,1.3173,1.1911,1.2023,1.3512,1.0138,0.949,1.3216,0.9533,0.8703,1.3098,0.9509,0.8929
1748935934.268091,1.9107,1.8194,1.8344,1.3031,1.2029,1.2128,1.3571,0.9893,0.9463,1.3101,0.9442,0.8851,1.302,0.9654,0.8781
1748935934.382134,1.9112,1.8277,1.8376,1.3299,1.1991,1.2163,1.3434,1.0071,0.9399,1.3033,0.9686,0.8918,1.3044,0.9711,0.8881
1748935934.503453,1.9085,1.8148,1.836,1.3076,1.2029,1.2045,1.3337,1.0041,0.9329,1.3017,0.9423,0.8727,1.305,0.9737,0.8983
1748935934.6106439,1.8849,1.7807,1.8027,1.3052,1.1983,1.2144,1.3181,1.0006,0.938,1.2813,0.9442,0.8727,1.3055,0.956,0.8907
1748935934.724086,1.8795,1.7729,1.807,1.3009,1.1771,1.1983,1.3138,0.9901,0.9498,1.2913,0.9668,0.8749,1.2982,0.9356,0.8765
1748935934.838103,1.8742,1.7882,1.7992,1.291,1.1669,1.1927,1.3106,0.9915,0.9445,1.2647,0.9345,0.8967,1.2958,0.9568,0.8934
1748935934.9543161,1.8967,1.8014,1.8199,1.2757,1.1677,1.1774,1.3133,0.9931,0.9461,1.2625,0.9536,0.8727,1.2837,0.9472,0.8891
1748935935.066092,1.8511,1.7439,1.7767,1.2851,1.1688,1.1696,1.3141,0.9944,0.9469,1.2636,0.9396,0.8671,1.2714,0.9547,0.8717
1748935935.180375,1.8414,1.7536,1.7707,1.2751,1.1548,1.1655,1.2751,0.996,0.9292,1.2499,0.9558,0.8784,1.241,0.9568,0.8964
1748935935.2958689,1.864,1.7673,1.7707,1.2641,1.1521,1.1516,1.2851,0.9891,0.941,1.2671,0.9367,0.8805,1.2496,0.9622,0.8913
1748935935.408216,1.8562,1.7546,1.7646,1.2843,1.1435,1.1806,1.2829,0.9896,0.9437,1.2432,0.9345,0.8819,1.2555,0.9646,0.8862
1748935935.522092,1.8153,1.7168,1.7302,1.2636,1.1457,1.172,1.2835,0.988,0.9383,1.2483,0.9493,0.8811,1.2365,0.9512,0.8921
1748935935.63623,1.8465,1.7616,1.7785,1.2622,1.1403,1.1513,1.2695,0.9853,0.9372,1.2297,0.9361,0.8746,1.2434,0.9512,0.8907
1748935935.750276,1.8223,1.7143,1.7318,1.2606,1.1441,1.1492,1.2802,0.9842,0.9477,1.2367,0.9404,0.8808,1.2577,0.9485,0.895
1748935935.864201,1.821,1.7154,1.731,1.2502,1.125,1.1451,1.2652,0.9842,0.9394,1.2203,0.9404,0.8811,1.2303,0.9509,0.8889
1748935935.9782,1.8194,1.7267,1.7436,1.233,1.1274,1.1363,1.2515,0.9934,0.9388,1.2023,0.9353,0.8784,1.2099,0.9423,0.8902
1748935936.092061,1.7898,1.7063,1.7229,1.2287,1.1228,1.1347,1.2378,0.9915,0.9404,1.2085,0.948,0.876,1.2139,0.9461,0.8916
1748935936.206547,1.8169,1.7181,1.7466,1.2316,1.1228,1.1357,1.2424,0.9888,0.9364,1.2123,0.9399,0.8765,1.2179,0.9431,0.8958
1748935936.320159,1.8221,1.7364,1.7503,1.2563,1.1349,1.1438,1.2488,0.9899,0.9404,1.2056,0.9378,0.8803,1.2166,0.9517,0.8961
1748935936.434365,1.8049,1.7047,1.7235,1.237,1.1341,1.1451,1.233,0.988,0.9402,1.1994,0.9356,0.8752,1.2115,0.9445,0.8856
1748935936.5482812,1.796,1.7114,1.7288,1.2365,1.1387,1.1465,1.2316,0.9915,0.9345,1.2015,0.9383,0.884,1.2058,0.9431,0.8926
1748935936.662615,1.8452,1.7646,1.7842,1.2343,1.1261,1.1411,1.233,0.9909,0.9399,1.1962,0.9345,0.8736,1.2123,0.9445,0.8838
1748935936.7768698,1.8871,1.8132,1.8347,1.2421,1.125,1.1489,1.2276,0.9874,0.9439,1.1889,0.9351,0.876,1.1924,0.9463,0.8932
1748935936.890274,1.8699,1.7955,1.8113,1.2421,1.1333,1.1497,1.2236,0.9885,0.9423,1.176,0.9418,0.88,1.1921,0.9512,0.8843
1748935937.0042539,1.9096,1.8519,1.8645,1.2502,1.1443,1.1629,1.2241,0.9845,0.9369,1.183,0.9394,0.8816,1.1921,0.9525,0.8913
1748935937.118731,1.879,1.8221,1.8387,1.2362,1.1486,1.1612,1.215,0.9885,0.9369,1.1709,0.9364,0.8714,1.1841,0.9493,0.8873
1748935937.2323358,1.8567,1.7995,1.8089,1.2287,1.1406,1.154,1.2072,0.9885,0.9332,1.1733,0.9356,0.8765,1.1806,0.9472,0.9012
1748935937.346269,1.8661,1.7976,1.8129,1.2338,1.1381,1.1553,1.2088,0.9842,0.9407,1.1744,0.9404,0.8824,1.1916,0.9485,0.8859
1748935937.460372,1.8473,1.7775,1.7904,1.2308,1.1328,1.1446,1.2085,0.9829,0.9388,1.1717,0.9345,0.8795,1.1835,0.9485,0.894
1748935937.575472,1.8427,1.7713,1.7807,1.2187,1.1293,1.1411,1.1978,0.9802,0.9383,1.172,0.9343,0.8787,1.1744,0.9469,0.8878
1748935937.688189,1.8376,1.7651,1.7853,1.2115,1.1306,1.14,1.2015,0.9805,0.9399,1.1637,0.9375,0.8797,1.1583,0.9482,0.8805
1748935937.802262,1.8492,1.7796,1.7922,1.2233,1.1295,1.1379,1.2007,0.978,0.9351,1.1607,0.9305,0.8824,1.1696,0.9496,0.8864
1748935937.9164648,1.8363,1.7748,1.7758,1.223,1.1196,1.1411,1.1895,0.9845,0.9361,1.1484,0.9356,0.8757,1.1629,0.938,0.8848
1748935938.030561,1.8312,1.7597,1.7681,1.2305,1.1215,1.1398,1.1943,0.9754,0.9396,1.1602,0.9356,0.8821,1.1696,0.9426,0.8886
1748935938.144759,1.8011,1.7275,1.7442,1.2134,1.1207,1.132,1.1865,0.9832,0.941,1.1526,0.93,0.8797,1.1623,0.938,0.887
1748935938.258241,1.8175,1.7484,1.7546,1.2072,1.1167,1.1357,1.1841,0.9791,0.9292,1.1462,0.9289,0.88,1.1591,0.9386,0.8878
1748935938.372232,1.821,1.7576,1.7656,1.2085,1.1145,1.1279,1.1728,0.9799,0.9343,1.147,0.931,0.8808,1.1545,0.9359,0.8891
1748935938.4869199,1.8008,1.7339,1.7417,1.2034,1.1056,1.1263,1.1755,0.9732,0.9383,1.1427,0.9329,0.8779,1.1532,0.9361,0.887
1748935938.6003578,1.7812,1.7039,1.7278,1.2021,1.1035,1.125,1.1835,0.974,0.9388,1.1462,0.9292,0.8808,1.1545,0.9461,0.8924
1748935938.714257,1.7788,1.7165,1.7248,1.2085,1.1043,1.1255,1.1835,0.9837,0.9343,1.1492,0.9294,0.8789,1.1494,0.9434,0.8934
1748935938.828487,1.8006,1.7326,1.7439,1.2077,1.1089,1.1244,1.1749,0.9778,0.9391,1.1424,0.9326,0.8824,1.147,0.9364,0.8889
1748935938.942254,1.8105,1.745,1.7616,1.2034,1.1158,1.1306,1.1768,0.9805,0.9378,1.1443,0.9321,0.8816,1.1465,0.9447,0.8889
1748935939.056201,1.8008,1.7275,1.7425,1.1983,1.1021,1.1263,1.1755,0.9786,0.9351,1.1333,0.9321,0.8805,1.1398,0.9391,0.8937
1748935939.170302,1.7853,1.7194,1.7315,1.2037,1.1086,1.125,1.1704,0.9853,0.9426,1.1427,0.9388,0.877,1.1432,0.9399,0.8881
1748935939.288893,1.7729,1.7025,1.7248,1.1997,1.1067,1.1207,1.1725,0.9751,0.9356,1.1341,0.9383,0.8779,1.1518,0.9466,0.8918
1748935939.398884,1.774,1.6982,1.7262,1.2032,1.1078,1.1287,1.1792,0.9756,0.9289,1.1416,0.9308,0.8776,1.1524,0.9439,0.8905
1748935939.512481,1.775,1.7135,1.7264,1.1999,1.1089,1.1266,1.1768,0.9789,0.9351,1.1381,0.9259,0.8779,1.1561,0.9469,0.887
1748935939.626252,1.7828,1.7146,1.7275,1.2037,1.1193,1.1312,1.1739,0.9815,0.934,1.1381,0.9278,0.887,1.1467,0.9431,0.8878
1748935939.740237,1.7976,1.7275,1.7407,1.2042,1.1137,1.129,1.172,0.981,0.9348,1.136,0.9361,0.8816,1.1424,0.9345,0.8848
1748935939.8568032,1.7938,1.7259,1.7463,1.2147,1.1148,1.1322,1.1741,0.9797,0.9345,1.1338,0.9278,0.8811,1.1449,0.945,0.891
1748935939.968256,1.7785,1.7202,1.7283,1.2042,1.1161,1.1274,1.168,0.978,0.9442,1.1293,0.9305,0.8765,1.1438,0.9407,0.891
1748935940.0864398,1.7705,1.6988,1.7178,1.2032,1.114,1.1239,1.1747,0.9772,0.9364,1.136,0.9267,0.8765,1.1379,0.938,0.8859
1748935940.1965508,1.7664,1.6969,1.7106,1.2005,1.1083,1.1196,1.172,0.9789,0.9372,1.1414,0.927,0.8776,1.1441,0.9332,0.8913
1748935940.310305,1.7621,1.6918,1.7031,1.1975,1.1091,1.1234,1.1647,0.9815,0.9353,1.1306,0.9267,0.8816,1.1322,0.9396,0.8838
1748935940.4243279,1.7522,1.6805,1.7001,1.1943,1.1062,1.1247,1.1658,0.9762,0.9332,1.1266,0.9278,0.8779,1.1355,0.9356,0.8942
1748935940.538291,1.7638,1.6894,1.7047,1.1951,1.1113,1.1239,1.1639,0.9668,0.9345,1.1258,0.9243,0.8784,1.132,0.9375,0.8875
1748935940.6558201,1.7753,1.7022,1.7068,1.2128,1.1062,1.1242,1.1626,0.9716,0.9386,1.1242,0.9203,0.8808,1.1322,0.9402,0.8889
1748935940.766478,1.7664,1.6891,1.7047,1.2037,1.104,1.1218,1.1586,0.9689,0.9351,1.1242,0.9227,0.88,1.1347,0.9359,0.8862
1748935940.880285,1.7871,1.7208,1.7302,1.2005,1.1105,1.1231,1.165,0.9686,0.9402,1.1285,0.9211,0.8779,1.1306,0.9316,0.8891
1748935940.9943092,1.7767,1.7076,1.7192,1.1986,1.1161,1.1199,1.168,0.9751,0.93,1.1293,0.9235,0.8652,1.136,0.9289,0.8905
1748935941.1083362,1.8019,1.7342,1.7404,1.201,1.115,1.1269,1.1553,0.9711,0.9351,1.1279,0.9273,0.877,1.1408,0.9321,0.8894
1748935941.225572,1.7917,1.727,1.7385,1.2126,1.1175,1.1285,1.1623,0.9678,0.9383,1.1285,0.9149,0.8789,1.1422,0.9343,0.8891
1748935941.3370109,1.778,1.7184,1.7286,1.2013,1.1102,1.1314,1.1599,0.9692,0.9292,1.1258,0.927,0.8816,1.1349,0.9359,0.887
1748935941.450318,1.7815,1.7108,1.7219,1.2048,1.1156,1.1244,1.1553,0.9643,0.9254,1.1231,0.9216,0.8803,1.1371,0.9356,0.8889
1748935941.564322,1.7885,1.7229,1.7347,1.215,1.1145,1.129,1.1669,0.9719,0.9284,1.1317,0.9289,0.8773,1.1432,0.9375,0.8848
1748935941.6786969,1.775,1.709,1.7192,1.2091,1.1193,1.1352,1.1758,0.9689,0.9318,1.1371,0.9227,0.8768,1.1443,0.9329,0.8897
1748935941.792437,1.7554,1.6783,1.691,1.1959,1.1097,1.1239,1.1688,0.9692,0.9383,1.1376,0.9224,0.8727,1.1475,0.9316,0.8921
1748935941.9063628,1.7329,1.6534,1.666,1.1956,1.103,1.1247,1.1672,0.9708,0.9407,1.1244,0.9273,0.8754,1.1443,0.9455,0.8905
1748935942.020324,1.7133,1.6278,1.6536,1.1962,1.0976,1.1156,1.1588,0.9708,0.931,1.1258,0.9321,0.8711,1.1384,0.9388,0.8897
1748935942.134515,1.7074,1.6176,1.6466,1.1873,1.0973,1.1129,1.1658,0.9692,0.93,1.1357,0.9241,0.8762,1.1406,0.9345,0.8921
1748935942.248817,1.7611,1.6861,1.7068,1.1932,1.0936,1.1134,1.165,0.9684,0.9316,1.1223,0.9292,0.8808,1.1376,0.9294,0.8916
1748935942.362282,1.7777,1.7052,1.7181,1.1935,1.0884,1.1183,1.1623,0.9646,0.93,1.1231,0.9214,0.8684,1.1352,0.9324,0.8902
1748935942.47633,1.7305,1.6652,1.6805,1.1825,1.0887,1.1094,1.1526,0.9646,0.9284,1.1218,0.9216,0.8765,1.136,0.9316,0.8875
1748935942.590348,1.7146,1.6394,1.6617,1.1776,1.0927,1.0992,1.1521,0.966,0.9372,1.1172,0.9254,0.8811,1.1215,0.9369,0.884
1748935942.708695,1.7065,1.6305,1.6555,1.1704,1.0828,1.1035,1.1451,0.9652,0.9343,1.1196,0.9238,0.8779,1.1218,0.9284,0.8873
1748935942.818893,1.713,1.634,1.6469,1.1838,1.086,1.1008,1.147,0.9719,0.9292,1.1097,0.9232,0.8832,1.1242,0.931,0.8881
1748935942.932485,1.7033,1.6233,1.6474,1.1744,1.0839,1.1051,1.1548,0.9641,0.9275,1.1148,0.9243,0.8768,1.125,0.9273,0.8913
1748935943.046528,1.7012,1.6195,1.6423,1.1752,1.0809,1.0944,1.1449,0.9646,0.9302,1.1062,0.9251,0.8711,1.1218,0.9364,0.8945
1748935943.1604311,1.7076,1.6096,1.6372,1.1771,1.0823,1.0954,1.1435,0.966,0.931,1.1145,0.9289,0.8795,1.1193,0.9289,0.8878
1748935943.274567,1.7229,1.6413,1.6633,1.1809,1.079,1.0979,1.1454,0.9692,0.9257,1.1167,0.9181,0.8717,1.1295,0.9273,0.8862
1748935943.388609,1.7396,1.6598,1.6899,1.1956,1.0957,1.1094,1.1548,0.9686,0.9386,1.1244,0.9208,0.8784,1.1341,0.9353,0.887
1748935943.502419,1.7425,1.6633,1.6864,1.2045,1.0941,1.1134,1.1666,0.9719,0.9313,1.1389,0.9273,0.8757,1.1389,0.934,0.8916
1748935943.616555,1.7412,1.6641,1.6834,1.2053,1.1056,1.1218,1.1717,0.9665,0.9321,1.1389,0.9262,0.876,1.1505,0.9356,0.8916
1748935943.730557,1.7229,1.6337,1.6566,1.1964,1.1027,1.1175,1.1685,0.9719,0.9335,1.1395,0.9281,0.8711,1.1551,0.9359,0.8905
1748935943.845365,1.6877,1.5994,1.6115,1.1986,1.0954,1.1118,1.1588,0.9708,0.9297,1.133,0.93,0.8768,1.1363,0.9372,0.8891
1748935943.958453,1.6891,1.6007,1.6233,1.1843,1.0844,1.1067,1.154,0.9716,0.9281,1.1253,0.9281,0.8706,1.1282,0.9394,0.8975
1748935944.07249,1.7082,1.616,1.6305,1.1766,1.0839,1.103,1.158,0.9676,0.9227,1.1193,0.9308,0.8765,1.133,0.9353,0.8813
1748935944.188749,1.7294,1.645,1.6687,1.1892,1.0868,1.1132,1.1591,0.9676,0.9324,1.1156,0.9292,0.8824,1.1228,0.9375,0.8897
1748935944.300607,1.7401,1.6671,1.6724,1.1868,1.0842,1.1043,1.158,0.974,0.9351,1.125,0.9265,0.8749,1.1333,0.934,0.8851
1748935944.414523,1.7205,1.6367,1.6657,1.1827,1.0836,1.1027,1.1518,0.9652,0.9302,1.1137,0.931,0.8776,1.1244,0.9359,0.8883
1748935944.528459,1.6818,1.6034,1.6182,1.1723,1.079,1.1003,1.1465,0.9729,0.9289,1.1134,0.9284,0.8808,1.1204,0.9351,0.8864
1748935944.642515,1.6848,1.6047,1.6217,1.1725,1.0756,1.0938,1.1449,0.9775,0.9329,1.1177,0.9275,0.8779,1.1183,0.9367,0.8862
1748935944.757094,1.6716,1.5857,1.5988,1.1631,1.0696,1.0898,1.1328,0.9649,0.9313,1.1142,0.927,0.8792,1.1161,0.9364,0.8848
1748935944.8704588,1.6646,1.5752,1.5961,1.1666,1.0788,1.089,1.1422,0.9665,0.931,1.1156,0.9267,0.8744,1.1153,0.9388,0.8779
1748935944.984454,1.662,1.5757,1.5978,1.1674,1.067,1.0868,1.1352,0.9692,0.9353,1.1075,0.92,0.8717,1.1148,0.9372,0.8873
1748935945.098444,1.6526,1.5647,1.5849,1.1645,1.0643,1.0868,1.1336,0.9681,0.9337,1.1021,0.9241,0.8765,1.1132,0.9364,0.8843
1748935945.2150762,1.6765,1.5873,1.6206,1.1763,1.0715,1.0884,1.1502,0.9695,0.9294,1.1105,0.9241,0.8789,1.1263,0.9391,0.8894
1748935945.326483,1.6912,1.6015,1.6217,1.1846,1.0774,1.0973,1.1586,0.9684,0.9294,1.1167,0.9294,0.8781,1.1317,0.9404,0.8832
1748935945.440556,1.7025,1.6152,1.6413,1.1865,1.0874,1.107,1.1639,0.9668,0.9313,1.1338,0.9318,0.8738,1.14,0.9383,0.8918
1748935945.5557,1.7025,1.6149,1.6466,1.1908,1.0914,1.1105,1.1669,0.9686,0.9351,1.1352,0.9326,0.8701,1.1556,0.9394,0.8873
1748935945.668559,1.7122,1.6174,1.6413,1.2066,1.0922,1.1142,1.183,0.9703,0.9257,1.1516,0.9367,0.8684,1.1658,0.9445,0.8926
1748935945.7825348,1.7342,1.6356,1.6585,1.2222,1.0938,1.1207,1.2064,0.9759,0.934,1.1833,0.9356,0.8813,1.1935,0.9506,0.8854
1748935945.896558,1.7146,1.609,1.6329,1.2233,1.0876,1.1048,1.2056,0.9845,0.9329,1.1852,0.9442,0.8714,1.1959,0.9512,0.8889
1748935946.012233,1.6883,1.5792,1.5999,1.204,1.0874,1.1046,1.1997,0.9818,0.9399,1.1787,0.9437,0.877,1.1819,0.956,0.8827
1748935946.124592,1.6684,1.5556,1.5798,1.1978,1.0788,1.1113,1.1886,0.9805,0.9318,1.1556,0.941,0.8711,1.1709,0.952,0.8848
1748935946.238528,1.6875,1.5897,1.6042,1.1948,1.0756,1.0962,1.1782,0.9719,0.9324,1.1545,0.9361,0.8811,1.168,0.9466,0.8846
1748935946.356988,1.7031,1.598,1.6254,1.1916,1.075,1.0952,1.1733,0.9789,0.9308,1.1438,0.938,0.8813,1.1516,0.9458,0.8859
1748935946.4671319,1.6966,1.598,1.626,1.1892,1.0788,1.0938,1.1723,0.9705,0.9316,1.1414,0.9361,0.8749,1.1457,0.945,0.8864
1748935946.580544,1.6963,1.6012,1.6184,1.1881,1.0723,1.1032,1.1639,0.9708,0.931,1.1398,0.9372,0.8746,1.1473,0.9447,0.8918
1748935946.694656,1.7055,1.6096,1.6367,1.1905,1.0812,1.0979,1.1741,0.9668,0.931,1.1371,0.9305,0.8706,1.1454,0.9421,0.8875
1748935946.808654,1.7192,1.6367,1.6614,1.1892,1.0801,1.1011,1.1674,0.9727,0.9249,1.1379,0.9367,0.8725,1.1454,0.9361,0.8916
1748935946.923115,1.7106,1.616,1.6372,1.1854,1.0777,1.1005,1.1599,0.9746,0.9275,1.1295,0.9318,0.88,1.1338,0.9458,0.8921
1748935947.0365708,1.6711,1.5752,1.6007,1.1741,1.0659,1.1008,1.1518,0.9697,0.9343,1.1236,0.9275,0.8762,1.1309,0.9378,0.8881
1748935947.150573,1.6622,1.5687,1.5943,1.1639,1.0664,1.0893,1.1438,0.9724,0.931,1.1153,0.9224,0.8746,1.1271,0.9404,0.8918
1748935947.264707,1.6536,1.5644,1.5937,1.1674,1.0627,1.0796,1.1475,0.9684,0.9394,1.1129,0.931,0.8738,1.1199,0.9391,0.8891
1748935947.3807738,1.6577,1.5706,1.5857,1.1712,1.0619,1.079,1.1371,0.9719,0.9251,1.121,0.9361,0.8749,1.1279,0.9418,0.8862
1748935947.492776,1.6606,1.5618,1.5865,1.1733,1.0592,1.0785,1.1489,0.963,0.93,1.1231,0.9305,0.8789,1.1365,0.9485,0.8851
1748935947.606744,1.6577,1.5728,1.5886,1.1758,1.0557,1.0817,1.1551,0.9767,0.9257,1.1277,0.9353,0.8838,1.1451,0.9423,0.8883
1748935947.720721,1.6598,1.5604,1.5771,1.1833,1.0613,1.093,1.168,0.9719,0.9335,1.1406,0.9297,0.8835,1.1457,0.9431,0.8891
1748935947.8346019,1.6474,1.5464,1.5741,1.1833,1.0707,1.0911,1.176,0.977,0.9316,1.1457,0.9369,0.8768,1.1502,0.9415,0.8862
1748935947.954415,1.6413,1.5387,1.5698,1.1865,1.0645,1.0893,1.1677,0.9783,0.9316,1.1411,0.9351,0.8757,1.1411,0.9445,0.8838
1748935948.0632288,1.6332,1.5247,1.5513,1.1849,1.0696,1.0898,1.1637,0.9802,0.9316,1.1304,0.9399,0.8779,1.1406,0.9512,0.8873
1748935948.176574,1.6088,1.5051,1.5395,1.1731,1.0696,1.0868,1.154,0.9703,0.9302,1.1295,0.9364,0.8749,1.1352,0.9461,0.8902
1748935948.290584,1.6093,1.4922,1.5223,1.1733,1.0635,1.0858,1.1489,0.9727,0.9321,1.1228,0.9375,0.8754,1.1309,0.9555,0.8832
1748935948.404585,1.6031,1.4922,1.5271,1.1709,1.0635,1.0882,1.1467,0.9748,0.9326,1.1177,0.9396,0.8797,1.1287,0.9485,0.884
1748935948.521326,1.6004,1.4884,1.5233,1.1704,1.0538,1.0801,1.1465,0.9751,0.934,1.1164,0.9359,0.8789,1.1274,0.9447,0.8932
1748935948.632694,1.5822,1.4908,1.5086,1.1653,1.0573,1.0842,1.1398,0.9697,0.9302,1.1145,0.9367,0.8765,1.129,0.9434,0.8846
1748935948.746628,1.5846,1.4839,1.5088,1.1672,1.0562,1.0847,1.1416,0.9805,0.93,1.1156,0.9402,0.877,1.1263,0.9466,0.8881
1748935948.860584,1.6238,1.529,1.5481,1.1749,1.0678,1.089,1.1526,0.9754,0.9369,1.1304,0.934,0.8719,1.1306,0.9474,0.8867
1748935948.977178,1.6646,1.5642,1.6029,1.1927,1.0705,1.097,1.1693,0.9786,0.9316,1.1467,0.9404,0.8781,1.1502,0.9442,0.8881
1748935949.089407,1.7197,1.6295,1.6555,1.2166,1.0782,1.1121,1.204,0.9826,0.9326,1.1755,0.9515,0.8797,1.1881,0.9568,0.8867
1748935949.202822,1.7294,1.6174,1.6418,1.233,1.0823,1.1185,1.2257,0.9936,0.9281,1.1948,0.9531,0.8784,1.2034,0.9654,0.8889
1748935949.316627,1.6724,1.5588,1.5921,1.2201,1.0772,1.1062,1.2101,0.9864,0.9361,1.1784,0.9434,0.884,1.1905,0.9625,0.8902
1748935949.4356658,1.6448,1.5325,1.5593,1.2034,1.0688,1.0973,1.198,0.9842,0.9254,1.1739,0.9501,0.8805,1.1803,0.9558,0.8996
1748935949.5453389,1.637,1.5172,1.5569,1.1962,1.0707,1.0962,1.1843,0.9864,0.9289,1.1545,0.9509,0.8851,1.1677,0.963,0.8881
1748935949.658677,1.6158,1.5072,1.5357,1.1935,1.0629,1.096,1.1886,0.9845,0.9337,1.1637,0.9463,0.8843,1.1696,0.9638,0.8929
1748935949.772725,1.6141,1.4965,1.5387,1.1895,1.0672,1.0952,1.1809,0.9826,0.9375,1.154,0.9466,0.8838,1.1615,0.9606,0.8873
1748935949.8969479,1.6096,1.4914,1.5188,1.1932,1.0694,1.089,1.1731,0.9823,0.9356,1.1518,0.9466,0.8856,1.1655,0.9587,0.8937
1748935950.001591,1.6034,1.4914,1.5268,1.1924,1.0718,1.0968,1.183,0.9888,0.9326,1.1572,0.9482,0.8816,1.1698,0.9657,0.8867
1748935950.114748,1.6002,1.4844,1.5188,1.1854,1.0648,1.0898,1.1803,0.9799,0.9361,1.1561,0.9447,0.8816,1.1599,0.9552,0.8913
1748935950.228702,1.6606,1.5478,1.5814,1.1975,1.0643,1.0842,1.1897,0.9813,0.9337,1.1618,0.9488,0.8819,1.1629,0.9563,0.8926
1748935950.345162,1.6536,1.5513,1.5832,1.1911,1.0616,1.0933,1.1763,0.9786,0.9351,1.1465,0.9461,0.877,1.1666,0.9496,0.8945
1748935950.457139,1.6703,1.5626,1.5943,1.19,1.0651,1.0938,1.1747,0.9832,0.9396,1.1481,0.9461,0.8787,1.1588,0.9458,0.8889
1748935950.570682,1.6663,1.5526,1.5824,1.1854,1.0602,1.0882,1.1782,0.9759,0.9402,1.1432,0.9418,0.8813,1.1521,0.952,0.8907
1748935950.685122,1.6335,1.5274,1.5572,1.1739,1.0546,1.0833,1.1658,0.9778,0.9356,1.1336,0.9402,0.8762,1.147,0.9541,0.8875
1748935950.798686,1.6117,1.5088,1.54,1.1733,1.0565,1.0793,1.1599,0.9746,0.9353,1.1234,0.9378,0.8832,1.1398,0.9504,0.884
1748935950.9144928,1.6023,1.5024,1.5282,1.1626,1.0479,1.0793,1.1553,0.9789,0.9353,1.1244,0.9391,0.8773,1.1344,0.9474,0.8924
1748935951.026797,1.6192,1.5086,1.5448,1.1642,1.0482,1.0774,1.1599,0.977,0.9329,1.1293,0.9421,0.8811,1.1242,0.9485,0.8958
1748935951.141057,1.6182,1.5107,1.5362,1.1661,1.0514,1.0756,1.1717,0.9772,0.9324,1.1341,0.9388,0.8854,1.1467,0.9509,0.8894
1748935951.254634,1.5832,1.4699,1.5086,1.1685,1.0449,1.0747,1.1607,0.9716,0.9335,1.1309,0.9461,0.8811,1.1338,0.9558,0.8846
1748935951.368784,1.576,1.4548,1.4925,1.1583,1.0482,1.0769,1.1441,0.9729,0.9224,1.1185,0.9429,0.8757,1.1328,0.9576,0.887
1748935951.482801,1.5709,1.4548,1.4959,1.1618,1.049,1.0747,1.1486,0.9732,0.927,1.1231,0.9412,0.8757,1.132,0.9496,0.8875
1748935951.598596,1.561,1.4446,1.4836,1.161,1.0519,1.0753,1.1462,0.967,0.9227,1.1242,0.9455,0.8787,1.1239,0.9434,0.8875
1748935951.710785,1.5569,1.4328,1.4742,1.1497,1.0495,1.0686,1.1389,0.9721,0.9305,1.1177,0.9388,0.8824,1.1207,0.9453,0.8918
1748935951.824716,1.5435,1.4258,1.4659,1.1537,1.0479,1.0734,1.1379,0.9764,0.9332,1.1185,0.9421,0.877,1.1199,0.948,0.8899
1748935951.943244,1.5381,1.4261,1.4696,1.1454,1.042,1.071,1.133,0.9721,0.9289,1.1021,0.9367,0.8824,1.1172,0.9399,0.8894
1748935952.053231,1.54,1.425,1.4634,1.1389,1.0422,1.0702,1.133,0.9732,0.9278,1.1013,0.9394,0.8765,1.1102,0.945,0.8851
1748935952.166862,1.544,1.4317,1.4726,1.1473,1.0425,1.0667,1.1336,0.9727,0.9329,1.1105,0.9391,0.88,1.1177,0.9477,0.8932
1748935952.283367,1.5421,1.432,1.471,1.1559,1.0422,1.0664,1.1446,0.966,0.9329,1.1091,0.9399,0.877,1.1188,0.9421,0.8926
1748935952.395573,1.5975,1.4941,1.5129,1.1572,1.0503,1.071,1.1494,0.9713,0.9305,1.1102,0.9343,0.8824,1.1269,0.9407,0.8867
1748935952.5087738,1.598,1.4935,1.5276,1.169,1.0428,1.0734,1.1537,0.9678,0.93,1.1223,0.9412,0.8789,1.1365,0.9533,0.8977
1748935952.622792,1.5827,1.4704,1.5043,1.1599,1.0436,1.0659,1.14,0.97,0.9297,1.1124,0.9361,0.8875,1.1169,0.9434,0.8889
1748935952.7368221,1.5612,1.4581,1.4857,1.1513,1.0406,1.0653,1.1365,0.977,0.9332,1.1132,0.9297,0.8808,1.118,0.9477,0.8827
1748935952.853386,1.5634,1.4669,1.4941,1.1497,1.0369,1.0637,1.143,0.9705,0.93,1.115,0.9335,0.8851,1.1164,0.9463,0.8897
1748935952.96481,1.5704,1.4659,1.4941,1.1599,1.046,1.0651,1.1505,0.977,0.927,1.1199,0.938,0.884,1.1234,0.9493,0.8864
1748935953.07883,1.573,1.4634,1.4908,1.1513,1.0554,1.0766,1.1446,0.9754,0.9337,1.1113,0.9396,0.8805,1.1295,0.9439,0.8913
1748935953.1929011,1.5599,1.4446,1.4833,1.1494,1.0514,1.0739,1.1357,0.9697,0.9302,1.114,0.9335,0.8813,1.1196,0.9415,0.8926
1748935953.3102489,1.5416,1.439,1.4702,1.1489,1.0498,1.0645,1.1298,0.9705,0.9294,1.107,0.9251,0.8797,1.1099,0.9369,0.8924
1748935953.4213362,1.5478,1.4414,1.471,1.1475,1.0406,1.0648,1.1236,0.9676,0.93,1.0995,0.9267,0.8838,1.1137,0.9455,0.891
1748935953.5348868,1.5892,1.4849,1.5196,1.1621,1.0404,1.0696,1.1473,0.9716,0.9281,1.1172,0.9286,0.8768,1.1295,0.9412,0.884
1748935953.648854,1.6045,1.493,1.5266,1.1561,1.0431,1.0705,1.1422,0.9676,0.9305,1.1244,0.9257,0.8776,1.1218,0.9463,0.8873
1748935953.76285,1.5798,1.4691,1.507,1.1502,1.0447,1.0702,1.1419,0.9638,0.9318,1.1113,0.9273,0.8768,1.118,0.9445,0.8854
1748935953.880487,1.5591,1.4516,1.4849,1.1473,1.0439,1.0656,1.1395,0.9697,0.9251,1.1013,0.9318,0.8803,1.118,0.9485,0.8867
1748935953.990848,1.5714,1.4642,1.4989,1.1486,1.0412,1.0522,1.1363,0.9684,0.9251,1.107,0.9308,0.8762,1.118,0.9458,0.8873
1748935954.104873,1.5943,1.4978,1.5325,1.1642,1.0554,1.0782,1.1508,0.9676,0.9211,1.1266,0.9289,0.8757,1.1306,0.9399,0.8889
1748935954.22098,1.612,1.5067,1.537,1.1779,1.0624,1.0898,1.1639,0.9689,0.9292,1.1381,0.9321,0.8787,1.1537,0.9469,0.884
1748935954.332819,1.6061,1.5024,1.5306,1.1752,1.0637,1.0866,1.1658,0.9643,0.931,1.1376,0.9378,0.88,1.1406,0.9509,0.8891
1748935954.44687,1.5803,1.4747,1.5011,1.172,1.0597,1.0858,1.1615,0.9703,0.9345,1.1298,0.9313,0.8757,1.1363,0.9474,0.883
1748935954.567134,1.5854,1.4629,1.5064,1.1784,1.0503,1.0777,1.1586,0.97,0.9286,1.1373,0.9308,0.8797,1.1387,0.9386,0.8883
1748935954.674918,1.5894,1.4755,1.5121,1.1739,1.0659,1.086,1.1575,0.9708,0.9361,1.1247,0.9359,0.8722,1.1435,0.9504,0.8832
1748935954.788905,1.5824,1.4699,1.5035,1.183,1.06,1.0836,1.161,0.9716,0.9275,1.1266,0.931,0.8738,1.14,0.9515,0.8921
1748935954.902845,1.6004,1.489,1.5236,1.1865,1.0616,1.0866,1.1618,0.9689,0.9249,1.1301,0.9351,0.8738,1.1414,0.9458,0.8886
1748935955.026287,1.594,1.4871,1.5236,1.183,1.0616,1.0901,1.1529,0.9721,0.9275,1.1266,0.9375,0.8843,1.1548,0.9477,0.8894
1748935955.131055,1.5988,1.4831,1.5139,1.1908,1.0533,1.0847,1.1666,0.9732,0.9235,1.1363,0.9367,0.876,1.1363,0.945,0.8813
1748935955.2448509,1.5838,1.4683,1.5056,1.1809,1.0476,1.0812,1.161,0.974,0.93,1.1414,0.9404,0.8762,1.1505,0.9504,0.8816
1748935955.3647208,1.5859,1.4597,1.4916,1.1768,1.0508,1.0737,1.165,0.9721,0.9308,1.1349,0.9396,0.8781,1.1427,0.9482,0.8886
1748935955.473522,1.5824,1.461,1.5005,1.1881,1.0468,1.086,1.1677,0.9756,0.9249,1.1387,0.9383,0.8762,1.143,0.9461,0.8886
1748935955.586876,1.6004,1.4919,1.515,1.201,1.05,1.0895,1.1884,0.9686,0.9208,1.1618,0.9404,0.8765,1.1618,0.9541,0.8902
1748935955.701084,1.6042,1.479,1.5086,1.2002,1.0516,1.0809,1.194,0.9826,0.9254,1.1669,0.9509,0.8779,1.1876,0.9584,0.8808
1748935955.818517,1.5908,1.472,1.5024,1.2091,1.05,1.0895,1.2093,0.9832,0.931,1.1817,0.9506,0.8779,1.1835,0.9646,0.8832
1748935955.928947,1.6311,1.4879,1.5266,1.233,1.0474,1.0898,1.219,0.9842,0.9345,1.2053,0.9584,0.8805,1.2147,0.959,0.8891
1748935956.0428932,1.6117,1.4613,1.5016,1.2418,1.049,1.1021,1.2362,0.9915,0.93,1.2209,0.9625,0.8916,1.2311,0.9641,0.8864
1748935956.1569211,1.5859,1.4253,1.4707,1.237,1.0422,1.0887,1.2359,0.9853,0.9259,1.2263,0.9684,0.8942,1.2273,0.9695,0.8875
1748935956.275622,1.5701,1.3949,1.4548,1.2534,1.0441,1.0973,1.2668,1.0046,0.9278,1.255,0.9853,0.8937,1.2483,0.9756,0.891
1748935956.384945,1.5392,1.3667,1.45,1.2655,1.0503,1.1301,1.313,1.0495,0.9302,1.3915,1.1003,1.1532,1.3119,1.0551,1.1226
1748935956.498902,1.461,1.2733,1.4057,1.2238,1.0487,1.1462,1.3187,1.0645,0.9329,1.3399,1.0745,0.9732,1.4393,1.2198,1.3549
1748935956.612959,1.3821,1.2107,1.3385,1.1787,1.0358,1.1317,1.2757,1.0683,0.9302,1.3861,1.1529,1.2085,1.4041,1.2134,1.2722
1748935956.733335,1.4301,1.2657,1.3549,1.1666,1.0251,1.0938,1.2365,1.0181,0.9289,1.2314,1.0063,0.9125,1.2579,1.0584,1.013
1748935956.841923,1.4465,1.2913,1.3743,1.1666,1.0272,1.0871,1.2338,1.0237,0.9286,1.215,1.0111,0.9031,1.2786,1.0793,1.0522
1748935956.9549189,1.4159,1.2722,1.3541,1.1567,1.0151,1.0839,1.2359,1.0224,0.9313,1.2295,1.0178,0.887,1.3028,1.1212,1.1398
1748935957.069055,1.3949,1.2477,1.3598,1.1486,1.0229,1.1008,1.237,1.0589,0.9281,1.2921,1.096,1.0388,1.3082,1.1441,1.1954
1748935957.1846159,1.3877,1.237,1.3455,1.1583,1.0285,1.1056,1.234,1.0425,0.9359,1.2494,1.0482,0.9544,1.291,1.1274,1.1637
1748935957.296993,1.3847,1.2271,1.3321,1.1516,1.0291,1.089,1.2233,1.0315,0.9396,1.2241,1.0307,0.9372,1.2451,1.075,1.0205
1748935957.411021,1.3563,1.2088,1.2915,1.1408,1.0216,1.0761,1.2058,1.0216,0.9364,1.2279,1.0302,0.9595,1.1964,1.0135,0.9187
1748935957.525067,1.3724,1.2311,1.3197,1.1395,1.0191,1.0696,1.2007,1.0221,0.9359,1.3273,1.1083,1.0919,1.2112,1.0342,0.945
1748935957.639749,1.4481,1.3052,1.37,1.1556,1.0189,1.0659,1.1997,1.0173,0.9399,1.2354,1.0237,0.9665,1.1964,1.0038,0.8846
1748935957.752979,1.5035,1.3555,1.4237,1.1669,1.0216,1.0705,1.1921,1.0173,0.9316,1.2295,1.0205,0.9805,1.1782,0.9942,0.8921
1748935957.866969,1.5336,1.4054,1.45,1.1693,1.0234,1.0659,1.1833,0.999,0.9332,1.1723,0.9818,0.9098,1.1629,0.9724,0.891
1748935957.980984,1.5642,1.4479,1.4825,1.1889,1.0396,1.0723,1.1693,0.9866,0.9343,1.1478,0.9547,0.88,1.1451,0.9641,0.8905
1748935958.0978801,1.5481,1.4366,1.4745,1.1596,1.0455,1.0745,1.1373,0.9826,0.9335,1.1223,0.9485,0.8808,1.121,0.9633,0.8838
1748935958.209651,1.5274,1.4103,1.4559,1.1588,1.0361,1.0702,1.1352,0.9783,0.9294,1.1121,0.9455,0.8784,1.1142,0.9544,0.8873
1748935958.323157,1.5419,1.4334,1.461,1.1545,1.0479,1.0707,1.1312,0.9802,0.9275,1.107,0.9399,0.8816,1.1158,0.9485,0.887
1748935958.437013,1.5516,1.4565,1.4839,1.1602,1.0525,1.0769,1.1309,0.9724,0.9356,1.1,0.9426,0.8838,1.1075,0.9544,0.8846
1748935958.551059,1.5644,1.4573,1.4965,1.1583,1.0538,1.0815,1.125,0.9751,0.9297,1.103,0.9434,0.8827,1.1054,0.9528,0.8795
1748935958.6690009,1.558,1.4616,1.4949,1.1508,1.0651,1.0858,1.1295,0.9826,0.9353,1.0952,0.9375,0.8864,1.1048,0.9469,0.8848
1748935958.7796211,1.5403,1.443,1.4809,1.1465,1.0565,1.0742,1.1215,0.9805,0.9383,1.0911,0.9324,0.8816,1.0936,0.9512,0.8894
1748935958.8930151,1.5322,1.4393,1.4683,1.136,1.053,1.0769,1.1129,0.9703,0.9364,1.0844,0.9415,0.8779,1.0938,0.9455,0.8894
1748935959.0071318,1.5096,1.4095,1.4366,1.1317,1.0452,1.0643,1.1086,0.9732,0.9335,1.0799,0.9388,0.88,1.0895,0.9477,0.8873
1748935959.121582,1.497,1.3949,1.4317,1.1282,1.0476,1.0672,1.1048,0.9797,0.9343,1.0761,0.9332,0.8768,1.0833,0.9477,0.8902
1748935959.235039,1.4916,1.3837,1.4256,1.1258,1.0449,1.0643,1.1075,0.9759,0.9265,1.0831,0.9364,0.877,1.0884,0.9412,0.8811
1748935959.349112,1.4857,1.3802,1.4202,1.1293,1.0374,1.0573,1.1081,0.9732,0.9399,1.0772,0.9302,0.8744,1.0842,0.9421,0.8864
1748935959.470455,1.471,1.3665,1.3974,1.1185,1.032,1.0576,1.107,0.9724,0.9329,1.0807,0.9289,0.876,1.0766,0.9364,0.8889
1748935959.577139,1.4648,1.3501,1.3853,1.122,1.0256,1.0519,1.1003,0.9764,0.9308,1.0737,0.9289,0.8746,1.0879,0.9404,0.8864
1748935959.691107,1.4487,1.3407,1.3772,1.1161,1.0302,1.0457,1.1024,0.967,0.9321,1.0723,0.9313,0.8838,1.0801,0.9375,0.8875
1748935959.805086,1.4433,1.3439,1.3735,1.1102,1.0218,1.0474,1.1102,0.9767,0.9421,1.0758,0.9254,0.8725,1.0842,0.9412,0.8843
1748935959.9229178,1.4382,1.3324,1.3694,1.1193,1.0194,1.0465,1.1099,0.9676,0.9372,1.0801,0.931,0.877,1.0855,0.9421,0.8848
1748935960.033098,1.4403,1.3404,1.3772,1.1145,1.0253,1.0533,1.1056,0.9743,0.9394,1.075,0.9308,0.883,1.0839,0.9415,0.8905
1748935960.147093,1.4565,1.3428,1.385,1.115,1.0256,1.0538,1.1102,0.978,0.9375,1.0796,0.9292,0.883,1.0836,0.9455,0.8918
