timestamp,R0C0,R0C1,R0C2,R1C0,R1C1,R1C2,R2C0,R2C1,R2C2,R3C0,R3C1,R3C2,R4C0,R4C1,R4C2
1748798575.720983,1.8594,1.8301,1.846,1.1306,1.0422,1.0291,1.0863,1.0054,0.988,1.0073,0.9128,0.9125,0.9947,0.912,0.8768
1748798575.7716658,1.8567,1.8218,1.8312,1.1137,1.0334,1.0288,1.0973,0.9974,0.9861,1.0028,0.9122,0.9093,0.9963,0.9128,0.8953
1748798575.882567,1.8425,1.8049,1.8169,1.1282,1.0294,1.0291,1.0997,1.0162,0.9958,1.0028,0.9095,0.9031,0.9939,0.9061,0.8972
1748798575.9942012,1.8398,1.8135,1.8129,1.1164,1.0382,1.0242,1.1003,1.0022,0.981,1.0165,0.9082,0.9077,1.0063,0.92,0.8991
1748798576.1069791,1.8231,1.789,1.7941,1.1107,1.0283,1.0103,1.0898,0.9966,0.9856,1.0049,0.9026,0.9082,0.9979,0.905,0.8894
1748798576.2203882,1.8253,1.8051,1.8102,1.1035,1.0299,0.9966,1.1056,0.9958,0.9977,1.0135,0.909,0.9104,1.0006,0.9117,0.8808
1748798576.333455,1.8183,1.7828,1.7949,1.1153,1.0275,1.0092,1.096,0.9968,0.9821,1.003,0.9031,0.8969,0.9998,0.9053,0.894
1748798576.446093,1.8092,1.7791,1.7836,1.1089,1.0114,0.9995,1.0804,1.0038,0.9823,1.01,0.9157,0.9181,1.0146,0.9087,0.8881
1748798576.559259,1.8022,1.775,1.785,1.107,1.021,1.0097,1.0868,0.9864,0.9856,1.0404,0.9179,0.9195,1.0079,0.923,0.8924
1748798576.6720572,1.7995,1.7595,1.7597,1.1059,1.0208,0.9966,1.1102,0.9985,0.9861,1.0417,0.9275,0.9469,1.0154,0.9163,0.8867
1748798576.788903,1.7992,1.7527,1.7742,1.1043,1.0154,0.9966,1.103,1.0135,0.9832,1.0345,0.9297,0.9367,1.006,0.9058,0.8975
1748798576.898023,1.8306,1.8102,1.8183,1.0981,1.021,0.995,1.0938,0.9974,0.9899,1.0186,0.9206,0.9093,1.0165,0.9155,0.8797
1748798577.011246,1.8468,1.8022,1.8078,1.1167,1.0119,1.0105,1.097,0.9872,0.9754,1.0511,0.9316,0.9501,1.0108,0.9128,0.883
1748798577.1240041,1.8634,1.8266,1.832,1.1059,1.0025,0.981,1.114,0.9993,0.9861,1.0664,0.9332,0.9407,1.0331,0.9163,0.8878
1748798577.239668,1.8989,1.8642,1.8664,1.1038,1.0033,0.9775,1.1161,0.9856,0.9789,1.0546,0.9181,0.9498,1.0334,0.9141,0.8985
1748798577.350374,1.8793,1.8339,1.8513,1.0992,1.0116,0.9767,1.1048,0.9861,0.9697,1.057,0.9313,0.9351,1.0218,0.9138,0.9053
1748798577.4630961,1.8704,1.8336,1.8395,1.0852,1.0001,0.9737,1.1124,0.9823,0.9732,1.0713,0.9281,0.945,1.031,0.9157,0.887
1748798577.5762382,1.8691,1.8441,1.8419,1.115,0.9896,0.9729,1.1226,1.0041,0.9724,1.082,0.9216,0.9584,1.0627,0.9222,0.8856
1748798577.68927,1.8916,1.8376,1.847,1.1443,0.992,0.9662,1.168,0.9904,0.9705,1.1247,0.9394,0.959,1.0866,0.9195,0.8889
1748798577.803551,1.9018,1.8379,1.8511,1.1937,1.0065,0.9627,1.2069,0.9912,0.9692,1.1838,0.9447,0.9547,1.1411,0.9302,0.8889
1748798577.915094,1.8892,1.8153,1.829,1.208,0.9934,0.9695,1.2413,0.9934,0.9635,1.2101,0.9498,0.9541,1.19,0.9259,0.9039
1748798578.0282738,1.908,1.8277,1.8277,1.2461,0.9974,0.9678,1.2542,0.996,0.9643,1.2507,0.9361,0.9754,1.2131,0.9232,0.8975
1748798578.141071,1.8943,1.8054,1.8215,1.2695,1.0025,0.9681,1.2864,0.985,0.9595,1.2703,0.9482,0.9764,1.2206,0.9383,0.9028
1748798578.256255,1.8965,1.7987,1.7992,1.2711,1.0076,0.9512,1.3001,0.9904,0.9512,1.2926,0.9506,0.978,1.2534,0.9469,0.8948
1748798578.36765,1.8846,1.8008,1.8078,1.2657,0.9958,0.9552,1.2792,0.9982,0.9552,1.2571,0.9652,0.9912,1.2214,0.9396,0.8975
1748798578.480149,1.882,1.7836,1.8006,1.2429,0.9926,0.959,1.2582,0.9802,0.9442,1.2405,0.963,0.9692,1.212,0.9321,0.9026
1748798578.5932631,1.8905,1.7906,1.8043,1.2706,0.9891,0.9447,1.2888,0.9842,0.9509,1.2859,0.9563,0.9794,1.2359,0.9404,0.8738
1748798578.709583,1.8983,1.782,1.7874,1.295,0.9872,0.9536,1.3052,0.9901,0.9423,1.2832,0.948,0.9737,1.2485,0.9477,0.8889
1748798578.81919,1.8914,1.7783,1.7957,1.2939,0.9893,0.9391,1.3369,1.0052,0.9536,1.3103,0.9461,0.9789,1.2819,0.9429,0.8916
1748798578.932068,1.9209,1.8057,1.8186,1.335,1.0017,0.9455,1.3627,0.9928,0.9412,1.3614,0.9662,0.9756,1.3434,0.9396,0.8929
1748798579.045194,1.9163,1.8046,1.8148,1.3044,0.9977,0.9437,1.3364,1.0006,0.949,1.3165,0.9477,0.9625,1.3071,0.9388,0.8985
1748798579.158147,1.8954,1.8038,1.8156,1.266,0.9711,0.9351,1.3033,0.9791,0.9453,1.2692,0.9152,0.8945,1.2837,0.9313,0.8967
1748798579.27172,1.9069,1.8121,1.8255,1.2625,0.9807,0.9348,1.2913,0.9818,0.9361,1.2993,0.9472,0.981,1.2523,0.9404,0.9061
1748798579.384115,1.9228,1.85,1.8562,1.2593,0.9821,0.9445,1.2776,0.9934,0.941,1.2563,0.9582,0.9778,1.2265,0.9445,0.901
1748798579.4972281,1.9228,1.8293,1.8492,1.2394,0.9754,0.9367,1.2762,0.9883,0.9359,1.2485,0.9523,0.9703,1.2123,0.9469,0.8993
1748798579.610198,1.9319,1.8282,1.8505,1.2459,0.9794,0.9308,1.2905,0.9772,0.9544,1.269,0.9566,0.9807,1.2209,0.9391,0.894
1748798579.728853,1.9118,1.8242,1.8363,1.2289,0.9772,0.9437,1.255,0.9791,0.9442,1.2332,0.9431,0.978,1.2101,0.9383,0.8958
1748798579.8362792,1.9104,1.8298,1.8328,1.2185,0.9754,0.938,1.2416,0.9883,0.9364,1.2346,0.9407,0.9646,1.1951,0.9418,0.8937
1748798579.9491782,1.9059,1.8183,1.8387,1.2284,0.9893,0.9222,1.2453,0.9856,0.9402,1.2488,0.9375,0.9727,1.2168,0.9286,0.8816
1748798580.0622458,1.9147,1.8304,1.8462,1.2303,0.9917,0.9367,1.2338,0.9818,0.9343,1.222,0.9541,0.96,1.2109,0.9506,0.8975
1748798580.175424,1.9139,1.8298,1.8317,1.2297,0.9767,0.9335,1.2375,0.9767,0.9367,1.2335,0.9466,0.9627,1.2091,0.9343,0.8969
1748798580.289504,1.9053,1.8441,1.8425,1.201,0.9759,0.9469,1.2058,0.9762,0.9453,1.2139,0.9445,0.9727,1.1878,0.9431,0.9093
1748798580.401176,1.9145,1.8406,1.8476,1.2064,0.9643,0.9399,1.1991,0.9751,0.9302,1.1854,0.9216,0.9187,1.176,0.9353,0.9034
1748798580.514358,1.8836,1.8172,1.8323,1.1733,0.9711,0.9356,1.1991,0.9649,0.9482,1.1833,0.9407,0.9598,1.1502,0.9308,0.8977
1748798580.627253,1.8965,1.8309,1.8344,1.1792,0.9614,0.9496,1.1986,0.9579,0.9423,1.1596,0.9402,0.9391,1.1424,0.9238,0.9018
1748798580.740396,1.8959,1.8148,1.8366,1.1792,0.9627,0.9517,1.1819,0.9794,0.949,1.1736,0.9289,0.9423,1.1465,0.9286,0.887
1748798580.853857,1.883,1.8312,1.836,1.1784,0.9802,0.945,1.186,0.9598,0.9335,1.1741,0.9337,0.9547,1.1553,0.9176,0.9028
1748798580.966423,1.9059,1.8285,1.8546,1.1857,0.97,0.9437,1.1983,0.9692,0.9222,1.1841,0.9265,0.9611,1.1497,0.9265,0.9053
1748798581.079268,1.8863,1.8172,1.84,1.1819,0.9729,0.9359,1.1929,0.9689,0.9439,1.1669,0.9335,0.9614,1.1626,0.938,0.8862
1748798581.192308,1.8852,1.8145,1.8339,1.1717,0.9786,0.9367,1.2058,0.9711,0.9318,1.1857,0.9324,0.9595,1.1395,0.9246,0.8956
1748798581.3097758,1.893,1.8161,1.828,1.1725,0.9606,0.9356,1.1758,0.967,0.9431,1.1575,0.9404,0.967,1.1502,0.9426,0.9028
1748798581.418428,1.9002,1.8315,1.8374,1.1669,0.9737,0.9463,1.1852,0.9743,0.9278,1.1645,0.9404,0.9466,1.1344,0.9219,0.9055
1748798581.531297,1.9239,1.8666,1.8634,1.1658,0.9708,0.9364,1.1736,0.9652,0.9426,1.154,0.9375,0.9509,1.1365,0.9351,0.8878
1748798581.644293,1.8914,1.832,1.8503,1.1516,0.9641,0.9434,1.176,0.9598,0.9208,1.1406,0.9267,0.9531,1.1357,0.9257,0.8838
1748798581.757246,1.894,1.8301,1.8425,1.1513,0.9751,0.9431,1.1701,0.9654,0.9458,1.1532,0.9286,0.963,1.1295,0.913,0.8964
1748798581.8763242,1.8806,1.8151,1.8237,1.1551,0.9533,0.9369,1.1873,0.9598,0.9412,1.1518,0.9391,0.9547,1.1234,0.9214,0.8948
1748798581.983351,1.8957,1.8374,1.8384,1.147,0.9748,0.9396,1.1535,0.9654,0.9318,1.1457,0.9343,0.956,1.1253,0.9214,0.9023
1748798582.096148,1.8811,1.832,1.84,1.1465,0.978,0.927,1.1717,0.9582,0.9262,1.1484,0.9308,0.9523,1.1204,0.9286,0.9077
1748798582.20957,1.8658,1.8024,1.8269,1.1518,0.9643,0.9439,1.1591,0.9627,0.9251,1.1441,0.9348,0.9394,1.115,0.9165,0.9023
1748798582.325614,1.8728,1.7957,1.8218,1.1535,0.9727,0.9292,1.1626,0.9625,0.9404,1.1363,0.9257,0.9477,1.1231,0.9206,0.8999
1748798582.435275,1.9916,1.9394,1.9539,1.1338,0.9606,0.9386,1.1462,0.966,0.9404,1.1435,0.9289,0.9496,1.1134,0.9359,0.8907
1748798582.548213,2.034,1.9838,1.9875,1.161,0.9823,0.948,1.1779,0.9772,0.9549,1.1492,0.9434,0.9539,1.1341,0.9313,0.8945
1748798582.661278,1.9797,1.9239,1.9257,1.1642,0.9786,0.9498,1.1717,0.9676,0.9369,1.1492,0.9313,0.9566,1.1373,0.9337,0.8835
1748798582.774229,1.8981,1.8376,1.84,1.18,0.9861,0.9404,1.1862,0.9754,0.9378,1.1647,0.9265,0.956,1.1379,0.9278,0.8953
1748798582.887337,1.825,1.7592,1.7673,1.1768,0.984,0.9472,1.1715,0.9611,0.9431,1.1524,0.9284,0.9523,1.1201,0.9227,0.876
1748798583.000277,1.8153,1.7385,1.7562,1.1768,0.9778,0.9431,1.1731,0.9703,0.9378,1.1578,0.9388,0.9627,1.1287,0.9386,0.8864
1748798583.113214,1.8785,1.8057,1.8199,1.1779,0.974,0.9447,1.1822,0.9684,0.938,1.1411,0.9297,0.9404,1.1451,0.9286,0.9001
1748798583.2264519,1.807,1.7326,1.7407,1.1591,0.9654,0.941,1.1822,0.9678,0.9359,1.1526,0.9364,0.9547,1.1416,0.9243,0.8975
1748798583.342838,1.7554,1.6813,1.6915,1.1682,0.9684,0.9404,1.1634,0.9823,0.9324,1.1535,0.9275,0.9549,1.1322,0.9275,0.9015
1748798583.452288,1.7796,1.6851,1.6872,1.1739,0.9635,0.9391,1.1782,0.9598,0.9434,1.1535,0.938,0.941,1.1438,0.9284,0.8926
1748798583.5651698,1.8032,1.7331,1.7506,1.1911,0.9697,0.9375,1.1951,0.9686,0.9308,1.1809,0.9369,0.9504,1.165,0.9246,0.8864
1748798583.6782908,1.8556,1.7869,1.7826,1.2093,0.9635,0.9461,1.2335,0.9797,0.9335,1.216,0.9324,0.9388,1.1911,0.934,0.8864
1748798583.791519,1.8443,1.7557,1.7646,1.2451,0.9721,0.9396,1.2585,0.9657,0.9332,1.2263,0.9394,0.9533,1.2225,0.9243,0.894
1748798583.9050188,1.8298,1.7307,1.7484,1.241,0.9646,0.9378,1.2553,0.9662,0.9305,1.2515,0.931,0.9724,1.2225,0.9388,0.8972
1748798584.017365,1.8446,1.746,1.7579,1.2397,0.9885,0.9241,1.2625,0.9759,0.9275,1.2461,0.9235,0.966,1.2048,0.9361,0.877
1748798584.130167,1.8489,1.7522,1.7616,1.237,0.9874,0.9391,1.237,0.9759,0.9418,1.2343,0.9367,0.9654,1.2155,0.9308,0.895
1748798584.243381,1.8331,1.7455,1.7562,1.2263,0.9665,0.9313,1.2303,0.9673,0.9418,1.2029,0.9265,0.9563,1.183,0.9281,0.8889
1748798584.35685,1.7775,1.6622,1.6786,1.2254,0.9756,0.9458,1.2246,0.9727,0.9426,1.2109,0.9515,0.9541,1.1749,0.9321,0.8967
1748798584.46942,1.7638,1.6509,1.6781,1.2099,0.9716,0.9324,1.219,0.9635,0.9284,1.1889,0.9278,0.9595,1.1835,0.9259,0.8873
1748798584.582247,1.8599,1.792,1.7933,1.1948,0.9802,0.9404,1.198,0.9652,0.9321,1.1873,0.9391,0.9552,1.1787,0.9243,0.891
1748798584.695311,1.7922,1.7189,1.731,1.1935,0.963,0.9372,1.1913,0.9606,0.9275,1.1776,0.9335,0.9536,1.1663,0.9259,0.8934
1748798584.808327,1.8701,1.7898,1.7965,1.1935,0.9598,0.9259,1.1897,0.9649,0.9267,1.1669,0.9278,0.9635,1.1615,0.9281,0.8921
1748798584.927118,1.8599,1.781,1.7836,1.1892,0.9619,0.9219,1.1903,0.9641,0.9318,1.1806,0.9391,0.9517,1.1553,0.9383,0.8873
1748798585.0345569,1.8312,1.745,1.76,1.1819,0.9743,0.9407,1.1946,0.9571,0.9216,1.1693,0.9426,0.9461,1.1508,0.9297,0.8899
1748798585.147263,1.8932,1.8261,1.8366,1.2018,0.9568,0.9388,1.2058,0.9523,0.9345,1.1755,0.9372,0.9488,1.1621,0.9251,0.8996
1748798585.2603478,1.9171,1.8599,1.8575,1.1822,0.9759,0.9326,1.1809,0.9705,0.9375,1.1629,0.9399,0.9678,1.1543,0.9241,0.8897
1748798585.37324,1.9163,1.8674,1.8516,1.1688,0.9678,0.9396,1.1744,0.9617,0.9326,1.1685,0.9386,0.9453,1.1513,0.9214,0.8907
1748798585.4864619,1.9005,1.8298,1.8524,1.1615,0.9657,0.9206,1.1776,0.9689,0.9404,1.1634,0.9195,0.9445,1.1381,0.9189,0.8864
1748798585.599322,1.9029,1.8516,1.8374,1.1639,0.9582,0.9286,1.172,0.9657,0.9273,1.1551,0.9222,0.9477,1.1462,0.9243,0.8913
1748798585.71229,1.9217,1.8599,1.8715,1.1696,0.9673,0.93,1.1776,0.9719,0.9189,1.143,0.9168,0.8996,1.1508,0.9302,0.8886
1748798585.825446,1.9212,1.872,1.8809,1.1607,0.9762,0.9273,1.1758,0.9603,0.9329,1.1561,0.9372,0.9501,1.1322,0.9168,0.8883
1748798585.938445,1.9335,1.8691,1.8742,1.1602,0.9673,0.9364,1.1717,0.9711,0.9426,1.1548,0.9396,0.9429,1.1389,0.9364,0.8945
1748798586.051293,1.9244,1.875,1.8699,1.1669,0.9611,0.9324,1.176,0.9614,0.9426,1.1502,0.93,0.9372,1.1247,0.9359,0.8883
1748798586.164326,1.9241,1.8591,1.8691,1.1717,0.9695,0.9206,1.1811,0.9649,0.9241,1.1484,0.9243,0.9335,1.1336,0.9284,0.8787
1748798586.2773938,1.9107,1.8382,1.858,1.1787,0.9617,0.9222,1.1905,0.9751,0.9324,1.1798,0.9316,0.9477,1.1645,0.9421,0.8878
1748798586.390281,1.8962,1.8417,1.8492,1.1929,0.9643,0.9316,1.2222,0.9756,0.9211,1.2155,0.9453,0.9536,1.1967,0.9329,0.883
1748798586.5055869,1.9005,1.8358,1.8511,1.1972,0.9662,0.9297,1.2166,0.9719,0.9391,1.2109,0.9351,0.9458,1.1854,0.9267,0.8891
1748798586.617255,1.8951,1.8306,1.8347,1.1962,0.9676,0.9243,1.2134,0.967,0.931,1.1876,0.9141,0.9394,1.1819,0.923,0.8937
1748798586.7292988,1.8871,1.81,1.8258,1.2007,0.9703,0.9267,1.2058,0.9619,0.9364,1.1811,0.9219,0.9536,1.1782,0.9321,0.8749
1748798586.842443,1.8798,1.8049,1.8113,1.1798,0.9657,0.9257,1.204,0.9633,0.9275,1.1948,0.9308,0.9649,1.1698,0.9308,0.887
1748798586.955372,1.8787,1.8148,1.8116,1.1661,0.9587,0.9219,1.1935,0.9614,0.9262,1.1653,0.9141,0.9152,1.1637,0.9251,0.88
1748798587.073811,1.8774,1.8113,1.8301,1.1666,0.9633,0.9254,1.1886,0.9528,0.9324,1.1612,0.9251,0.9243,1.1462,0.9184,0.8999
1748798587.181391,1.886,1.8202,1.8242,1.1792,0.9517,0.9326,1.1884,0.9649,0.9426,1.1776,0.9165,0.9353,1.1556,0.9109,0.8862
1748798587.2945101,1.876,1.8156,1.8315,1.1698,0.9786,0.9415,1.1895,0.9504,0.9308,1.1604,0.9391,0.9439,1.1467,0.934,0.8859
1748798587.407299,1.8728,1.8067,1.8239,1.1535,0.9614,0.9343,1.1792,0.9619,0.9267,1.1459,0.9106,0.938,1.129,0.9219,0.8832
1748798587.522968,1.8653,1.8161,1.8169,1.1712,0.9606,0.9155,1.172,0.959,0.9345,1.1602,0.9305,0.9544,1.1306,0.9257,0.8843
1748798587.633808,1.8605,1.7973,1.7976,1.1489,0.9668,0.9206,1.1776,0.9625,0.9329,1.1475,0.9383,0.9549,1.1381,0.9281,0.9026
1748798587.746335,1.8535,1.7869,1.7925,1.1612,0.9625,0.931,1.1653,0.9673,0.9251,1.1438,0.9241,0.9477,1.1161,0.9265,0.8886
1748798587.8596401,1.8433,1.7742,1.7869,1.1486,0.9662,0.9265,1.1637,0.9598,0.9324,1.1325,0.9332,0.9426,1.1266,0.9232,0.8773
1748798587.9723399,1.8486,1.7912,1.7981,1.1419,0.9606,0.9361,1.1478,0.9614,0.923,1.1226,0.9192,0.9598,1.1242,0.9141,0.8921
1748798588.090246,1.8379,1.7648,1.7836,1.1567,0.9547,0.9278,1.154,0.9732,0.9302,1.1298,0.9302,0.945,1.1196,0.9173,0.8883
1748798588.198421,1.8288,1.771,1.7818,1.1352,0.9488,0.9246,1.1591,0.9711,0.9294,1.1271,0.9192,0.9472,1.1062,0.92,0.8969
1748798588.3114529,1.8245,1.7627,1.7721,1.1432,0.948,0.9262,1.1733,0.9528,0.941,1.1387,0.9318,0.9402,1.1223,0.9082,0.8843
1748798588.424347,1.8202,1.7646,1.7753,1.1489,0.9496,0.9246,1.1677,0.9692,0.9318,1.1492,0.9378,0.9412,1.1371,0.9262,0.8905
1748798588.5410361,1.8247,1.7651,1.775,1.1489,0.9662,0.9313,1.161,0.9619,0.9321,1.1502,0.9313,0.9458,1.1392,0.9184,0.8862
1748798588.650593,1.8323,1.7702,1.7834,1.1481,0.9625,0.9332,1.1569,0.9515,0.9388,1.1277,0.9275,0.9525,1.1134,0.9106,0.8816
1748798588.763424,1.818,1.757,1.7702,1.1516,0.9539,0.9262,1.1698,0.9571,0.9284,1.1435,0.9206,0.9426,1.1167,0.9265,0.9023
1748798588.876462,1.8266,1.7831,1.7796,1.1432,0.9378,0.9235,1.1454,0.959,0.9292,1.1153,0.9125,0.8862,1.1191,0.9031,0.8848
1748798588.989523,1.8331,1.7699,1.7971,1.125,0.9643,0.9267,1.1347,0.952,0.9324,1.1027,0.9176,0.8975,1.1142,0.9098,0.8905
1748798589.103202,1.8433,1.7895,1.792,1.1137,0.9539,0.9254,1.1398,0.9625,0.9351,1.0933,0.9144,0.8964,1.0946,0.9273,0.8902
1748798589.2154508,1.8309,1.799,1.8016,1.1304,0.9547,0.9187,1.15,0.9603,0.9356,1.132,0.9181,0.9388,1.1153,0.9305,0.902
1748798589.328616,1.8336,1.7853,1.7955,1.1398,0.9619,0.9224,1.1575,0.9576,0.9155,1.1416,0.9235,0.9396,1.1191,0.9232,0.884
1748798589.441382,1.8395,1.7694,1.7895,1.1411,0.9515,0.9241,1.1637,0.9571,0.9238,1.1459,0.9214,0.9404,1.1196,0.9214,0.8784
1748798589.556006,1.8242,1.7683,1.7895,1.1306,0.9429,0.934,1.1569,0.9485,0.9203,1.1325,0.9192,0.9235,1.1054,0.9292,0.9036
1748798589.6676638,1.839,1.7828,1.7906,1.133,0.9509,0.9275,1.1526,0.9649,0.931,1.1336,0.9318,0.945,1.1239,0.9144,0.895
1748798589.7803829,1.8433,1.7683,1.7847,1.1408,0.9595,0.9364,1.1596,0.9547,0.9402,1.1338,0.9286,0.945,1.1263,0.9267,0.8999
1748798589.8936288,1.8315,1.7538,1.7681,1.1438,0.9549,0.9165,1.1532,0.9455,0.9348,1.1457,0.9313,0.948,1.1234,0.9219,0.8873
1748798590.006551,1.8137,1.7635,1.76,1.1236,0.9584,0.9292,1.1352,0.9681,0.9227,1.1341,0.9208,0.9326,1.1048,0.9232,0.8881
1748798590.12076,1.8121,1.7493,1.7501,1.1271,0.9531,0.9206,1.1368,0.9539,0.9292,1.1304,0.9278,0.9383,1.1089,0.9165,0.8899
1748798590.232484,1.8003,1.7299,1.7498,1.1258,0.9388,0.9195,1.1513,0.9447,0.9224,1.1295,0.9136,0.9418,1.1027,0.9284,0.8873
1748798590.345475,1.8059,1.7592,1.7579,1.129,0.9488,0.9238,1.1467,0.9563,0.9176,1.1207,0.9318,0.9453,1.0973,0.9181,0.8926
1748798590.458432,1.7971,1.7329,1.7562,1.1312,0.9523,0.9222,1.1352,0.9415,0.9219,1.1153,0.9157,0.931,1.1244,0.9128,0.8953
1748798590.5740879,1.807,1.7353,1.749,1.1177,0.9506,0.9206,1.1419,0.9657,0.9345,1.1172,0.9101,0.9077,1.1175,0.909,0.8781
1748798590.6846569,1.7987,1.7245,1.7576,1.1244,0.959,0.9267,1.1508,0.9595,0.9203,1.1089,0.9189,0.9396,1.1064,0.9278,0.8993
1748798590.797442,1.7952,1.7315,1.7436,1.1145,0.9525,0.9211,1.1486,0.9676,0.93,1.1099,0.9147,0.9232,1.0887,0.9257,0.8808
1748798590.9105651,1.7874,1.7256,1.7264,1.1099,0.9625,0.9324,1.1347,0.9533,0.9243,1.1032,0.9227,0.9326,1.0962,0.9246,0.891
1748798591.023564,1.7863,1.7323,1.7364,1.125,0.9482,0.9254,1.1403,0.9536,0.9203,1.122,0.9219,0.9364,1.0847,0.9114,0.8948
1748798591.137129,1.8089,1.7412,1.7533,1.1309,0.9517,0.9329,1.1457,0.9627,0.9254,1.0997,0.9273,0.9399,1.1073,0.9208,0.8883
1748798591.249485,1.8457,1.7705,1.7764,1.1261,0.9512,0.9318,1.1473,0.9477,0.93,1.1124,0.9206,0.8945,1.1078,0.9249,0.8967
1748798591.362448,1.8108,1.7493,1.7718,1.1322,0.9474,0.9262,1.1392,0.9439,0.9383,1.1169,0.9203,0.9297,1.1016,0.9104,0.8983
1748798591.4756181,1.8003,1.7377,1.7495,1.1081,0.9453,0.9198,1.1183,0.9455,0.9316,1.1067,0.9147,0.9179,1.0922,0.912,0.8924
1748798591.593359,1.7893,1.7286,1.7565,1.1199,0.9598,0.9187,1.1285,0.9555,0.9281,1.1027,0.9249,0.9485,1.0917,0.9136,0.8797
1748798591.701699,1.7869,1.7366,1.7487,1.111,0.948,0.9278,1.1137,0.9434,0.9313,1.0919,0.9141,0.9257,1.0927,0.9195,0.898
1748798591.814464,1.7855,1.7229,1.7417,1.1073,0.9386,0.9273,1.1218,0.9498,0.9251,1.1086,0.9168,0.934,1.0879,0.9265,0.8953
1748798591.927545,1.7756,1.7108,1.7353,1.1038,0.9455,0.9173,1.1239,0.9646,0.9257,1.0984,0.931,0.9402,1.0758,0.9232,0.898
1748798592.040809,1.7729,1.7055,1.7213,1.0917,0.9517,0.9254,1.1242,0.9506,0.927,1.1054,0.9206,0.9383,1.0831,0.9195,0.8789
1748798592.154073,1.7621,1.7049,1.7264,1.1056,0.9547,0.9235,1.1212,0.959,0.9275,1.0946,0.9254,0.9488,1.0772,0.9117,0.8937
1748798592.266573,1.7683,1.7041,1.7095,1.0984,0.9426,0.9273,1.1172,0.9515,0.927,1.0981,0.9216,0.945,1.0721,0.9071,0.8953
1748798592.379516,1.7675,1.7006,1.7087,1.0992,0.9566,0.9281,1.1051,0.9469,0.9259,1.0909,0.9122,0.9273,1.0796,0.9069,0.8848
1748798592.49277,1.7552,1.7041,1.7119,1.1,0.9493,0.9246,1.1099,0.9372,0.9222,1.0766,0.9098,0.8921,1.0866,0.9058,0.8832
1748798592.610178,1.7533,1.6966,1.7143,1.1011,0.9378,0.9259,1.1244,0.9434,0.9418,1.1086,0.9171,0.938,1.0936,0.9165,0.8993
1748798592.7188962,1.7689,1.717,1.7157,1.0995,0.9477,0.93,1.1177,0.9592,0.9243,1.0917,0.9163,0.945,1.075,0.92,0.8972
1748798592.831553,1.7858,1.7358,1.7415,1.1048,0.9501,0.9208,1.1064,0.949,0.9278,1.1059,0.9243,0.9488,1.0874,0.912,0.8899
1748798592.944588,1.8014,1.7339,1.7433,1.1218,0.9498,0.9214,1.1293,0.9614,0.9206,1.1188,0.9292,0.9466,1.1091,0.9246,0.8924
1748798593.0577438,1.8301,1.7697,1.7807,1.1416,0.9463,0.9273,1.1642,0.9474,0.9238,1.1615,0.9257,0.9485,1.1301,0.9241,0.8985
1748798593.1714518,1.8532,1.7656,1.7879,1.2083,0.9549,0.9275,1.226,0.9775,0.9308,1.223,0.9415,0.9705,1.1946,0.9437,0.8862
1748798593.288845,1.8285,1.7399,1.7522,1.2453,0.97,0.9326,1.2714,0.9737,0.9324,1.2781,0.9493,0.9783,1.241,0.9466,0.902
1748798593.396508,1.8204,1.706,1.7283,1.2628,0.977,0.9214,1.2996,0.9652,0.9353,1.3055,0.9619,1.0148,1.2714,0.9477,0.8969
1748798593.509711,1.7965,1.6834,1.6971,1.2416,0.9775,0.9128,1.2711,0.9759,0.916,1.2789,0.9625,0.9915,1.2322,0.9412,0.8916
1748798593.6226618,1.7726,1.6297,1.6735,1.2225,0.97,0.9316,1.2496,0.9614,0.9278,1.2622,0.9485,0.9985,1.2324,0.9359,0.8945
1748798593.7355928,1.7828,1.6907,1.6982,1.2187,0.9754,0.9203,1.2332,0.981,0.9251,1.23,0.945,0.9729,1.2021,0.9506,0.8953
1748798593.8485389,1.8242,1.7624,1.774,1.1873,0.9652,0.9337,1.2109,0.9611,0.9321,1.2088,0.9482,0.9799,1.1825,0.9426,0.895
1748798593.961586,1.8261,1.7651,1.793,1.1615,0.9592,0.9265,1.1817,0.9729,0.9208,1.1814,0.9472,0.9805,1.1462,0.9329,0.891
1748798594.074503,1.8425,1.7804,1.8035,1.1403,0.9574,0.9214,1.1529,0.97,0.913,1.14,0.9329,0.9676,1.1258,0.9455,0.8797
1748798594.188891,1.836,1.7772,1.7866,1.1282,0.9619,0.9335,1.1467,0.9622,0.9176,1.1239,0.9552,0.9563,1.1056,0.9348,0.8881
1748798594.3008692,1.8153,1.775,1.792,1.1116,0.9531,0.9144,1.136,0.967,0.9284,1.1121,0.9361,0.9643,1.096,0.9273,0.8937
1748798594.413513,1.8073,1.7554,1.764,1.1193,0.9498,0.9297,1.1454,0.9614,0.9122,1.1207,0.9329,0.9665,1.1,0.9262,0.8827
1748798594.526722,1.7834,1.7184,1.7444,1.1253,0.9571,0.9351,1.1274,0.9485,0.9224,1.1124,0.9402,0.9555,1.0933,0.9289,0.8953
1748798594.6396108,1.7834,1.72,1.7245,1.1126,0.9635,0.9305,1.1314,0.9713,0.9198,1.118,0.9407,0.9523,1.1038,0.9251,0.8819
1748798594.757532,1.7839,1.7192,1.7471,1.1132,0.9463,0.9284,1.1309,0.9552,0.9318,1.1218,0.9305,0.9662,1.1048,0.9275,0.901
1748798594.86622,1.7938,1.7587,1.7511,1.118,0.9549,0.9286,1.1279,0.9574,0.9278,1.1073,0.9356,0.9523,1.0868,0.9173,0.8813
1748798594.978688,1.7998,1.7479,1.7519,1.0987,0.9461,0.9273,1.1193,0.9455,0.93,1.0938,0.9138,0.9504,1.0866,0.9318,0.8873
1748798595.091564,1.775,1.7248,1.7401,1.107,0.9477,0.9297,1.1167,0.959,0.9254,1.1062,0.934,0.9504,1.0893,0.9246,0.8859
1748798595.20471,1.7689,1.7095,1.7194,1.1005,0.9531,0.9179,1.1145,0.9563,0.9176,1.1,0.9203,0.9482,1.0761,0.9095,0.8867
1748798595.320818,1.7694,1.7044,1.7154,1.0995,0.9498,0.923,1.1218,0.9482,0.9281,1.0995,0.9249,0.9536,1.0893,0.9082,0.894
1748798595.430565,1.746,1.7057,1.7036,1.096,0.9504,0.9136,1.1038,0.9429,0.9238,1.093,0.9267,0.949,1.0828,0.9181,0.8848
1748798595.543658,1.7519,1.6861,1.709,1.0995,0.9509,0.9171,1.1113,0.9515,0.9249,1.0901,0.9232,0.9455,1.0734,0.927,0.891
1748798595.656537,1.7364,1.6832,1.6961,1.0804,0.9506,0.9251,1.1183,0.9676,0.9321,1.0842,0.9152,0.9439,1.0702,0.9198,0.8811
1748798595.772821,1.7248,1.674,1.6937,1.0919,0.9369,0.9241,1.1239,0.9482,0.9173,1.1,0.9267,0.9431,1.0825,0.9187,0.9028
1748798595.883248,1.7345,1.6781,1.6816,1.1129,0.9447,0.9232,1.1304,0.9536,0.9149,1.1089,0.9305,0.9477,1.0962,0.9326,0.8899
1748798595.995709,1.7463,1.6848,1.6762,1.1121,0.9404,0.9302,1.1403,0.9558,0.9353,1.115,0.9335,0.9463,1.1003,0.9122,0.8835
1748798596.1089,1.7364,1.6598,1.6786,1.0979,0.9539,0.9171,1.1277,0.9566,0.9227,1.1134,0.9367,0.9525,1.0933,0.9249,0.8873
1748798596.2244108,1.7364,1.6676,1.6786,1.0987,0.9431,0.9152,1.1188,0.9528,0.9195,1.1054,0.9165,0.9469,1.0952,0.92,0.8958
1748798596.334974,1.7251,1.6743,1.6789,1.1051,0.9466,0.9206,1.1193,0.9474,0.9265,1.1081,0.9246,0.9458,1.0903,0.9093,0.8881
1748798596.447603,1.7337,1.6598,1.6649,1.0927,0.9404,0.9246,1.1247,0.9353,0.9224,1.0919,0.9257,0.9316,1.0686,0.9257,0.8899
1748798596.560823,1.7219,1.655,1.6813,1.0973,0.9329,0.9098,1.1199,0.9582,0.927,1.0976,0.9232,0.9402,1.0756,0.9246,0.8813
1748798596.673707,1.7264,1.6582,1.6722,1.0919,0.9461,0.9267,1.104,0.9579,0.9171,1.0874,0.9289,0.9509,1.0653,0.9208,0.8937
1748798596.786755,1.7291,1.6708,1.6861,1.0852,0.9463,0.9173,1.1081,0.9415,0.9141,1.1,0.9211,0.9493,1.0629,0.9184,0.891
1748798596.8997812,1.7519,1.6802,1.6985,1.0895,0.9485,0.9249,1.1113,0.9619,0.9329,1.0949,0.9265,0.948,1.0742,0.9241,0.8967
1748798597.012575,1.7584,1.6955,1.7216,1.0871,0.9531,0.9141,1.1188,0.9598,0.9321,1.0922,0.9286,0.9332,1.0753,0.9176,0.8902
1748798597.12576,1.7673,1.6942,1.7135,1.1035,0.9477,0.9294,1.1083,0.949,0.9163,1.097,0.9267,0.9458,1.0844,0.9173,0.8958
1748798597.23906,1.7858,1.7275,1.742,1.0984,0.9622,0.9262,1.1231,0.9686,0.927,1.0952,0.9224,0.9523,1.0656,0.9147,0.8867
1748798597.351815,1.8032,1.7562,1.7579,1.104,0.9595,0.9284,1.1132,0.9582,0.9238,1.0893,0.9292,0.9477,1.0831,0.9316,0.9125
1748798597.4645991,1.8148,1.7758,1.7871,1.0976,0.9571,0.9318,1.1153,0.9603,0.9345,1.0989,0.9203,0.9531,1.0726,0.9278,0.9004
1748798597.5778491,1.8441,1.7936,1.8016,1.1126,0.9541,0.9359,1.1207,0.959,0.9332,1.104,0.9353,0.9284,1.0782,0.9138,0.8897
1748798597.690681,1.8615,1.8049,1.8199,1.1266,0.9654,0.9404,1.1355,0.9665,0.9294,1.093,0.9187,0.9251,1.0933,0.9128,0.9055
1748798597.809752,1.858,1.8089,1.8153,1.132,0.9697,0.9332,1.1357,0.9692,0.9243,1.1003,0.9149,0.9493,1.0863,0.9364,0.8964
1748798597.91696,1.8462,1.8051,1.8116,1.1298,0.9606,0.9429,1.1287,0.956,0.9267,1.0981,0.9238,0.9173,1.0825,0.9211,0.8956
1748798598.029778,1.8387,1.7885,1.7963,1.1091,0.966,0.9326,1.1193,0.9609,0.9286,1.0917,0.913,0.9144,1.082,0.9187,0.8964
1748798598.142726,1.8293,1.7906,1.7912,1.1021,0.9619,0.9329,1.115,0.9539,0.9343,1.0696,0.8991,0.916,1.0656,0.9168,0.8921
1748798598.255769,1.8263,1.7801,1.7973,1.1021,0.9617,0.9313,1.1124,0.9617,0.9292,1.0833,0.9074,0.9152,1.0656,0.9001,0.8897
1748798598.3689752,1.8242,1.7678,1.781,1.1051,0.9474,0.9324,1.1105,0.9399,0.9297,1.0611,0.9071,0.9085,1.0705,0.9227,0.8907
1748798598.4816298,1.8172,1.7627,1.771,1.0995,0.9619,0.9375,1.1038,0.9619,0.9353,1.0745,0.9284,0.9136,1.0675,0.919,0.8889
1748798598.594881,1.8065,1.7557,1.7616,1.0825,0.9625,0.9286,1.0941,0.9504,0.9324,1.064,0.9104,0.8983,1.0581,0.923,0.8881
1748798598.707668,1.814,1.7667,1.763,1.089,0.956,0.9313,1.0989,0.9603,0.9348,1.0632,0.8975,0.9071,1.0616,0.9147,0.8827
1748798598.8234508,1.8309,1.7681,1.7783,1.0718,0.945,0.9348,1.0944,0.959,0.9294,1.0726,0.9198,0.9493,1.0554,0.9176,0.8953
1748798598.9339478,1.7925,1.7471,1.7608,1.0957,0.9568,0.9278,1.0887,0.9555,0.9364,1.0659,0.9087,0.9335,1.0498,0.9281,0.894
1748798599.046706,1.7764,1.7369,1.7374,1.0764,0.9539,0.9386,1.0804,0.9501,0.9227,1.0672,0.9184,0.9329,1.0441,0.9114,0.8948
1748798599.159898,1.7705,1.7248,1.7256,1.0761,0.948,0.9329,1.0962,0.9552,0.9337,1.0643,0.9222,0.9235,1.0559,0.9171,0.8886
1748798599.2727811,1.7729,1.7243,1.735,1.0726,0.9431,0.9267,1.0801,0.9536,0.9345,1.049,0.9136,0.9125,1.0474,0.927,0.9015
1748798599.3859992,1.7718,1.7262,1.7237,1.0761,0.9472,0.9372,1.0882,0.9547,0.9407,1.0522,0.9047,0.9026,1.0452,0.9168,0.8907
1748798599.498677,1.764,1.7192,1.7262,1.0702,0.956,0.9426,1.0807,0.9541,0.9351,1.0436,0.9093,0.9082,1.05,0.9211,0.8983
1748798599.611854,1.7689,1.7339,1.7364,1.0745,0.9498,0.9286,1.0852,0.9461,0.9388,1.0533,0.905,0.9149,1.0463,0.9189,0.887
1748798599.72471,1.7699,1.7141,1.7401,1.0729,0.9445,0.9386,1.085,0.9528,0.9361,1.0441,0.9007,0.9125,1.0506,0.8969,0.8905
1748798599.8405728,1.7734,1.7133,1.7299,1.0747,0.9515,0.9251,1.0906,0.9576,0.9399,1.0611,0.8993,0.9031,1.05,0.9179,0.8835
1748798599.951091,1.7613,1.7068,1.7168,1.0707,0.948,0.9227,1.0903,0.9533,0.9461,1.0409,0.9144,0.9155,1.0498,0.9176,0.8781
1748798600.063699,1.7511,1.7014,1.7082,1.0766,0.9466,0.941,1.0906,0.9485,0.9235,1.0527,0.9079,0.9066,1.0444,0.923,0.8924
1748798600.176754,1.7533,1.7009,1.7133,1.0799,0.9552,0.9281,1.0844,0.9372,0.9426,1.0433,0.9232,0.9155,1.0525,0.9044,0.8958
1748798600.2897122,1.7428,1.6902,1.7009,1.0747,0.9504,0.9251,1.0796,0.9536,0.9235,1.0433,0.891,0.8897,1.0487,0.9034,0.8958
1748798600.40658,1.7347,1.6931,1.7036,1.0742,0.9544,0.9318,1.0766,0.9412,0.9364,1.0449,0.8993,0.9007,1.0369,0.9061,0.8873
1748798600.5159092,1.7404,1.6856,1.6977,1.0737,0.938,0.9275,1.0747,0.9324,0.9412,1.0404,0.9036,0.8975,1.0355,0.9047,0.8867
1748798600.628897,1.7495,1.6915,1.702,1.0796,0.9466,0.927,1.0866,0.952,0.9313,1.0412,0.9047,0.891,1.0396,0.9147,0.8813
1748798600.741853,1.7417,1.6937,1.7017,1.0772,0.9434,0.9224,1.0723,0.9386,0.9348,1.0484,0.8945,0.8977,1.0439,0.9106,0.8937
1748798600.855154,1.7621,1.7186,1.7194,1.0664,0.9474,0.9267,1.0694,0.9423,0.9305,1.0261,0.9047,0.884,1.0412,0.92,0.8916
1748798600.968896,1.7646,1.7178,1.7356,1.0688,0.9477,0.927,1.071,0.9372,0.9343,1.0396,0.9047,0.8883,1.0315,0.9144,0.8942
1748798601.080807,1.7726,1.7071,1.7221,1.0683,0.9372,0.9281,1.0742,0.9407,0.9356,1.0353,0.9012,0.8862,1.0428,0.9106,0.9018
1748798601.194025,1.7417,1.6945,1.7017,1.0602,0.9399,0.9289,1.0742,0.9402,0.9402,1.046,0.8961,0.9082,1.042,0.9254,0.8948
1748798601.3067389,1.7433,1.6834,1.7006,1.0629,0.9512,0.9289,1.0812,0.9461,0.9375,1.0602,0.9095,0.9351,1.0323,0.9203,0.8856
1748798601.420696,1.7227,1.6802,1.6894,1.0584,0.9584,0.9275,1.0764,0.9445,0.9329,1.0452,0.9249,0.9133,1.0468,0.9136,0.8811
1748798601.533539,1.7205,1.6802,1.6899,1.0602,0.9351,0.9181,1.0723,0.948,0.9418,1.031,0.9125,0.9063,1.0369,0.9163,0.8889
1748798601.645901,1.7358,1.6692,1.6896,1.078,0.9431,0.9251,1.0747,0.9324,0.92,1.0431,0.8983,0.8937,1.0312,0.9168,0.895
1748798601.7589052,1.727,1.6789,1.6816,1.0627,0.9337,0.9262,1.0758,0.9453,0.9275,1.0393,0.9063,0.8864,1.0296,0.9109,0.8926
1748798601.8718562,1.7168,1.6821,1.6821,1.0565,0.9423,0.9265,1.0871,0.941,0.9356,1.0275,0.9079,0.8945,1.0444,0.8996,0.8878
1748798601.9864771,1.7345,1.6845,1.6974,1.0742,0.9463,0.9345,1.071,0.9504,0.9313,1.0616,0.9087,0.8945,1.0457,0.9063,0.8945
1748798602.098479,1.7957,1.7407,1.7509,1.0699,0.9504,0.9294,1.096,0.9603,0.9391,1.0468,0.9007,0.884,1.0487,0.9125,0.8956
1748798602.210997,1.8075,1.7656,1.781,1.0662,0.9501,0.9241,1.078,0.9525,0.9345,1.0444,0.8988,0.8924,1.0431,0.9184,0.8875
1748798602.323767,1.7855,1.7519,1.7479,1.0659,0.9555,0.9308,1.0809,0.9482,0.9364,1.039,0.9077,0.8848,1.0318,0.9007,0.8824
1748798602.436952,1.7729,1.7339,1.7509,1.067,0.9547,0.9345,1.0694,0.941,0.9289,1.0224,0.8993,0.8867,1.0355,0.9085,0.8905
1748798602.5507321,1.7648,1.7208,1.728,1.0613,0.9504,0.9281,1.0774,0.9458,0.9249,1.0202,0.8956,0.898,1.0302,0.9195,0.8854
1748798602.662869,1.7554,1.7146,1.7321,1.05,0.9501,0.9412,1.086,0.9501,0.931,1.0294,0.891,0.883,1.0186,0.9101,0.8937
1748798602.7759721,1.7476,1.7063,1.7111,1.0659,0.938,0.9313,1.0842,0.9356,0.9267,1.0312,0.8977,0.8891,1.0307,0.9141,0.8921
1748798602.8888152,1.746,1.6982,1.7106,1.0667,0.952,0.9437,1.0718,0.9509,0.9367,1.0256,0.9004,0.8787,1.0291,0.9023,0.88
1748798603.002315,1.7527,1.7146,1.7111,1.0503,0.9528,0.9302,1.0664,0.9394,0.9353,1.0275,0.8838,0.8891,1.0428,0.9203,0.8899
1748798603.115962,1.7621,1.7248,1.7294,1.0525,0.9509,0.9294,1.0804,0.9399,0.92,1.0189,0.8983,0.8741,1.0385,0.9101,0.891
1748798603.228061,1.8049,1.7605,1.7729,1.0777,0.9469,0.9173,1.0914,0.9488,0.9222,1.05,0.8838,0.8808,1.0474,0.9128,0.8956
1748798603.340808,1.8102,1.7613,1.7624,1.078,0.9493,0.9337,1.0944,0.9466,0.9203,1.0312,0.905,0.8827,1.0463,0.9195,0.8948
1748798603.4538682,1.8043,1.7568,1.7726,1.0731,0.945,0.9326,1.0909,0.9512,0.9265,1.0479,0.8967,0.8851,1.05,0.9098,0.8983
1748798603.569907,1.811,1.7613,1.7718,1.0691,0.9394,0.923,1.0823,0.9536,0.9396,1.0264,0.8929,0.8803,1.0412,0.9114,0.887
1748798603.6802838,1.7963,1.7691,1.7793,1.0613,0.963,0.9214,1.0772,0.9378,0.9501,1.0363,0.9044,0.876,1.042,0.905,0.9036
1748798603.7928882,1.8049,1.76,1.7758,1.0637,0.9383,0.9318,1.0761,0.9533,0.9348,1.0318,0.9028,0.8846,1.0347,0.9109,0.8956
1748798603.9058418,1.8078,1.7681,1.7732,1.0653,0.9496,0.9254,1.0627,0.9531,0.9222,1.032,0.9023,0.8781,1.0232,0.912,0.8985
1748798604.01906,1.7882,1.7581,1.7482,1.0551,0.9434,0.9222,1.078,0.9329,0.9284,1.0288,0.9053,0.88,1.0307,0.8993,0.8894
1748798604.1365361,1.7828,1.7321,1.7393,1.0457,0.9361,0.9238,1.0705,0.9394,0.9316,1.0331,0.901,0.8854,1.0406,0.9071,0.8934
1748798604.2453609,1.7702,1.7442,1.7407,1.0498,0.9447,0.9203,1.0594,0.9498,0.9184,1.0208,0.8897,0.8701,1.028,0.9095,0.9044
1748798604.357882,1.7818,1.746,1.7388,1.0565,0.9458,0.9316,1.0664,0.9493,0.9265,1.0304,0.894,0.8827,1.0259,0.902,0.8964
1748798604.470876,1.7635,1.72,1.7393,1.0551,0.9528,0.9316,1.064,0.9361,0.9219,1.0218,0.8975,0.8883,1.0267,0.8964,0.8996
1748798604.5838451,1.7742,1.7253,1.7259,1.0576,0.9415,0.9284,1.0584,0.9488,0.9326,1.0138,0.8942,0.8808,1.0178,0.9036,0.8894
1748798604.698294,1.7667,1.7184,1.7433,1.0578,0.9386,0.9302,1.0675,0.9539,0.9257,1.0237,0.8897,0.8832,1.0124,0.8983,0.9031
1748798604.810034,1.7721,1.7339,1.7401,1.0632,0.952,0.9292,1.0656,0.9399,0.9286,1.0151,0.9001,0.8862,1.0178,0.9163,0.8975
1748798604.922872,1.7603,1.7168,1.717,1.0656,0.9388,0.9404,1.0742,0.9506,0.9297,1.02,0.894,0.8846,1.0237,0.9109,0.8821
1748798605.036086,1.756,1.7224,1.7315,1.0597,0.9383,0.9251,1.0511,0.9558,0.9396,1.0084,0.8993,0.8883,1.0205,0.8991,0.8956
1748798605.1491451,1.7643,1.709,1.7251,1.0611,0.9447,0.9278,1.0597,0.9396,0.9214,1.0143,0.9015,0.883,1.0213,0.9079,0.8835
1748798605.262548,1.756,1.7055,1.7178,1.0484,0.9536,0.9254,1.0557,0.9394,0.9426,1.0073,0.9031,0.8916,1.0173,0.8969,0.8843
1748798605.3753831,1.764,1.7272,1.7192,1.0568,0.9396,0.93,1.0656,0.9541,0.9238,1.0194,0.8875,0.8878,1.02,0.9047,0.8862
1748798605.487917,1.7791,1.7235,1.7447,1.0713,0.9423,0.9335,1.0745,0.9496,0.9241,1.0358,0.9042,0.9125,1.0331,0.9028,0.8929
1748798605.600886,1.7955,1.7458,1.7675,1.0578,0.9592,0.9278,1.0761,0.9498,0.9345,1.0393,0.9114,0.9308,1.0315,0.916,0.8932
1748798605.714067,1.7683,1.7275,1.7428,1.0562,0.9445,0.9241,1.0624,0.9695,0.9284,1.0514,0.902,0.9302,1.0393,0.9042,0.8859
