timestamp,R0C0,R0C1,R0C2,R1C0,R1C1,R1C2,R2C0,R2C1,R2C2,R3C0,R3C1,R3C2,R4C0,R4C1,R4C2
1748935017.614581,1.464,1.4218,1.4261,1.0114,0.945,0.9378,1.1285,1.068,1.0573,1.0229,0.9482,0.9767,0.9883,0.9246,0.8961
1748935017.741761,1.4551,1.4092,1.4309,1.0049,0.9431,0.9345,1.1349,1.0782,1.0597,1.0291,0.9576,0.9735,0.9952,0.9281,0.9061
1748935017.8352919,1.4559,1.4035,1.4317,0.9912,0.9329,0.9329,1.1322,1.0624,1.0613,1.0234,0.9544,0.9627,0.9848,0.9257,0.8921
1748935017.948748,1.4444,1.4095,1.4221,0.9998,0.9501,0.9383,1.1253,1.0533,1.064,1.0251,0.9501,0.9689,0.9778,0.9189,0.8996
1748935018.062609,1.4441,1.3923,1.4189,1.0001,0.9461,0.9326,1.1457,1.0597,1.0543,1.0312,0.9587,0.9606,0.9931,0.9176,0.8956
1748935018.177027,1.5317,1.4911,1.4949,1.0256,0.9426,0.9453,1.1516,1.0756,1.0549,1.0576,0.9571,0.984,1.0044,0.9211,0.8932
1748935018.290743,1.6829,1.6286,1.644,1.0613,0.9525,0.9458,1.1967,1.0825,1.067,1.103,0.9506,0.9818,1.0425,0.9318,0.8905
1748935018.404458,1.8191,1.7721,1.7651,1.1497,0.9764,0.9509,1.277,1.1054,1.0903,1.1795,0.9504,0.9823,1.122,0.9356,0.9018
1748935018.5254972,1.8532,1.7941,1.793,1.1999,0.9778,0.9574,1.3173,1.0925,1.0723,1.2085,0.9708,0.9928,1.1631,0.9308,0.895
1748935018.632569,1.8126,1.7444,1.7624,1.1811,0.9858,0.9547,1.269,1.0769,1.067,1.1897,0.9619,0.9861,1.1373,0.9297,0.8934
1748935018.746594,1.7971,1.7372,1.7417,1.1698,0.9783,0.9592,1.2622,1.0731,1.0648,1.1854,0.9584,0.9807,1.132,0.9246,0.9055
1748935018.8628259,1.7979,1.7278,1.7468,1.1768,0.9802,0.9609,1.2698,1.0629,1.0519,1.1758,0.9544,0.9735,1.1379,0.9251,0.8996
1748935018.974539,1.8341,1.767,1.7748,1.2187,0.9858,0.9635,1.298,1.0702,1.049,1.2066,0.9477,0.9837,1.1846,0.9232,0.9023
1748935019.088489,1.8296,1.7552,1.7619,1.2222,0.9866,0.9571,1.3084,1.0645,1.0484,1.2201,0.9686,0.9832,1.1857,0.9259,0.9044
1748935019.2028549,1.846,1.7726,1.7796,1.233,0.9737,0.9463,1.3324,1.0651,1.0441,1.2416,0.9531,0.9818,1.2168,0.9386,0.913
1748935019.316772,1.8755,1.7826,1.7922,1.288,0.9746,0.9603,1.3804,1.0635,1.0455,1.3093,0.9646,0.9915,1.2708,0.927,0.9047
1748935019.430975,1.9263,1.8132,1.8231,1.3641,0.9856,0.9552,1.4352,1.0594,1.0285,1.3665,0.9563,0.9633,1.3396,0.9259,0.9058
1748935019.546148,1.9018,1.7906,1.7998,1.3635,0.9931,0.96,1.4111,1.0562,1.0326,1.3391,0.9665,0.9665,1.3154,0.9238,0.9018
1748935019.6585112,1.9085,1.7933,1.8003,1.3603,0.999,0.9493,1.4253,1.0479,1.0366,1.3624,0.9713,0.996,1.3278,0.9324,0.8993
1748935019.77263,1.9233,1.8075,1.8156,1.3839,0.9872,0.9568,1.4403,1.0538,1.0267,1.3834,0.967,0.996,1.356,0.9241,0.8991
1748935019.8903701,1.9249,1.8188,1.8221,1.3837,0.9952,0.9614,1.4277,1.0441,1.014,1.3807,0.9606,0.97,1.3512,0.9313,0.9007
1748935020.000669,1.9306,1.8223,1.8403,1.3686,0.9848,0.967,1.4127,1.0479,1.0296,1.3595,0.9732,0.977,1.3294,0.9281,0.9039
1748935020.1146162,1.9037,1.8006,1.8126,1.3436,0.9872,0.9568,1.3936,1.0452,1.014,1.3423,0.9654,0.9818,1.3033,0.9372,0.9031
1748935020.2286358,1.8715,1.7724,1.7729,1.3297,0.9869,0.9627,1.3799,1.0417,1.0229,1.3259,0.9525,0.9748,1.2934,0.9329,0.8934
1748935020.342557,1.8642,1.7627,1.7689,1.3103,0.9778,0.9662,1.3608,1.0393,1.0218,1.3007,0.9579,0.9654,1.2741,0.9262,0.8942
1748935020.468596,1.8602,1.7541,1.7616,1.2964,0.9917,0.9662,1.352,1.0393,1.0138,1.2776,0.9458,0.9506,1.2751,0.9265,0.9004
1748935020.570626,1.8406,1.745,1.7576,1.2913,0.9958,0.9609,1.3439,1.0353,1.0216,1.2652,0.9351,0.9353,1.2467,0.9267,0.9026
1748935020.6846058,1.8349,1.7372,1.7484,1.2843,0.9805,0.9533,1.334,1.0294,1.0173,1.2614,0.9434,0.934,1.2445,0.9257,0.901
1748935020.8021278,1.8336,1.727,1.7476,1.2896,0.9896,0.9525,1.3493,1.0345,1.0124,1.2644,0.9324,0.9399,1.2445,0.9375,0.9066
1748935020.9126458,1.8368,1.728,1.7482,1.2829,0.985,0.9625,1.3418,1.0283,1.0186,1.269,0.9343,0.9297,1.2389,0.9232,0.9098
1748935021.026624,1.8301,1.7315,1.7439,1.288,0.9805,0.9571,1.3337,1.0406,1.0009,1.2741,0.9359,0.9472,1.2655,0.9284,0.8969
1748935021.1406422,1.836,1.7342,1.7396,1.3101,0.9832,0.9643,1.3638,1.0304,1.0183,1.3001,0.9517,0.941,1.284,0.9284,0.9001
1748935021.254613,1.8339,1.7423,1.7428,1.3074,0.9829,0.9549,1.352,1.0315,1.0175,1.2907,0.945,0.9404,1.2754,0.9313,0.9001
1748935021.374431,1.8183,1.7143,1.7194,1.2754,0.9834,0.949,1.3358,1.0379,1.0122,1.2644,0.9445,0.9302,1.2585,0.9168,0.8996
1748935021.482626,1.8084,1.7063,1.7253,1.2663,0.981,0.9488,1.3289,1.0304,1.0124,1.2467,0.9453,0.9375,1.237,0.9345,0.9098
1748935021.596627,1.8049,1.702,1.7079,1.262,0.9799,0.967,1.3235,1.0285,1.0049,1.2453,0.9353,0.941,1.2279,0.9206,0.9031
1748935021.710777,1.8129,1.699,1.7125,1.2738,0.9727,0.9474,1.3181,1.0285,1.0124,1.2354,0.9326,0.938,1.2319,0.9251,0.8993
1748935021.824725,1.7987,1.6937,1.7079,1.27,0.981,0.9437,1.3101,1.0226,1.0063,1.2453,0.9348,0.9399,1.2244,0.9292,0.8964
1748935021.938991,1.8057,1.7165,1.7149,1.2432,0.9721,0.9541,1.3111,1.0216,1.0038,1.2418,0.9364,0.9426,1.2222,0.9332,0.8975
1748935022.0526478,1.432,1.1937,1.1838,1.259,0.9802,0.9549,1.3042,1.0299,1.013,1.2238,0.9359,0.9372,1.2123,0.9294,0.9112
1748935022.166667,1.4409,1.237,1.5478,1.237,0.9818,0.952,1.2988,1.0253,0.9995,1.2276,0.938,0.9278,1.2128,0.9326,0.8958
1748935022.285996,1.659,1.5078,1.515,1.2432,0.9807,0.9541,1.2942,1.0331,1.0028,1.2225,0.9345,0.9332,1.2117,0.9259,0.902
1748935022.39469,1.3778,1.1282,1.0887,1.241,0.9708,0.9496,1.3076,1.0245,0.9955,1.2187,0.9222,0.9281,1.2134,0.9257,0.9001
1748935022.508658,1.3109,1.0406,1.0213,1.2483,0.9754,0.9498,1.3071,1.0181,1.0103,1.2346,0.9302,0.9332,1.2236,0.9246,0.901
1748935022.6226711,1.2816,1.0054,0.981,1.2424,0.9799,0.9568,1.2942,1.0307,1.0054,1.2308,0.934,0.9337,1.204,0.9262,0.9018
1748935022.7366772,1.2716,0.9968,0.9673,1.2496,0.974,0.9485,1.2969,1.0302,1.0127,1.23,0.9289,0.9343,1.2185,0.9254,0.9112
1748935022.8528671,1.2429,0.9705,0.9332,1.2346,0.9791,0.9536,1.2961,1.0191,1.0014,1.2211,0.9367,0.9318,1.2211,0.9173,0.9053
1748935022.9646878,1.237,0.9606,0.9399,1.2383,0.9711,0.9558,1.2977,1.0216,1.0132,1.2214,0.9345,0.9345,1.2236,0.9251,0.902
1748935023.078791,1.2284,0.9477,0.9152,1.2319,0.9762,0.9528,1.3009,1.0189,1.0038,1.2241,0.9353,0.9235,1.204,0.9224,0.9031
1748935023.193076,1.2276,0.9445,0.9211,1.248,0.9676,0.9463,1.2945,1.0269,1.0081,1.2174,0.9286,0.9206,1.2061,0.9302,0.8985
1748935023.306766,1.23,0.9412,0.9042,1.2391,0.9705,0.9523,1.2886,1.0253,0.9963,1.2254,0.9453,0.9297,1.2203,0.9232,0.905
1748935023.420802,1.2305,0.9386,0.9173,1.2432,0.9695,0.9544,1.2982,1.0127,0.9944,1.2263,0.9335,0.9372,1.2179,0.9289,0.8985
1748935023.534739,1.2289,0.948,0.9155,1.2477,0.9778,0.9439,1.3044,1.0342,1.0006,1.2418,0.9386,0.9515,1.2158,0.9335,0.8975
1748935023.648711,1.2225,0.9466,0.9171,1.237,0.9832,0.956,1.3007,1.0221,0.9966,1.2488,0.948,0.963,1.219,0.9265,0.8972
1748935023.772655,1.2319,0.948,0.9069,1.2421,0.9676,0.9421,1.2862,1.0151,1.0157,1.233,0.9482,0.9549,1.2147,0.92,0.905
1748935023.876707,1.2249,0.9447,0.9112,1.2378,0.9721,0.9541,1.2872,1.0224,1.0028,1.2265,0.9353,0.9313,1.2168,0.9332,0.8926
1748935023.990755,1.2289,0.9399,0.9114,1.2346,0.9737,0.9576,1.2956,1.0285,1.0006,1.2429,0.9412,0.9614,1.2126,0.9337,0.9058
1748935024.106854,1.2166,0.9442,0.9224,1.2432,0.9912,0.9488,1.284,1.0143,1.0049,1.2303,0.9536,0.9729,1.2112,0.9394,0.8972
1748935024.2187688,1.2314,0.9367,0.9136,1.2555,0.9754,0.9614,1.2961,1.0122,1.0127,1.2279,0.9278,0.9367,1.2101,0.9316,0.9001
1748935024.332764,1.2295,0.93,0.905,1.2332,0.9719,0.9517,1.288,1.0178,0.9947,1.2061,0.9219,0.9345,1.2101,0.9241,0.9066
1748935024.446733,1.226,0.9359,0.9168,1.2432,0.9866,0.9576,1.2794,1.0146,1.0003,1.2295,0.9388,0.9762,1.208,0.9241,0.9012
1748935024.56074,1.2945,1.0167,0.9732,1.2571,0.9805,0.9531,1.2969,1.0221,0.9985,1.2268,0.931,0.9348,1.2244,0.9176,0.8964
1748935024.683124,1.2792,0.9858,0.9504,1.2676,0.9799,0.9635,1.3095,1.0154,0.9926,1.2558,0.9412,0.9735,1.226,0.9265,0.8964
1748935024.78877,1.3213,1.0388,1.01,1.2759,0.9853,0.9474,1.323,1.0202,1.0044,1.2622,0.9461,0.9378,1.237,0.9337,0.8934
1748935024.902775,1.3095,0.9872,0.952,1.3114,0.9909,0.952,1.3444,1.0178,1.0124,1.2996,0.9536,0.9735,1.2749,0.9254,0.905
1748935025.016885,1.302,0.9778,0.9412,1.2964,0.9883,0.9652,1.3412,1.0288,0.9982,1.2845,0.9388,0.9477,1.2601,0.9324,0.902
1748935025.130769,1.3146,0.9627,0.9308,1.3149,0.985,0.956,1.3528,1.0194,1.0044,1.2982,0.9493,0.9678,1.2805,0.9356,0.902
1748935025.245261,1.3036,0.9531,0.9208,1.3221,0.9834,0.9617,1.3555,1.0234,0.9942,1.3025,0.9523,0.9458,1.2845,0.9364,0.9077
1748935025.358814,1.3216,0.9611,0.9273,1.3262,0.9864,0.9504,1.3632,1.0264,1.0065,1.3197,0.9442,0.9447,1.2856,0.9297,0.8991
1748935025.4728441,1.3136,0.9646,0.9369,1.3181,0.9928,0.9646,1.3603,1.0237,1.0025,1.3052,0.9598,0.9622,1.2816,0.9171,0.8985
1748935025.5871968,1.3106,0.9807,0.949,1.3119,0.9872,0.9558,1.3533,1.017,0.9974,1.309,0.9614,0.9689,1.2768,0.9324,0.9004
1748935025.700829,1.3227,0.9558,0.9267,1.3399,0.9888,0.9719,1.3896,1.0205,1.0092,1.335,0.9504,0.9611,1.3122,0.9284,0.8937
1748935025.816452,1.3369,0.9861,0.9746,1.3248,0.9915,0.97,1.3769,1.0232,1.0014,1.3052,0.9386,0.9466,1.2883,0.9224,0.895
1748935025.9288478,1.3141,0.9622,0.9305,1.3063,0.9883,0.9646,1.3444,1.0165,1.0049,1.2958,0.9386,0.9383,1.2706,0.93,0.9047
1748935026.0428412,1.3208,0.9942,0.9719,1.2907,0.9947,0.967,1.3444,1.0221,0.9995,1.2811,0.9343,0.934,1.2617,0.9222,0.9015
1748935026.1615412,1.2754,0.959,0.9294,1.2921,0.9837,0.9592,1.3211,1.0208,1.0006,1.2601,0.9353,0.9348,1.2442,0.9351,0.8993
1748935026.270806,1.2698,0.9531,0.9211,1.2802,0.9923,0.9643,1.3302,1.02,0.9934,1.2601,0.9249,0.9189,1.259,0.9254,0.9026
1748935026.384812,1.2735,0.9528,0.9216,1.2891,0.9896,0.9665,1.3213,1.0092,0.9977,1.2429,0.9292,0.9343,1.2453,0.9216,0.8999
1748935026.498847,1.2706,0.9582,0.9122,1.2738,0.9928,0.9574,1.317,1.021,1.0011,1.2558,0.9332,0.9249,1.2378,0.927,0.9018
1748935026.612822,1.2684,0.9606,0.9275,1.2862,0.9899,0.9544,1.3117,1.0189,0.9926,1.2553,0.9369,0.9348,1.2338,0.9219,0.8983
1748935026.7360058,1.2633,0.952,0.9203,1.2835,0.9874,0.9547,1.3127,1.0063,0.9947,1.2477,0.9386,0.9442,1.2332,0.9155,0.9036
1748935026.840877,1.2856,0.9482,0.9136,1.2956,0.9874,0.959,1.331,1.0111,1.0127,1.2746,0.9399,0.9426,1.2625,0.9267,0.8945
1748935026.954956,1.2749,0.9555,0.9284,1.2837,0.9829,0.9579,1.3187,1.0084,1.0063,1.2716,0.9388,0.9343,1.2647,0.9294,0.9026
1748935027.0690482,1.2746,0.9501,0.9224,1.2827,0.9821,0.9555,1.3224,1.0191,1.0028,1.2496,0.9353,0.9402,1.2348,0.9292,0.8859
1748935027.182843,1.2512,0.9386,0.9171,1.2781,0.9775,0.9523,1.3278,1.0103,1.0001,1.2496,0.93,0.9343,1.2507,0.93,0.8945
1748935027.297749,1.266,0.9488,0.9219,1.2757,0.9856,0.9579,1.3149,1.0036,1.0003,1.2459,0.9238,0.9359,1.2308,0.9206,0.9039
1748935027.410889,1.2598,0.9515,0.9308,1.27,0.9772,0.9609,1.3017,1.0111,0.9917,1.2518,0.9404,0.9278,1.2314,0.9284,0.902
1748935027.524894,1.2416,0.9437,0.9163,1.2706,0.9789,0.9641,1.3144,1.0073,1.0046,1.2434,0.9313,0.9335,1.2314,0.9214,0.8996
1748935027.642438,1.237,0.9458,0.9165,1.2703,0.9759,0.9528,1.3063,1.0232,0.9907,1.2402,0.9361,0.9249,1.2324,0.9302,0.8921
1748935027.752948,1.2426,0.9469,0.9141,1.2528,0.9877,0.9606,1.3055,1.0213,1.0046,1.234,0.9318,0.9316,1.2254,0.9198,0.9074
1748935027.866911,1.2343,0.9544,0.9165,1.2537,0.9907,0.9587,1.302,1.0157,0.9936,1.2381,0.9356,0.9219,1.223,0.9246,0.8894
1748935027.980876,1.2604,0.9498,0.9136,1.2588,0.9821,0.9609,1.302,1.0079,1.002,1.241,0.9364,0.934,1.2343,0.9257,0.912
1748935028.094953,1.2365,0.9429,0.9171,1.266,0.9885,0.9609,1.2999,1.0122,1.0022,1.237,0.9372,0.9407,1.2265,0.9192,0.8918
1748935028.217126,1.2391,0.9431,0.9031,1.2735,0.9842,0.9541,1.3031,1.0178,0.9944,1.2494,0.9335,0.934,1.2289,0.927,0.9079
1748935028.322912,1.2598,0.9625,0.9235,1.2585,0.9778,0.9555,1.3101,1.0119,0.9926,1.2496,0.9394,0.9361,1.2365,0.9259,0.9152
1748935028.436957,1.2819,0.9429,0.9106,1.2921,0.9837,0.9531,1.3289,1.0208,0.9909,1.2719,0.9281,0.9329,1.2569,0.9216,0.9007
1748935028.550976,1.2937,0.9396,0.9138,1.3109,0.9813,0.948,1.3533,1.0175,0.9939,1.2964,0.9278,0.9504,1.2829,0.9238,0.8977
1748935028.6654022,1.3033,0.9378,0.9071,1.3149,0.9872,0.9592,1.3536,1.0173,1.0065,1.3117,0.9485,0.9635,1.2931,0.938,0.8918
1748935028.783576,1.3082,0.9482,0.9063,1.3283,0.9832,0.9547,1.3536,1.024,0.9987,1.3176,0.9649,0.9735,1.2899,0.9353,0.8945
1748935028.8929338,1.3012,0.9472,0.9109,1.3184,0.9821,0.9638,1.3697,1.0234,1.0014,1.3127,0.9329,0.9329,1.2856,0.9222,0.9082
1748935029.0069382,1.3254,0.9472,0.9157,1.3399,0.985,0.9622,1.3775,1.0208,0.9952,1.3318,0.9515,0.9399,1.3103,0.9243,0.8996
1748935029.1217642,1.3232,0.96,0.9364,1.3291,0.9869,0.9641,1.3716,1.0151,0.9968,1.302,0.9461,0.9437,1.3012,0.9308,0.9031
1748935029.2349792,1.3243,0.9439,0.9187,1.3404,0.9864,0.9716,1.3909,1.0154,0.996,1.3324,0.9445,0.9423,1.3211,0.9211,0.8956
1748935029.350712,1.3842,0.9447,0.9206,1.4046,0.9958,0.9678,1.4573,1.0205,1.0089,1.4078,0.9407,0.952,1.3912,0.9219,0.8985
1748935029.46297,1.4441,0.9523,0.9219,1.4559,0.996,0.9719,1.4844,1.0272,1.0044,1.4401,0.9531,0.9566,1.4269,0.9313,0.8902
1748935029.5769548,1.5088,1.0664,1.0103,1.457,1.0076,0.9721,1.4895,1.0248,1.0011,1.4503,0.9619,0.9676,1.4242,0.9286,0.9044
1748935029.697999,1.4755,0.956,0.9238,1.4801,1.0087,0.9877,1.5164,1.0151,0.9985,1.4852,0.9737,0.9829,1.4551,0.9284,0.8988
1748935029.804974,1.4745,0.9609,0.9211,1.4903,1.0014,0.9805,1.5207,1.0232,1.006,1.4788,0.96,0.9807,1.4527,0.9265,0.8967
1748935029.9189482,1.4377,0.9606,0.9187,1.4594,1.0162,0.9821,1.4898,1.0175,0.996,1.4514,0.9708,0.9928,1.4304,0.9281,0.8967
1748935030.0331771,1.4264,0.9533,0.9208,1.4309,1.0028,0.9797,1.4704,1.0256,1.0001,1.4366,0.9751,0.9802,1.4081,0.9316,0.8967
1748935030.147085,1.4363,0.9606,0.9187,1.4414,1.0052,0.9713,1.4745,1.021,0.9885,1.4444,0.9652,0.985,1.4232,0.9305,0.9109
1748935030.261164,1.4315,0.9474,0.9157,1.4538,0.9944,0.9732,1.4927,1.0208,1.0095,1.4497,0.9689,0.9794,1.4296,0.9297,0.9004
1748935030.3751621,1.4479,0.9442,0.9157,1.4583,1.0038,0.9759,1.4943,1.0095,0.9912,1.457,0.9746,0.974,1.4457,0.9313,0.9085
1748935030.4890518,1.4371,0.9472,0.9195,1.4495,1.0011,0.984,1.4882,1.0143,0.9893,1.4481,0.96,0.9883,1.4127,0.927,0.8929
1748935030.604471,1.4272,0.9493,0.9133,1.4347,0.9979,0.9853,1.4699,1.0221,0.996,1.4358,0.9748,0.9762,1.4108,0.9292,0.9095
1748935030.717056,1.4116,0.9407,0.9122,1.428,1.0046,0.9711,1.4522,1.0259,0.9944,1.4143,0.959,0.9837,1.3866,0.9267,0.8972
1748935030.831074,1.3941,0.9421,0.9192,1.417,1.003,0.9805,1.4425,1.0242,0.9888,1.4089,0.9783,0.9805,1.3885,0.9326,0.9007
1748935030.945048,1.3888,0.949,0.901,1.4043,0.9985,0.9762,1.4334,1.0218,0.9848,1.4011,0.9668,0.9848,1.3829,0.9286,0.9023
1748935031.05904,1.399,0.9455,0.9095,1.4121,1.0006,0.9751,1.4438,1.01,0.9977,1.421,0.9622,0.977,1.3718,0.9257,0.9012
1748935031.179978,1.3939,0.9423,0.916,1.4237,1.0009,0.9789,1.4473,1.0213,0.9885,1.4167,0.9705,0.9711,1.3931,0.9254,0.8972
1748935031.2870889,1.3968,0.9335,0.9141,1.417,1.0095,0.9767,1.4514,1.0108,0.9928,1.4172,0.9633,0.977,1.3821,0.9329,0.8977
1748935031.401066,1.4095,0.9351,0.9042,1.4283,0.9955,0.974,1.4618,1.0087,0.9853,1.4315,0.9719,0.978,1.3949,0.9284,0.9026
1748935031.51507,1.4159,0.9386,0.9128,1.4258,1.0087,0.97,1.4597,1.0178,0.9915,1.432,0.9716,0.9899,1.4006,0.9289,0.9044
1748935031.629065,1.4159,0.9399,0.9106,1.4291,0.9947,0.967,1.4575,1.0175,0.996,1.4347,0.9584,0.9834,1.4035,0.9219,0.9047
1748935031.7497878,1.4285,0.9356,0.8999,1.4393,1.0033,0.9767,1.4626,1.0162,0.995,1.436,0.9673,0.9853,1.4124,0.9184,0.9015
1748935031.881289,1.4148,0.945,0.9109,1.4441,1.0044,0.9775,1.4683,1.0057,0.9998,1.4468,0.9783,0.9931,1.4137,0.9353,0.9036
1748935031.971057,1.4331,0.9568,0.9071,1.4589,1.0081,0.9754,1.4847,1.0154,0.9834,1.4581,0.9686,0.9805,1.4323,0.9189,0.8983
1748935032.091821,1.4581,0.9496,0.913,1.4801,1.0081,0.9716,1.5121,1.0189,0.9971,1.4812,0.9737,0.9939,1.4554,0.9294,0.8993
1748935032.199145,1.457,0.9504,0.909,1.4742,1.01,0.9874,1.4994,1.0111,0.9926,1.4694,0.9692,0.9794,1.4481,0.9246,0.8953
1748935032.313347,1.4449,0.9372,0.9074,1.4694,1.0076,0.9931,1.4884,1.0173,0.9883,1.4605,0.9775,0.9872,1.4277,0.9227,0.901
1748935032.4271722,1.4812,0.9404,0.9093,1.4968,1.0173,0.9904,1.5239,1.0183,0.9979,1.4879,0.966,0.992,1.4694,0.9391,0.9007
1748935032.541107,1.5043,0.9458,0.9093,1.5271,1.0119,0.984,1.5446,1.017,1.0038,1.529,0.9705,0.9864,1.4981,0.9292,0.9004
1748935032.655467,1.5099,0.9402,0.9061,1.5239,1.0256,0.9912,1.5537,1.0165,0.9845,1.5336,0.9794,0.9928,1.497,0.9292,0.8926
1748935032.769086,1.5161,0.9517,0.9098,1.5336,1.0183,0.9901,1.5618,1.0165,0.9858,1.5344,0.9823,0.9794,1.5193,0.9171,0.8964
1748935032.883114,1.5553,0.9391,0.9061,1.572,1.0173,0.9963,1.5841,1.0226,0.9869,1.5596,0.9729,0.985,1.5448,0.9246,0.8964
1748935033.002262,1.5615,0.9453,0.9195,1.5862,1.0202,1.0006,1.601,1.0226,1.0017,1.5859,0.9802,0.9977,1.5674,0.9257,0.9042
1748935033.111097,1.5865,0.9506,0.9144,1.6072,1.0229,1.0084,1.6268,1.0183,0.995,1.6034,0.9883,0.9891,1.5717,0.9219,0.9061
1748935033.225125,1.5395,0.9378,0.9104,1.573,1.0345,0.9936,1.5908,1.0175,0.9904,1.5687,0.988,1.0003,1.5381,0.9418,0.9071
1748935033.33917,1.5322,0.9447,0.9122,1.5435,1.0299,0.9958,1.5612,1.0183,0.992,1.54,0.9727,0.9923,1.5303,0.9278,0.9034
1748935033.453145,1.5083,0.9364,0.9026,1.5276,1.0275,0.9963,1.5505,1.0095,0.9917,1.5309,0.9791,0.9923,1.5059,0.9308,0.9023
1748935033.573326,1.4978,0.9324,0.9028,1.5172,1.0296,0.9963,1.5327,1.0283,0.999,1.5169,0.9721,0.9909,1.493,0.9254,0.9109
1748935033.6811478,1.4865,0.9361,0.9114,1.4976,1.0116,0.992,1.5266,1.0154,0.9858,1.5019,0.9759,0.992,1.4718,0.9329,0.9039
1748935033.7951622,1.4785,0.941,0.9012,1.4941,1.0181,0.9834,1.5182,1.0114,1.003,1.493,0.9815,0.9853,1.4694,0.923,0.9028
1748935033.9092438,1.4801,0.9359,0.9036,1.4919,1.0186,0.9952,1.5271,1.013,0.9974,1.4892,0.9732,0.9807,1.4779,0.9308,0.9053
1748935034.023178,1.4718,0.9348,0.9053,1.4804,1.0162,0.9869,1.5212,1.0208,0.9917,1.49,0.966,0.9821,1.471,0.9294,0.8929
1748935034.137558,1.453,0.9326,0.9114,1.4785,1.0205,0.9885,1.4957,1.0173,0.9912,1.4755,0.9807,0.9751,1.4409,0.9227,0.9047
1748935034.251146,1.4403,0.9391,0.9001,1.4691,1.0097,0.9783,1.4925,1.0049,0.9872,1.471,0.9794,0.9789,1.4368,0.9257,0.898
1748935034.365223,1.4285,0.9426,0.9093,1.4487,1.0057,0.9823,1.4702,1.0259,0.996,1.4428,0.9684,0.9826,1.4164,0.9224,0.8937
1748935034.480774,1.4293,0.9399,0.9082,1.435,1.0081,0.9832,1.4642,1.017,0.9923,1.4471,0.9678,0.9743,1.4154,0.9335,0.9039
1748935034.5932102,1.4076,0.9386,0.9104,1.4207,1.0025,0.9727,1.4519,1.0127,0.9853,1.4309,0.9754,0.963,1.4086,0.9222,0.902
1748935034.7071831,1.3917,0.9461,0.9077,1.4172,1.0038,0.9869,1.4444,1.0033,0.9837,1.4137,0.9587,0.974,1.3767,0.9278,0.9117
1748935034.821174,1.378,0.9442,0.9015,1.406,1.0089,0.9797,1.4261,1.0044,0.992,1.3982,0.9595,0.9778,1.3794,0.9332,0.9087
1748935034.935174,1.3716,0.9418,0.8996,1.3963,1.0036,0.9762,1.4344,1.014,0.9915,1.3963,0.9595,0.9786,1.3643,0.9262,0.9074
1748935035.0570948,1.3624,0.9375,0.8991,1.3869,0.9928,0.9743,1.4019,1.0057,0.9939,1.3764,0.9673,0.9778,1.3423,0.9281,0.8948
1748935035.1631942,1.3557,0.9343,0.901,1.3772,0.9928,0.9754,1.4076,1.0028,0.985,1.367,0.9737,0.9818,1.3439,0.9163,0.9036
1748935035.277216,1.3547,0.9418,0.9028,1.3659,1.0095,0.981,1.4076,1.0076,1.0022,1.378,0.9657,0.9743,1.3493,0.9216,0.8945
1748935035.391244,1.3584,0.9386,0.8958,1.3804,0.9968,0.9684,1.396,1.0073,0.9958,1.3708,0.9711,0.9654,1.3522,0.9259,0.8948
1748935035.5051908,1.3533,0.9378,0.9042,1.3877,1.0033,0.9713,1.4132,1.0114,0.9931,1.3855,0.9633,0.9797,1.3557,0.9246,0.8902
1748935035.623106,1.3587,0.9426,0.9007,1.3748,0.9971,0.9708,1.4057,1.0011,0.9874,1.3761,0.9635,0.9772,1.3369,0.931,0.8961
1748935035.733215,1.3479,0.9442,0.9042,1.3643,0.9998,0.9678,1.3947,1.0017,0.9815,1.3694,0.9689,0.9657,1.3358,0.9238,0.8942
1748935035.847258,1.3364,0.941,0.9039,1.3493,1.0011,0.9737,1.3855,1.0108,0.9869,1.3595,0.9611,0.9848,1.3364,0.9289,0.8953
1748935035.961418,1.3294,0.9412,0.905,1.3493,0.9952,0.9633,1.3802,1.0111,0.9848,1.3552,0.959,0.9697,1.327,0.9275,0.9095
1748935036.075268,1.3275,0.9292,0.9141,1.3436,0.9923,0.966,1.3767,1.0127,0.9896,1.3439,0.9654,0.9818,1.3364,0.9224,0.8924
1748935036.189722,1.3372,0.9369,0.9071,1.356,0.9985,0.9713,1.378,1.0038,0.9912,1.3453,0.9673,0.9794,1.3248,0.9227,0.8899
1748935036.303259,1.3356,0.9372,0.9058,1.3466,0.9966,0.9729,1.3939,1.0009,0.9802,1.3509,0.9633,0.9689,1.3246,0.9316,0.8967
1748935036.41731,1.335,0.9378,0.9026,1.3487,0.9915,0.9676,1.3829,1.0092,0.9842,1.3477,0.9611,0.9684,1.3235,0.9343,0.8991
1748935036.5346072,1.3372,0.9305,0.8958,1.3603,0.9985,0.9743,1.3923,1.0135,0.9907,1.3665,0.9566,0.9786,1.3431,0.9308,0.8907
1748935036.6452448,1.3383,0.9466,0.9069,1.3581,1.0011,0.9646,1.3939,1.0068,0.9866,1.3514,0.9686,0.9815,1.3251,0.9254,0.9018
1748935036.759287,1.3385,0.9434,0.9058,1.349,0.9963,0.9721,1.3912,1.0038,0.984,1.3479,0.949,0.9737,1.3213,0.9332,0.8969
1748935036.873248,1.3273,0.9415,0.9117,1.3517,0.9912,0.9657,1.3724,1.0127,0.985,1.3522,0.9681,0.9649,1.3095,0.934,0.9028
1748935036.987288,1.3278,0.9394,0.9224,1.3447,0.9923,0.9697,1.3995,1.0138,0.9904,1.3509,0.9574,0.9716,1.327,0.9246,0.9087
1748935037.10977,1.342,0.9488,0.9246,1.3375,0.9931,0.9684,1.3845,1.0114,0.995,1.3404,0.9643,0.9813,1.3181,0.9251,0.8945
1748935037.215283,1.3232,0.9563,0.9179,1.335,0.9928,0.9692,1.3686,1.0151,0.9899,1.3393,0.963,0.974,1.302,0.9246,0.9031
1748935037.329283,1.3125,0.9657,0.9415,1.3154,1.003,0.9592,1.3512,1.0221,0.9856,1.3251,0.9625,0.9673,1.2907,0.9324,0.902
1748935037.443254,1.2999,0.9692,0.9305,1.3068,0.9896,0.9778,1.3453,1.0213,0.9877,1.302,0.9665,0.9703,1.2687,0.9286,0.8967
1748935037.557317,1.2886,0.9528,0.9214,1.2859,0.9934,0.9617,1.3254,1.0017,0.9955,1.2883,0.96,0.9719,1.2588,0.9297,0.9053
1748935037.6774862,1.2781,0.9477,0.9168,1.2776,0.9872,0.9713,1.3259,1.0071,0.9926,1.2829,0.9568,0.9751,1.2534,0.9326,0.901
1748935037.785275,1.2566,0.9367,0.9053,1.2735,0.9864,0.966,1.3213,1.0114,0.985,1.2722,0.9582,0.9756,1.234,0.923,0.8996
1748935037.899332,1.2499,0.9504,0.9079,1.2687,0.9826,0.9592,1.3063,1.0089,0.9874,1.2703,0.9531,0.9668,1.2397,0.9147,0.8937
1748935038.013406,1.241,0.9305,0.898,1.2617,0.9877,0.9649,1.3068,1.0087,0.988,1.2547,0.9523,0.9711,1.233,0.9181,0.9112
1748935038.127311,1.2319,0.9472,0.9104,1.252,0.988,0.9743,1.3044,1.0014,0.9896,1.2647,0.9549,0.9649,1.2238,0.9238,0.8958
1748935038.24212,1.2357,0.9369,0.9036,1.2494,0.9901,0.9571,1.3039,1.0148,0.9939,1.2526,0.9539,0.9611,1.2257,0.9391,0.8916
1748935038.3553421,1.2367,0.9402,0.9095,1.255,0.9896,0.9609,1.3023,1.0046,0.9861,1.2652,0.9673,0.9673,1.2297,0.9257,0.8991
1748935038.469328,1.2289,0.9412,0.9066,1.2526,0.9815,0.9555,1.2956,1.0052,0.9934,1.2585,0.9517,0.9783,1.2238,0.9219,0.8969
1748935038.587032,1.2217,0.9316,0.905,1.2448,0.9834,0.9638,1.3023,0.9936,0.9901,1.2494,0.9539,0.9695,1.2284,0.9138,0.8977
1748935038.697321,1.2268,0.9343,0.8985,1.2459,0.9872,0.963,1.2816,1.0122,0.9837,1.2359,0.9463,0.9759,1.2249,0.9321,0.9071
1748935038.81136,1.2287,0.9375,0.8956,1.2499,0.9797,0.9576,1.2923,1.0046,0.9926,1.255,0.9609,0.978,1.222,0.9278,0.8921
1748935038.9253728,1.2308,0.9353,0.9085,1.2442,0.9842,0.9643,1.2851,1.002,0.9982,1.2588,0.956,0.9724,1.226,0.9249,0.8985
1748935039.039424,1.2174,0.9402,0.9044,1.2421,0.9772,0.9582,1.2961,0.9926,0.9899,1.2472,0.9598,0.9584,1.2225,0.9267,0.8999
1748935039.159837,1.23,0.9404,0.9007,1.2434,0.9853,0.9703,1.2926,1.0071,0.985,1.2504,0.959,0.9646,1.2268,0.9262,0.8985
1748935039.2673972,1.2244,0.9372,0.9007,1.244,0.9743,0.9549,1.2853,1.0068,0.9874,1.2456,0.9531,0.978,1.2249,0.9343,0.8921
1748935039.381417,1.2289,0.9361,0.9055,1.2416,0.9861,0.9574,1.2829,1.0049,0.9885,1.2483,0.9584,0.9775,1.2128,0.9227,0.9028
1748935039.495459,1.2319,0.9348,0.9098,1.2475,0.9716,0.967,1.2886,1.0097,0.9815,1.2518,0.9574,0.9676,1.2128,0.9284,0.9007
1748935039.609395,1.2211,0.9335,0.9087,1.2429,0.988,0.9676,1.2939,1.003,0.9936,1.2507,0.9533,0.9697,1.2201,0.9232,0.9034
1748935039.724184,1.2314,0.9482,0.9055,1.2378,0.9864,0.9496,1.2808,1.0006,0.9926,1.2451,0.949,0.9676,1.223,0.9286,0.9012
1748935039.83741,1.2177,0.9369,0.9044,1.2311,0.9789,0.9576,1.2851,0.999,0.985,1.2391,0.9488,0.9614,1.204,0.931,0.9028
1748935039.951412,1.222,0.9353,0.9023,1.237,0.9834,0.9652,1.2786,1.0038,0.9869,1.2311,0.9541,0.9617,1.2155,0.9224,0.8977
1748935040.072671,1.2131,0.9383,0.9112,1.2252,0.9853,0.9566,1.2776,0.9963,0.9853,1.2405,0.9587,0.9619,1.2107,0.9246,0.9109
1748935040.179439,1.2107,0.9361,0.9012,1.2375,0.9802,0.9622,1.2872,1.0073,0.988,1.2338,0.9649,0.9635,1.2107,0.9305,0.9018
1748935040.2934191,1.2085,0.9294,0.9023,1.2367,0.9778,0.9619,1.2891,1.0036,0.9858,1.2252,0.9555,0.9697,1.2093,0.9251,0.8991
1748935040.407468,1.2131,0.9396,0.9069,1.2268,0.9802,0.9584,1.2792,1.0052,0.9936,1.2295,0.9582,0.9547,1.2066,0.9262,0.8985
1748935040.521445,1.2085,0.9348,0.9098,1.2327,0.9861,0.9643,1.2819,1.0038,0.9901,1.2311,0.9547,0.9635,1.2091,0.9171,0.8977
1748935040.644943,1.2155,0.9404,0.902,1.2228,0.9864,0.9654,1.2789,0.9963,0.9719,1.233,0.9566,0.9614,1.2002,0.9321,0.901
1748935040.749574,1.2077,0.9316,0.8975,1.2308,0.9799,0.9603,1.2835,1.0103,0.9901,1.2305,0.9474,0.9748,1.2026,0.9192,0.9004
1748935040.863594,1.2058,0.9351,0.9031,1.2351,0.9861,0.9574,1.2738,1.0038,0.9883,1.2327,0.9474,0.9654,1.1997,0.9251,0.8948
1748935040.98616,1.2206,0.9353,0.8988,1.2281,0.981,0.9665,1.2741,0.9963,0.9958,1.226,0.9477,0.9641,1.2026,0.9168,0.9031
1748935041.091496,1.212,0.9445,0.9114,1.2373,0.9842,0.9592,1.277,1.0052,0.9923,1.2225,0.9541,0.9654,1.2066,0.9316,0.8977
1748935041.2054558,1.208,0.9383,0.9112,1.2287,0.9864,0.956,1.2786,1.0038,0.984,1.237,0.9574,0.9654,1.2066,0.9316,0.9012
1748935041.319507,1.2168,0.9383,0.9063,1.2295,0.9802,0.9539,1.269,1.0038,0.9743,1.2305,0.9517,0.9732,1.2123,0.9316,0.9023
1748935041.433543,1.2195,0.934,0.9063,1.2316,0.984,0.9558,1.2784,1.0036,0.9877,1.2316,0.9472,0.97,1.2002,0.9173,0.9031
1748935041.552353,1.2295,0.9394,0.9047,1.2257,0.9826,0.97,1.2811,1.0057,0.9931,1.2378,0.9576,0.9689,1.198,0.9281,0.8964
1748935041.661597,1.2166,0.9469,0.9136,1.23,0.9762,0.9549,1.2719,1.0006,0.984,1.2335,0.9544,0.9609,1.2123,0.9273,0.9061
1748935041.77556,1.2257,0.9488,0.9095,1.2332,0.9772,0.9638,1.2786,1.0108,0.9853,1.2453,0.9595,0.96,1.2101,0.9259,0.9001
1748935041.8899782,1.2233,0.9391,0.9152,1.2332,0.9746,0.9571,1.2875,0.9939,0.9909,1.2461,0.9474,0.9571,1.2131,0.9273,0.9061
1748935042.003474,1.2236,0.9396,0.9106,1.2311,0.9783,0.9558,1.277,1.0079,0.9856,1.2402,0.9517,0.9614,1.205,0.9168,0.8921
1748935042.1174881,1.2134,0.9399,0.9152,1.2367,0.9909,0.9603,1.2759,1.0095,0.9893,1.2327,0.9544,0.9689,1.2042,0.9214,0.9044
1748935042.231501,1.2222,0.9466,0.9206,1.2327,0.9874,0.9652,1.2805,1.0038,0.995,1.2276,0.9558,0.9627,1.2034,0.9203,0.901
1748935042.3454962,1.2085,0.948,0.9189,1.233,0.9762,0.9695,1.2743,1.0079,0.9909,1.2346,0.9466,0.9625,1.2053,0.9292,0.9004
1748935042.466165,1.2177,0.9453,0.909,1.222,0.9869,0.9592,1.2768,1.0138,0.9979,1.2359,0.9531,0.9668,1.201,0.9198,0.9063
1748935042.573483,1.204,0.9426,0.9241,1.2297,0.9837,0.9512,1.273,0.9993,0.981,1.2254,0.9512,0.966,1.2072,0.93,0.8991
1748935042.687553,1.222,0.9509,0.9216,1.2271,0.9764,0.9582,1.2703,1.0167,0.9915,1.2316,0.9528,0.9619,1.1959,0.9227,0.9063
1748935042.801543,1.2179,0.959,0.9173,1.23,0.9751,0.9603,1.2765,1.0057,0.9912,1.2305,0.9466,0.9713,1.198,0.9184,0.9063
1748935042.915583,1.2292,0.9541,0.9292,1.2249,0.9823,0.9641,1.2789,1.0003,0.9883,1.223,0.9528,0.9729,1.1999,0.927,0.8993
1748935043.0387142,1.2201,0.9472,0.9187,1.2182,0.981,0.9673,1.2687,1.002,0.9807,1.2187,0.9515,0.9582,1.1822,0.9284,0.9093
1748935043.1434932,1.2193,0.9544,0.9246,1.2257,0.9754,0.9528,1.2692,1.0087,0.9799,1.2228,0.952,0.9627,1.2021,0.9227,0.9039
1748935043.257617,1.2193,0.959,0.9286,1.223,0.9786,0.9517,1.2644,1.0124,0.9926,1.2289,0.9525,0.9676,1.1911,0.9195,0.8985
1748935043.371708,1.223,0.9603,0.9249,1.2217,0.9853,0.9544,1.2719,1.0105,0.9877,1.2265,0.9633,0.966,1.1964,0.93,0.9044
1748935043.4855192,1.2166,0.9466,0.9326,1.2144,0.9942,0.9587,1.266,1.01,0.995,1.2198,0.9568,0.9536,1.1975,0.9265,0.9018
1748935043.599633,1.215,0.9643,0.9326,1.2236,0.9848,0.9509,1.2647,1.0087,0.9899,1.2203,0.9566,0.96,1.1962,0.9208,0.8993
1748935043.713599,1.2139,0.9531,0.93,1.2126,0.984,0.9568,1.2609,1.0097,0.9901,1.2233,0.9549,0.9633,1.2007,0.9211,0.8969
1748935043.827582,1.215,0.9584,0.9259,1.2222,0.9885,0.9649,1.252,0.995,0.992,1.222,0.9474,0.9668,1.194,0.9262,0.9044
1748935043.946256,1.2201,0.9517,0.9286,1.2099,0.9732,0.9563,1.2477,1.0057,0.9853,1.2187,0.9501,0.9668,1.1841,0.9238,0.8991
1748935044.055573,1.2013,0.9477,0.9278,1.2085,0.9805,0.9609,1.262,1.0103,0.9845,1.2115,0.9482,0.9708,1.186,0.9238,0.8967
1748935044.169612,1.2115,0.9668,0.9224,1.2177,0.9861,0.9552,1.2477,1.0036,0.9797,1.2185,0.9504,0.9614,1.1921,0.9195,0.9026
1748935044.2836008,1.2131,0.9531,0.927,1.2155,0.9866,0.9582,1.2534,1.0009,0.9966,1.2142,0.948,0.9724,1.1903,0.9235,0.894
1748935044.397572,1.2163,0.9533,0.9292,1.2155,0.9746,0.9657,1.2461,1.0132,0.9952,1.2147,0.9498,0.9625,1.1884,0.9214,0.8983
1748935044.519665,1.2023,0.963,0.9321,1.2225,0.9767,0.9587,1.2558,1.0025,0.9877,1.216,0.9512,0.963,1.1854,0.9281,0.901
1748935044.625578,1.2174,0.9649,0.9259,1.2193,0.9678,0.9609,1.2612,0.995,0.9834,1.2201,0.9442,0.9652,1.1878,0.9337,0.8991
1748935044.739599,1.2083,0.9547,0.9292,1.2136,0.9732,0.9582,1.2596,1.0028,0.9789,1.1994,0.9563,0.9622,1.1776,0.9208,0.9044
1748935044.853604,1.2238,0.9743,0.9447,1.2088,0.9837,0.9539,1.2485,1.0011,0.9775,1.2134,0.9592,0.9689,1.176,0.9173,0.8897
1748935044.9677079,1.1972,0.9463,0.923,1.205,0.9743,0.9544,1.2534,0.9952,0.978,1.2163,0.9541,0.9603,1.1833,0.9176,0.8999
1748935045.0816052,1.197,0.9396,0.9018,1.1994,0.9807,0.9533,1.2507,1.0081,0.9778,1.2096,0.9493,0.9643,1.1787,0.923,0.8991
1748935045.195637,1.1903,0.9321,0.8958,1.2013,0.9759,0.9617,1.2394,1.0105,0.9832,1.1929,0.9474,0.959,1.1747,0.9122,0.9071
1748935045.309688,1.1857,0.9297,0.9063,1.2101,0.9748,0.9547,1.2367,1.0095,0.9829,1.2104,0.9426,0.9609,1.1766,0.9157,0.8975
1748935045.4382982,1.1822,0.9426,0.8942,1.197,0.9802,0.9547,1.2437,1.0065,0.9807,1.2109,0.9544,0.9598,1.1774,0.9171,0.8932
1748935045.537715,1.1819,0.9378,0.9085,1.1989,0.9829,0.9582,1.237,0.9968,0.9799,1.1962,0.9421,0.956,1.1806,0.9241,0.8969
1748935045.651627,1.1825,0.9375,0.8977,1.1964,0.9805,0.9576,1.2464,1.0071,0.9883,1.2032,0.9571,0.952,1.1774,0.9198,0.8956
1748935045.769546,1.1768,0.9318,0.8948,1.2048,0.9729,0.9536,1.2442,0.999,0.9883,1.201,0.9536,0.9558,1.1817,0.9133,0.898
1748935045.879646,1.179,0.9286,0.8991,1.1989,0.9751,0.9453,1.2569,1.0001,0.9832,1.2029,0.9539,0.959,1.1696,0.931,0.8967
1748935045.993681,1.1903,0.9259,0.9039,1.2058,0.9799,0.9598,1.2515,1.0009,0.9791,1.2126,0.9463,0.9617,1.1817,0.9232,0.8958
1748935046.107671,1.1774,0.9308,0.8985,1.2032,0.9727,0.9576,1.2542,1.0135,0.9877,1.1967,0.9375,0.9574,1.1731,0.9262,0.8985
1748935046.2216141,1.1956,0.9332,0.8937,1.2021,0.9823,0.9509,1.244,0.9987,0.9832,1.2045,0.9437,0.963,1.1835,0.9235,0.9085
1748935046.3421152,1.1919,0.931,0.9023,1.1943,0.9799,0.9665,1.2453,0.9942,0.9845,1.2066,0.9515,0.9533,1.1827,0.9275,0.8983
1748935046.449697,1.176,0.9364,0.901,1.2056,0.9775,0.9498,1.2432,1.0108,0.988,1.2074,0.9504,0.9595,1.1715,0.9254,0.9023
1748935046.563664,1.1758,0.9359,0.9071,1.1943,0.9794,0.9463,1.2442,1.0105,0.9789,1.2053,0.9509,0.9633,1.1763,0.9232,0.9069
1748935046.677962,1.1827,0.9316,0.8996,1.2013,0.9829,0.9555,1.234,1.0009,0.9912,1.198,0.9501,0.9539,1.1784,0.9149,0.9028
1748935046.791687,1.1766,0.9324,0.9026,1.1929,0.9829,0.9525,1.2426,0.996,0.9789,1.1905,0.9458,0.9566,1.1698,0.9249,0.8883
1748935046.905688,1.1766,0.9335,0.8967,1.1916,0.9789,0.9509,1.2322,1.0044,0.9842,1.1972,0.9531,0.9678,1.1698,0.9249,0.8891
1748935047.019701,1.1725,0.9326,0.902,1.1956,0.9746,0.9404,1.2289,1.0089,0.9845,1.1999,0.9544,0.9531,1.1677,0.912,0.9023
1748935047.133826,1.1852,0.9351,0.9036,1.2048,0.9789,0.9541,1.2357,1.0017,0.9901,1.1897,0.9501,0.9697,1.1715,0.9249,0.9034
1748935047.2477849,1.1755,0.9321,0.9095,1.1994,0.9797,0.9665,1.2491,1.0009,0.9928,1.194,0.9423,0.9576,1.1728,0.9181,0.898
1748935047.361896,1.1878,0.9404,0.8958,1.1999,0.9799,0.9587,1.2488,0.9958,0.9786,1.1916,0.9539,0.9539,1.1774,0.9305,0.8934
1748935047.475855,1.1937,0.9345,0.9004,1.2203,0.978,0.9609,1.2593,1.0081,0.9942,1.2158,0.9533,0.9678,1.1819,0.9241,0.8972
1748935047.590069,1.2254,0.9356,0.9133,1.2421,0.9724,0.9558,1.2819,1.0033,0.9842,1.2496,0.9501,0.9641,1.219,0.9284,0.898
