timestamp,R0C0,R0C1,R0C2,R1C0,R1C1,R1C2,R2C0,R2C1,R2C2,R3C0,R3C1,R3C2,R4C0,R4C1,R4C2
1748935886.320862,1.4916,1.464,1.4747,0.9807,0.9995,1.0261,1.1059,1.0981,1.1027,0.992,0.9592,0.9125,1.0001,0.9509,0.8886
1748935886.38713,1.4817,1.4817,1.4997,0.9646,0.9947,1.0065,1.1062,1.0906,1.0893,0.9926,0.9627,0.9254,0.967,0.9472,0.9069
1748935886.502007,1.4817,1.4573,1.4831,0.96,1.0071,0.9939,1.0785,1.0715,1.0801,1.0049,0.984,0.9488,0.9853,0.9568,0.8797
1748935886.614269,1.0474,1.0167,1.0044,0.9544,0.9869,1.0028,1.0624,1.057,1.0742,0.9786,0.9493,0.9015,0.9786,0.9517,0.8719
1748935886.731991,1.0033,0.9829,0.9541,0.9654,0.9813,0.9995,1.0543,1.0611,1.064,0.9826,0.9466,0.905,0.9719,0.9447,0.8899
1748935886.842253,1.1457,1.1185,1.0852,0.9482,0.9657,0.9893,1.0568,1.0514,1.0436,0.9716,0.9458,0.9195,0.9783,0.9517,0.8843
1748935886.956144,1.0294,0.9832,0.931,0.948,0.9775,0.9928,1.0562,1.0401,1.0586,1.0162,0.9899,1.0183,0.9866,0.9466,0.8969
1748935887.07023,1.1381,1.1097,1.0667,0.9461,0.9762,1.0011,1.0627,1.0511,1.0651,1.0584,1.0463,1.0895,0.984,0.9584,0.8754
1748935887.184344,1.237,1.204,1.1817,0.9482,0.9756,0.9815,1.0562,1.0482,1.0696,0.9977,0.9662,0.9539,0.9845,0.9326,0.8956
1748935887.2998211,1.0087,0.9909,0.9498,0.9353,0.9697,1.0065,1.049,1.035,1.0785,0.9684,0.938,0.8983,0.9729,0.9447,0.8975
1748935887.412437,1.1059,1.093,1.0525,0.9386,0.9735,0.9877,1.0656,1.0396,1.0863,1.028,1.0272,1.0353,0.9778,0.9568,0.8991
1748935887.526142,1.1282,1.1126,1.0723,0.9466,0.9797,0.9899,1.064,1.0495,1.0653,1.0097,1.0119,0.9627,0.9587,0.9482,0.8816
1748935887.640146,1.0191,0.9977,0.9351,0.9321,0.97,0.995,1.0699,1.0417,1.0694,1.0817,1.0495,1.0823,0.966,0.97,0.8937
1748935887.7542982,1.0063,0.9772,0.902,0.9474,0.97,1.0028,1.0361,1.0371,1.0683,1.0739,1.0629,1.0949,0.9947,0.9611,0.8787
1748935887.868727,1.0025,0.9654,0.894,0.934,0.9579,0.9912,1.0559,1.0465,1.075,1.0621,1.0611,1.0968,0.9823,0.9372,0.9001
1748935887.982908,1.0127,0.9791,0.8862,0.9335,0.9595,0.9917,1.0396,1.039,1.085,1.0758,1.0688,1.1,0.9802,0.9676,0.8859
1748935888.0962062,1.0068,0.9764,0.8956,0.9235,0.9732,1.0022,1.0527,1.0361,1.0828,1.0815,1.0796,1.107,0.9856,0.9751,0.8881
1748935888.210249,1.0087,0.9939,0.9026,0.9278,0.9762,1.017,1.0664,1.0422,1.0917,1.0812,1.0922,1.125,0.9877,0.9708,0.8988
1748935888.3243241,1.0479,0.9998,0.9028,0.9426,0.977,1.0245,1.042,1.0551,1.1073,1.1067,1.1051,1.1731,1.0213,0.9891,0.9087
1748935888.439502,1.1,1.5005,1.6697,0.945,0.9979,1.0809,1.0511,1.0559,1.1524,1.079,1.1215,1.1878,1.0165,1.0073,0.9576
1748935888.552243,1.6128,1.6327,1.7388,0.9286,1.0006,1.2821,1.053,1.0635,1.3393,1.1048,1.1457,1.3743,1.0259,1.0041,1.1954
1748935888.666295,1.6074,1.5873,1.7925,0.9289,1.0036,1.4097,1.0449,1.0463,1.4401,1.1118,1.1508,1.4035,1.0186,1.0097,1.2424
1748935888.780382,1.5983,1.5996,2.0122,0.9375,1.0202,1.8221,1.068,1.0705,1.8075,1.2134,1.2698,1.8948,1.0938,1.1183,1.8583
1748935888.895371,1.5575,1.5701,1.9741,0.9259,1.0331,1.7871,1.0562,1.0893,1.7769,1.381,1.4352,1.9083,1.2359,1.2593,1.8615
1748935889.008548,1.5107,1.4938,1.9029,0.9243,1.0114,1.7012,1.0535,1.0954,1.7039,1.3463,1.3955,1.8763,1.2042,1.2383,1.7632
1748935889.122236,1.537,1.537,1.9636,0.9211,1.0068,1.7815,1.053,1.0667,1.7815,1.2845,1.3573,1.8922,1.1669,1.1693,1.8505
1748935889.236428,1.5349,1.5306,1.948,0.9181,0.9907,1.7334,1.0637,1.0713,1.7482,1.24,1.2945,1.8403,1.1244,1.1226,1.7772
1748935889.3625531,1.5346,1.5317,1.6907,0.9257,0.9979,1.2518,1.0731,1.0901,1.2789,1.2128,1.2571,1.5067,1.0799,1.0769,1.1277
1748935889.4643142,1.4841,1.5088,1.6106,0.9211,0.9789,1.2179,1.0541,1.0557,1.2797,1.1803,1.2115,1.3853,1.0608,1.0785,1.1048
1748935889.578298,1.4935,1.4927,1.6168,0.9345,0.9915,1.1911,1.0465,1.082,1.2845,1.1819,1.2023,1.3724,1.0624,1.049,1.0954
1748935889.692427,1.4817,1.4855,1.5634,0.9356,0.9823,1.1038,1.0492,1.0506,1.1717,1.161,1.1865,1.2896,1.0568,1.0629,0.9375
1748935889.806601,1.497,1.4828,1.5671,0.9077,0.9944,1.0705,1.042,1.0589,1.1486,1.1333,1.1696,1.237,1.0312,1.0584,0.9085
1748935889.920553,1.4986,1.5062,1.5564,0.9155,0.9944,1.0635,1.035,1.0503,1.1422,1.1239,1.1459,1.219,1.0637,1.0347,0.9031
1748935890.034411,1.4629,1.4728,1.5446,0.9181,0.977,1.1011,1.0302,1.0425,1.3047,1.0936,1.136,1.3052,1.0396,1.0441,1.0659
1748935890.1483352,1.4057,1.4159,1.4949,0.9238,0.9673,1.078,1.0326,1.0417,1.1398,1.089,1.1172,1.2254,1.0345,1.0242,0.9493
1748935890.262744,1.3987,1.3912,1.4779,0.9141,0.9603,1.0648,1.0157,1.0253,1.114,1.0817,1.0984,1.1811,1.0138,1.0291,0.9321
1748935890.3769221,1.4033,1.4035,1.7232,0.9152,0.9638,1.475,1.0261,1.0277,1.4876,1.0855,1.1177,1.5701,1.0525,1.0436,1.5486
1748935890.4903622,1.4006,1.3963,1.7592,0.9066,0.9665,1.5287,1.0159,1.0269,1.5368,1.0882,1.1333,1.6171,1.0468,1.0484,1.6018
1748935890.604341,1.4642,1.471,1.8191,0.9173,0.9689,1.5798,1.0181,1.0248,1.5867,1.0973,1.1349,1.6671,1.0541,1.046,1.6378
1748935890.719858,1.4946,1.5027,1.8513,0.9227,0.9711,1.6002,1.0285,1.0388,1.6174,1.1083,1.1454,1.6912,1.0498,1.0452,1.6488
1748935890.832553,1.5311,1.5247,1.8981,0.9157,0.984,1.6773,1.0422,1.0594,1.7006,1.1368,1.1806,1.7654,1.0624,1.0608,1.7339
1748935890.946358,1.5228,1.529,1.9102,0.9184,0.9883,1.7014,1.0678,1.0812,1.7219,1.1312,1.1827,1.7796,1.0546,1.053,1.739
1748935891.060513,1.4852,1.4817,1.9018,0.9181,0.9912,1.7143,1.0917,1.1113,1.7388,1.1997,1.2622,1.8196,1.1038,1.0987,1.7699
1748935891.178425,1.4688,1.472,1.8948,0.923,0.9963,1.7135,1.1035,1.1398,1.7527,1.2808,1.3396,1.8452,1.1357,1.1443,1.7882
1748935891.288959,1.5,1.507,1.8997,0.9181,1.0009,1.7022,1.0979,1.1236,1.7347,1.2485,1.3101,1.8186,1.1191,1.1215,1.7681
1748935891.402425,1.464,1.4618,1.8677,0.9176,1.0011,1.6824,1.0992,1.122,1.7087,1.2365,1.2961,1.792,1.1161,1.1126,1.7377
1748935891.51631,1.493,1.4927,1.8884,0.9211,1.002,1.5223,1.097,1.1102,1.5276,1.2005,1.2942,1.7979,1.1075,1.1075,1.7399
1748935891.632892,1.5043,1.5051,1.6402,0.9211,1.0038,1.1035,1.0893,1.104,1.3015,1.2126,1.2553,1.7514,1.1113,1.0901,1.1634
1748935891.745111,1.5354,1.5327,1.6018,0.9235,1.006,1.1011,1.0742,1.1027,1.2074,1.1868,1.2351,1.317,1.0726,1.0645,0.9098
1748935891.85831,1.4916,1.4806,1.5601,0.9289,0.9995,1.0957,1.0825,1.0909,1.2265,1.1604,1.2026,1.3197,1.0584,1.0554,0.9646
1748935891.972383,1.4667,1.4642,1.6681,0.9176,0.9944,1.2107,1.0833,1.0866,1.2808,1.1551,1.2085,1.3463,1.046,1.0541,1.1363
1748935892.0866659,1.4484,1.454,1.5298,0.9224,0.9971,1.0917,1.0855,1.0995,1.1873,1.1481,1.1886,1.2631,1.0495,1.0425,0.934
1748935892.201108,1.4672,1.4565,1.5223,0.9187,0.9926,1.0635,1.0745,1.0987,1.1717,1.1406,1.1728,1.237,1.0433,1.0398,0.891
1748935892.314445,1.4417,1.4385,1.4986,0.9227,0.9864,1.0565,1.0745,1.0874,1.1615,1.1365,1.1779,1.233,1.0366,1.0417,0.8972
1748935892.428363,1.4347,1.4264,1.4777,0.9219,0.9907,1.0269,1.0747,1.0799,1.147,1.0506,1.0785,1.0774,1.0189,1.0213,0.8948
1748935892.542347,1.4248,1.4119,1.479,0.9246,0.9912,1.0417,1.0766,1.0917,1.1529,1.0933,1.1298,1.1475,1.0304,1.031,0.8899
1748935892.658699,1.4232,1.4046,1.4876,0.9206,0.9864,1.0576,1.079,1.0919,1.1822,1.0581,1.097,1.1137,1.0138,1.02,0.9356
1748935892.770603,1.4162,1.4038,1.6517,0.92,0.9947,1.3901,1.0855,1.0997,1.4839,1.1158,1.161,1.0522,1.0651,1.0702,1.3211
1748935892.884502,1.4092,1.3939,1.7933,0.9219,0.9987,1.5827,1.0957,1.107,1.6214,1.151,1.2013,1.6945,1.0441,1.0506,1.3208
1748935892.998365,1.4207,1.4054,1.5443,0.9192,0.9944,1.1449,1.0871,1.1107,1.2402,1.1529,1.1986,1.3125,1.0522,1.0482,1.0057
1748935893.1125288,1.417,1.4049,1.5314,0.9273,0.992,1.1322,1.0828,1.1078,1.2179,1.1408,1.1811,1.2923,1.0404,1.0361,1.0159
1748935893.226889,1.4505,1.4409,1.8129,0.9227,1.0003,1.5851,1.0852,1.0987,1.6246,1.1365,1.1768,1.6821,1.0511,1.0503,1.6351
1748935893.341035,1.4589,1.4543,1.569,0.9262,1.0073,1.1612,1.0957,1.114,1.6343,1.1347,1.1749,1.4884,1.0541,1.0495,1.6115
1748935893.454423,1.4508,1.4465,1.5524,0.9208,0.9993,1.1962,1.0936,1.1073,1.3232,1.1277,1.169,1.3915,1.0358,1.0361,1.0347
1748935893.568418,1.457,1.4479,1.5255,0.9136,0.9995,1.1588,1.0893,1.1073,1.2504,1.1304,1.1709,1.3356,1.0382,1.0369,1.0874
1748935893.68612,1.4634,1.4481,1.5408,0.9208,1.0011,1.1035,1.0911,1.1054,1.2147,1.1328,1.1755,1.2687,1.0374,1.0377,0.9568
1748935893.797051,1.4589,1.4428,1.5207,0.9246,0.9971,1.0731,1.0917,1.1067,1.1943,1.136,1.1776,1.237,1.0428,1.0334,0.9316
1748935893.9104462,1.4377,1.4355,1.7885,0.9192,0.9982,1.5706,1.0858,1.1113,1.6125,1.1309,1.1779,1.6665,1.0503,1.0498,1.6203
1748935894.0244749,1.4304,1.428,1.7973,0.9198,0.9928,1.5693,1.089,1.1019,1.6101,1.1419,1.1766,1.6665,1.0484,1.0506,1.6104
1748935894.138507,1.4264,1.4076,1.7847,0.923,0.9952,1.5639,1.0855,1.1024,1.5986,1.136,1.1843,1.6587,1.0594,1.0503,1.6061
1748935894.254174,1.4272,1.403,1.7729,0.9176,0.9958,1.5542,1.0833,1.0984,1.5884,1.1368,1.1763,1.5145,1.0302,1.0331,1.2856
1748935894.36653,1.4111,1.4065,1.5529,0.9216,0.9931,1.1897,1.0705,1.0981,1.2735,1.1306,1.1782,1.3485,1.0342,1.0369,1.1175
1748935894.48049,1.4103,1.4014,1.7347,0.9216,0.9974,1.3401,1.0812,1.0946,1.4371,1.1277,1.1696,1.4581,1.0385,1.0401,1.176
1748935894.594464,1.4148,1.4003,1.6281,0.9222,0.9888,1.2083,1.0696,1.0863,1.2985,1.1352,1.1685,1.2921,1.0412,1.035,0.9506
1748935894.712094,1.4137,1.4027,1.4844,0.9211,0.9872,1.0887,1.0729,1.0957,1.1835,1.1355,1.1682,1.2432,1.028,1.0294,0.934
1748935894.8225112,1.3995,1.403,1.472,0.9278,0.9947,1.0793,1.075,1.0855,1.1766,1.1253,1.1698,1.2348,1.0323,1.0366,0.9181
1748935894.936482,1.3995,1.3936,1.4707,0.9214,0.9926,1.0584,1.0713,1.0852,1.1677,1.1274,1.1599,1.2322,1.0218,1.031,0.9147
1748935895.050483,1.3909,1.3906,1.457,0.9176,0.9896,1.0589,1.0659,1.089,1.1629,1.129,1.161,1.2311,1.0377,1.0331,0.9316
1748935895.1663349,1.3947,1.385,1.4908,0.92,0.9885,1.104,1.0737,1.085,1.2413,1.136,1.1677,1.3192,1.0285,1.028,1.0253
1748935895.278629,1.3872,1.3826,1.4605,0.9192,0.9955,1.089,1.0656,1.0882,1.1798,1.1438,1.1809,1.2579,1.0326,1.0291,0.9474
1748935895.3925068,1.4465,1.4393,1.8113,0.9227,1.0022,1.5854,1.0844,1.1113,1.6125,1.1835,1.2314,1.7025,1.0562,1.0541,1.6284
1748935895.506615,1.4935,1.4959,1.8779,0.9227,1.0213,1.6687,1.1048,1.1443,1.7135,1.2265,1.2768,1.7785,1.0683,1.0581,1.7151
1748935895.631735,1.5309,1.5344,1.9249,0.9345,1.0452,1.7321,1.1481,1.1843,1.7576,1.313,1.3568,1.8438,1.1008,1.0809,1.7621
1748935895.734675,1.5741,1.5704,1.9838,0.9351,1.0753,1.778,1.1658,1.2295,1.8234,1.4108,1.4642,1.9311,1.1567,1.15,1.8331
1748935895.848851,1.5897,1.5819,1.9937,0.9364,1.0683,1.7949,1.1255,1.1862,1.8245,1.2915,1.3455,1.8908,1.1035,1.1148,1.836
1748935895.9627368,1.6144,1.6171,2.0157,0.9275,1.0637,1.7955,1.1105,1.1819,1.8175,1.2179,1.2931,1.572,1.0979,1.0925,1.0903
1748935896.0765922,1.5505,1.5513,2.0609,0.9297,1.0774,1.9131,1.1078,1.1803,1.9539,1.158,1.2429,1.9746,1.0731,1.0796,1.9515
1748935896.1904829,1.6246,1.644,2.1871,0.9332,1.1588,2.0238,1.1051,1.2708,2.0641,1.1935,1.3627,2.0955,1.1005,1.1621,2.0536
1748935896.304548,1.7296,1.7493,2.2779,0.9625,1.2348,2.1285,1.1381,1.3536,2.1576,1.2015,1.3831,2.1635,1.1177,1.1602,2.1385
1748935896.4203641,1.7863,1.8,2.3319,1.0194,1.2988,2.1793,1.1798,1.4223,2.2153,1.3267,1.4849,2.2325,1.096,1.1749,2.1739
1748935896.532543,1.7463,1.7608,2.3112,1.0602,1.3098,2.1777,1.1741,1.4116,2.2113,1.2545,1.4299,2.2191,1.0919,1.1663,2.1782
1748935896.646654,1.7248,1.7482,2.2989,1.0984,1.3009,2.1691,1.194,1.3882,2.1946,1.2088,1.3649,2.2167,1.0624,1.1459,2.1672
1748935896.760961,1.7063,1.7283,2.2376,1.0605,1.2265,2.0896,1.1736,1.2977,2.1011,1.1766,1.295,2.1001,1.0242,1.104,2.0772
1748935896.874578,1.6477,1.6762,2.2013,1.0122,1.1715,2.0547,1.1118,1.2488,2.0498,1.1373,1.2421,2.0762,1.0071,1.0713,2.0356
1748935896.988582,1.6219,1.6106,2.1554,0.9877,1.1304,2.0195,1.1043,1.2018,2.0297,1.1099,1.2042,2.0318,0.9985,1.0662,2.0074
1748935897.102562,1.6104,1.6313,2.1484,0.9915,1.1247,2.0095,1.0876,1.198,2.0053,1.0887,1.1706,2.0069,0.9896,1.0347,1.9969
1748935897.216682,1.6176,1.6243,2.1927,0.9633,1.1328,2.0506,1.0882,1.179,2.07,1.0887,1.2048,2.0595,0.9807,1.0562,2.0488
1748935897.330956,1.5752,1.6085,2.1605,0.9708,1.1008,2.0316,1.0949,1.1967,2.0488,1.0825,1.1604,2.0703,0.9872,1.0272,2.0504
1748935897.444531,1.6751,1.6528,2.1941,0.9759,1.1298,2.0466,1.0954,1.2198,2.0904,1.1019,1.2029,2.0617,0.9783,1.0396,2.0496
1748935897.558557,1.7068,1.7216,2.25,1.0167,1.1572,2.0923,1.1223,1.2601,2.1216,1.1752,1.2652,2.1119,0.9877,1.028,2.0826
1748935897.6727371,1.7995,1.8059,2.2948,1.06,1.2187,2.1151,1.1647,1.2985,2.1452,1.2679,1.3342,2.1482,0.988,1.0312,2.0791
1748935897.7904818,1.7595,1.7476,2.1613,1.1054,1.2682,2.0461,1.2066,1.3538,2.0584,1.3399,1.4363,2.1041,0.981,1.057,2.0128
1748935897.901236,1.6746,1.6848,2.1138,1.0901,1.2367,1.9972,1.1661,1.3063,2.0353,1.2926,1.388,2.06,0.9893,1.0667,1.9996
1748935898.014681,1.6778,1.6824,2.1549,1.0482,1.2187,2.0206,1.1505,1.2888,2.0641,1.2053,1.324,2.0955,0.9703,1.0471,2.0466
1748935898.1286058,1.6689,1.6746,2.1745,1.0259,1.2026,2.0496,1.1355,1.2862,2.0695,1.1897,1.3098,2.0955,0.9772,1.0627,2.0504
1748935898.242583,1.7219,1.7546,2.1328,1.0409,1.2005,1.9787,1.1287,1.2625,2.0023,1.1655,1.3047,2.0254,0.9985,1.0452,1.9942
1748935898.359663,1.7178,1.7493,2.0998,1.0484,1.198,1.9505,1.1167,1.2652,1.9717,1.1674,1.2579,1.9811,0.9673,1.0342,1.9547
1748935898.4712079,1.7409,1.7621,2.1181,1.0938,1.2144,1.9961,1.1559,1.2711,2.0047,1.2158,1.3028,2.0122,0.9759,1.0396,1.9693
1748935898.584594,1.7291,1.7576,2.1275,1.0906,1.2168,1.9722,1.1688,1.287,1.9991,1.2362,1.317,2.0155,0.9805,1.0608,1.9658
1748935898.6986072,1.7807,1.8309,2.2236,1.0831,1.2109,2.0367,1.1932,1.3079,2.0496,1.197,1.3076,2.0821,0.9807,1.0449,2.0163
1748935898.8126888,1.7444,1.7697,2.1586,1.0825,1.212,1.9964,1.1822,1.2929,2.0249,1.1892,1.305,2.0361,0.9662,1.0479,1.9762
1748935898.9292622,1.7323,1.757,2.1992,1.075,1.2254,2.0343,1.1892,1.2929,2.0635,1.2029,1.2996,2.0821,0.9732,1.0519,2.0147
1748935899.040663,1.7052,1.7415,2.2301,1.0675,1.1932,2.0756,1.1403,1.2534,2.0606,1.1543,1.2437,2.1009,0.9764,1.0261,2.0536
1748935899.154627,1.6961,1.7262,2.2473,1.0345,1.1655,2.0764,1.1376,1.2558,2.0791,1.1341,1.2386,2.1084,0.9789,1.0331,2.0789
1748935899.268833,1.6945,1.7159,2.2432,1.01,1.1666,2.0926,1.1282,1.2429,2.1006,1.1255,1.2348,2.1154,1.0046,1.0382,2.0767
1748935899.383331,1.7275,1.7474,2.2596,1.0063,1.1672,2.0915,1.115,1.2469,2.0947,1.1803,1.273,2.1272,1.0218,1.0366,2.0797
1748935899.497349,1.717,1.7334,2.1952,0.9917,1.1424,2.0007,1.1008,1.2238,2.0042,1.2026,1.2813,2.0262,1.0046,1.0345,1.9894
1748935899.610647,1.692,1.7133,2.1221,0.9923,1.1338,1.9236,1.1,1.2066,1.9112,1.2013,1.2768,1.9612,1.0108,1.0248,1.9056
1748935899.72466,1.6434,1.6585,2.0455,0.9861,1.1099,1.8282,1.0842,1.1755,1.8212,1.1876,1.2671,1.8863,1.0114,1.0202,1.8253
1748935899.838745,1.6448,1.6595,2.034,0.9756,1.1078,1.8164,1.0858,1.1744,1.8094,1.1954,1.2502,1.8656,1.0173,1.0245,1.8137
1748935899.953304,1.6211,1.6286,1.9856,0.9724,1.0839,1.7656,1.0836,1.1688,1.7662,1.1846,1.2338,1.8325,1.0245,1.0267,1.7697
1748935900.066716,1.5747,1.5967,1.8852,0.9617,1.0653,1.6123,1.0707,1.1376,1.6214,1.1513,1.2187,1.6902,1.0116,1.0221,1.6004
1748935900.180672,1.5373,1.5534,1.5822,0.9442,1.0503,1.0702,1.0484,1.1234,1.1317,1.0157,1.103,1.096,1.0079,1.0092,0.9579
1748935900.29493,1.5354,1.5446,1.5725,0.9485,1.0535,1.0398,1.0428,1.1021,1.1422,1.085,1.1895,1.0318,0.9869,1.0092,0.9042
1748935900.409508,1.526,1.5362,1.5626,0.9531,1.0465,1.0401,1.0433,1.0944,1.133,1.0388,1.0345,0.9292,0.9904,1.0003,0.9203
1748935900.52288,1.4992,1.5188,1.5432,0.9517,1.0447,1.0382,1.05,1.0936,1.097,0.9926,1.0071,0.9007,0.9759,1.0036,0.9095
1748935900.636725,1.5002,1.5129,1.5309,0.9488,1.0425,1.0264,1.0339,1.0979,1.0887,0.9858,0.996,0.8891,0.9727,0.9872,0.8926
1748935900.750762,1.4986,1.5059,1.5207,0.9434,1.0256,1.0245,1.0457,1.0887,1.0917,1.0441,1.0833,1.0326,0.992,1.0044,0.9087
1748935900.8686552,1.5188,1.5362,1.5935,0.9482,1.0409,1.0516,1.046,1.1107,1.1107,1.0119,1.0242,0.9284,0.9826,1.006,0.9053
1748935900.979441,1.5284,1.5309,1.6402,0.9423,1.0511,1.5991,1.05,1.1142,1.5808,1.1462,1.1943,0.9794,1.0884,1.0731,1.6687
1748935901.092702,1.5137,1.5322,1.8615,0.948,1.0801,1.637,1.0597,1.1438,1.6311,1.7227,1.7498,1.9881,1.7235,1.7323,1.9937
1748935901.206701,1.4621,1.4788,1.8194,0.9294,1.0707,1.6058,1.0715,1.1706,1.6077,1.8102,1.8285,2.0364,1.8108,1.8229,2.0386
1748935901.320759,1.4261,1.4414,1.7874,0.9297,1.0465,1.5722,1.0578,1.1416,1.5593,1.4723,1.5113,1.8153,1.4299,1.4441,1.8038
1748935901.4351249,1.4218,1.4242,1.7479,0.9361,1.0264,1.5027,1.0431,1.1121,1.5062,1.273,1.3195,1.6808,1.1911,1.2072,1.6356
1748935901.548816,1.5491,1.5615,1.6587,0.9399,1.0514,1.2416,1.0342,1.0962,1.237,1.1451,1.1629,0.9689,1.0721,1.0997,1.2827
1748935901.662862,1.598,1.6058,1.7068,0.9394,1.0476,1.1814,1.0326,1.1024,1.2351,1.1005,1.1478,0.952,1.0409,1.0568,1.2416
1748935901.7816908,1.5752,1.5943,1.6826,0.941,1.0294,1.1572,1.0439,1.0809,1.1599,1.1016,1.1089,0.902,1.0076,1.0476,1.0183
1748935901.890765,1.5126,1.5091,1.5473,0.9353,1.0175,1.024,1.0288,1.0772,1.1105,1.0181,1.0514,0.9434,0.9955,1.0237,1.0216
1748935902.004844,1.5295,1.5298,1.5564,0.9292,1.0114,1.0302,1.0296,1.0782,1.0933,0.9998,1.0087,0.9136,0.9786,1.0089,0.9437
1748935902.119576,1.627,1.6203,1.6547,0.9318,1.0302,1.0264,1.0457,1.0925,1.1116,0.9853,1.0154,0.9004,0.9834,1.0154,0.9211
1748935902.233072,1.5924,1.5943,1.6773,0.9351,1.028,1.1467,1.0422,1.0952,1.2644,1.0782,1.1164,0.9469,1.0063,1.0226,1.1937
1748935902.346852,1.5671,1.5709,1.6633,0.9356,1.0108,1.143,1.0404,1.0796,1.1935,1.0858,1.1215,0.9378,1.0038,1.0135,1.1749
1748935902.460842,1.5728,1.5846,1.6501,0.9189,1.0103,1.1051,1.0245,1.0742,1.1661,1.05,1.0927,0.902,1.0006,1.0143,1.1438
1748935902.5750358,1.5502,1.5494,1.5983,0.9254,1.003,1.035,1.024,1.0573,1.0874,0.984,1.02,0.8988,0.9684,0.992,0.9909
1748935902.690439,1.525,1.5352,1.5698,0.9273,0.9958,1.0127,1.0186,1.0611,1.0884,0.9791,1.0116,0.901,0.9735,0.9979,0.9995
1748935902.803461,1.5244,1.5293,1.5569,0.9219,0.9977,1.0151,1.032,1.0562,1.0812,0.9823,1.0111,0.8969,0.9713,0.9934,0.9598
1748935902.9168289,1.5185,1.5368,1.5521,0.9351,0.9955,1.0138,1.0138,1.0457,1.0707,0.9815,1.003,0.8953,0.9595,0.9888,0.948
1748935903.0307982,1.5158,1.5182,1.5542,0.9235,0.9934,1.013,1.0175,1.0441,1.0764,0.9772,0.9952,0.8873,0.9805,0.9907,0.96
1748935903.145665,1.5064,1.5094,1.5424,0.927,0.9885,1.0146,1.0146,1.0398,1.0581,0.9657,0.992,0.8961,0.9627,0.9909,0.9243
1748935903.259477,1.4895,1.4978,1.529,0.9249,0.9893,1.006,1.0165,1.0409,1.0739,0.9759,0.9985,0.8964,0.9832,0.9845,0.9485
1748935903.372807,1.4844,1.5027,1.5596,0.9318,0.9866,1.0414,1.0138,1.049,1.1113,1.0283,1.0611,0.9262,0.9907,1.0044,1.1392
1748935903.486815,1.4943,1.5032,1.5808,0.9267,0.9858,1.1314,1.0216,1.042,1.5765,1.0608,1.0761,1.0431,0.9858,0.9987,1.3305
1748935903.600847,1.5376,1.5405,1.9335,0.9241,1.0089,1.735,1.024,1.0632,1.7436,1.0723,1.1086,1.7758,0.9931,1.0022,1.7498
1748935903.715913,1.5524,1.5666,1.9854,0.9257,1.0261,1.8067,1.0304,1.0903,1.8006,1.0836,1.1387,1.8315,0.9912,0.9998,1.8113
1748935903.8288121,1.5387,1.5507,1.9856,0.9222,1.0328,1.7812,1.0385,1.0927,1.793,1.0764,1.1355,1.8457,0.9915,1.0081,1.818
1748935903.9428961,1.5284,1.5368,1.8255,0.9267,1.0248,1.5462,1.0401,1.0992,1.5695,1.0812,1.1344,1.5897,0.9845,1.0009,1.4871
1748935904.056798,1.5174,1.5341,1.6904,0.9187,1.0183,1.2187,1.032,1.0981,1.2824,1.0774,1.1261,1.334,0.9821,1.0071,1.1113
1748935904.178737,1.4852,1.5107,1.9335,0.9241,1.0132,1.7595,1.0216,1.085,1.7673,1.0731,1.1172,1.7855,0.9729,1.0041,1.7659
1748935904.284888,1.4882,1.4951,1.9008,0.9289,1.0119,1.7079,1.0299,1.0694,1.6971,1.0675,1.114,1.7229,0.9826,1.0071,1.648
1748935904.398876,1.4737,1.4949,1.8889,0.9216,1.0097,1.7006,1.0229,1.071,1.7071,1.0568,1.1105,1.7458,0.9853,0.9947,1.7162
1748935904.5180821,1.5019,1.5045,1.9142,0.9198,1.0017,1.724,1.0234,1.0737,1.7401,1.0498,1.1019,1.7592,0.9877,1.002,1.7291
1748935904.6269708,1.4895,1.5032,1.879,0.9125,1.0063,1.6735,1.0296,1.064,1.6816,1.0519,1.1073,1.7084,0.9845,1.002,1.6942
1748935904.740917,1.4667,1.4782,1.8417,0.9281,1.003,1.6174,1.0162,1.0541,1.627,1.0468,1.0914,1.6633,0.978,1.0028,1.6386
1748935904.854892,1.475,1.4941,1.8406,0.927,0.9998,1.6139,1.0138,1.0549,1.6117,1.0557,1.0807,1.6628,0.9805,0.992,1.6278
1748935904.969478,1.4637,1.4814,1.843,0.9211,0.9955,1.62,1.0186,1.0619,1.637,1.0503,1.0919,1.6705,0.9678,0.9934,1.6461
1748935905.082871,1.4608,1.4817,1.8484,0.9273,1.003,1.6313,1.0151,1.0568,1.6351,1.0433,1.0847,1.6759,0.9858,0.9907,1.662
1748935905.1969101,1.4892,1.5011,1.8554,0.9192,1.0105,1.623,1.0218,1.0541,1.6383,1.0514,1.0941,1.6791,0.9815,0.9915,1.6566
1748935905.312047,1.4992,1.5217,1.8758,0.9192,1.0003,1.6579,1.021,1.0589,1.6598,1.0468,1.0882,1.6885,0.9767,1.003,1.6781
1748935905.42491,1.479,1.4887,1.8358,0.9232,0.992,1.6125,1.0165,1.0664,1.6198,1.0624,1.0938,1.6671,0.9821,1.0052,1.6378
1748935905.538929,1.4546,1.4648,1.8239,0.9144,0.9915,1.5865,1.0105,1.0465,1.6002,1.0589,1.0893,1.6364,0.9834,0.9971,1.6209
1748935905.6533928,1.4479,1.4634,1.8161,0.9189,0.9955,1.59,1.0068,1.0433,1.5838,1.0557,1.0836,1.6413,0.9729,1.0028,1.5983
1748935905.767027,1.4438,1.4468,1.8035,0.9157,0.9928,1.5722,1.0191,1.0425,1.58,1.053,1.0796,1.627,0.9797,0.9912,1.6042
1748935905.880852,1.4484,1.4659,1.8194,0.9206,0.9939,1.5865,1.0208,1.0503,1.5803,1.0511,1.0876,1.6289,0.9821,0.9987,1.6128
1748935905.9949162,1.489,1.5072,1.8301,0.9114,0.9883,1.5961,1.0334,1.0559,1.5894,1.0678,1.0987,1.637,0.9764,0.9968,1.6098
1748935906.108979,1.4785,1.4976,1.8344,0.9173,0.9778,1.5959,1.0326,1.0656,1.5897,1.0648,1.0987,1.644,0.9794,0.9934,1.6109
1748935906.2230139,1.461,1.4777,1.8046,0.9184,0.9762,1.5706,1.0272,1.0581,1.5695,1.067,1.0992,1.6184,0.984,0.9939,1.5816
1748935906.3370292,1.45,1.4632,1.8169,0.9147,0.9885,1.5658,1.0272,1.0667,1.5709,1.0702,1.0936,1.6313,0.9743,0.9823,1.5897
1748935906.451491,1.4632,1.4763,1.8126,0.9144,0.9799,1.5725,1.0299,1.0578,1.5806,1.0562,1.089,1.6214,0.9756,0.9899,1.5832
1748935906.564998,1.4648,1.4739,1.8027,0.92,0.9866,1.5494,1.013,1.0602,1.5569,1.0484,1.0823,1.5937,0.9815,0.995,1.5768
1748935906.682683,1.4903,1.4914,1.8186,0.9179,0.9729,1.5483,1.0081,1.0436,1.5572,1.0474,1.0707,1.6029,0.9893,0.9883,1.5859
1748935906.79358,1.5021,1.5113,1.821,0.9181,0.9797,1.5816,1.0221,1.0538,1.5636,1.0439,1.0815,1.6235,0.9743,0.9963,1.5945
1748935906.9070148,1.4782,1.4798,1.8049,0.9104,0.984,1.5749,1.0245,1.0441,1.572,1.0562,1.086,1.616,0.9735,0.9912,1.5921
1748935907.020967,1.4508,1.4621,1.7901,0.9163,0.9807,1.5497,1.013,1.0406,1.5521,1.0471,1.0842,1.5951,0.9829,0.9845,1.5827
1748935907.135045,1.4334,1.4452,1.7869,0.912,0.981,1.5451,1.0022,1.0449,1.5532,1.0296,1.0629,1.5916,0.9756,0.9842,1.5787
1748935907.252575,1.4377,1.4629,1.7957,0.9184,0.9799,1.5558,1.0148,1.0514,1.551,1.0393,1.0756,1.6004,0.9713,0.9896,1.5741
1748935907.36356,1.4368,1.4495,1.7788,0.9138,0.9751,1.537,1.0165,1.031,1.5204,1.0441,1.0592,1.5803,0.9705,0.9759,1.565
1748935907.476942,1.4406,1.4481,1.7686,0.92,0.9802,1.5137,1.0146,1.0393,1.5193,1.0296,1.0653,1.5749,0.9823,0.9874,1.5419
1748935907.591182,1.4441,1.4479,1.7697,0.9176,0.9794,1.5062,1.0111,1.0355,1.5032,1.0296,1.0651,1.5666,0.9751,0.9885,1.544
1748935907.7082088,1.4355,1.4519,1.7605,0.9198,0.9915,1.4986,1.0105,1.0409,1.5078,1.0245,1.068,1.5456,0.9708,0.9866,1.5129
1748935907.8192792,1.4374,1.4417,1.529,0.9173,0.9754,1.1011,1.0044,1.035,1.1878,1.0135,1.0463,1.0404,0.9716,0.9901,1.3074
1748935907.932984,1.428,1.4344,1.7487,0.9179,0.9772,1.489,1.0167,1.0355,1.501,1.0366,1.0573,1.5564,0.9746,0.9936,1.5258
1748935908.047145,1.4124,1.4207,1.7358,0.9171,0.9818,1.4814,1.0084,1.0404,1.4694,1.0221,1.0597,1.5255,0.9713,0.9832,1.4994
1748935908.1614442,1.4108,1.4084,1.6098,0.9114,0.974,1.4667,1.0073,1.0363,1.472,1.0283,1.0613,1.5365,0.9622,0.977,1.5059
1748935908.2754922,1.4054,1.4097,1.5276,0.92,0.9783,1.125,1.0154,1.0334,1.1723,1.0148,1.0339,1.0471,0.978,0.9791,1.1731
1748935908.3890948,1.4137,1.4151,1.7318,0.9235,0.9743,1.4688,1.0103,1.0221,1.46,1.0202,1.0611,1.5338,0.9727,0.9721,1.4976
1748935908.503093,1.4242,1.4411,1.5083,0.9246,0.9716,1.0909,1.0033,1.0251,1.1352,0.9985,1.0363,0.9437,0.9762,0.9834,1.1107
1748935908.619017,1.407,1.4111,1.7262,0.909,0.9708,1.4661,1.0071,1.0224,1.4573,1.0213,1.0444,1.5204,0.9729,0.9832,1.4962
1748935908.7318559,1.4006,1.4143,1.7044,0.9141,0.9665,1.4393,0.996,1.0283,1.4285,1.0186,1.0565,1.2985,0.981,0.9885,1.2104
1748935908.844993,1.4119,1.4223,1.7192,0.9214,0.9649,1.4479,1.0033,1.0245,1.4463,1.0175,1.0554,1.4938,0.9729,0.9832,1.4691
1748935908.95906,1.417,1.4111,1.5983,0.9224,0.9646,1.0543,1.0038,1.0151,1.1161,1.0087,1.0417,0.9721,0.9783,0.9858,1.2609
1748935909.073189,1.4095,1.4248,1.7296,0.9195,0.9657,1.4766,1.0073,1.0275,1.4605,1.0178,1.049,1.5287,0.9842,0.9832,1.5043
1748935909.190413,1.421,1.4189,1.7554,0.9138,0.9703,1.4919,1.0084,1.0264,1.4938,1.0229,1.0487,1.5467,0.9708,0.9923,1.5381
1748935909.301143,1.4223,1.4339,1.7659,0.9179,0.9662,1.5145,1.003,1.0288,1.5064,1.0253,1.0538,1.5677,0.9697,0.9907,1.5419
1748935909.415241,1.4283,1.4382,1.7458,0.9128,0.9716,1.4911,1.0103,1.0353,1.493,1.0277,1.0608,1.5424,0.9716,0.9934,1.526
1748935909.529096,1.4202,1.4253,1.7262,0.9141,0.9689,1.4573,1.0028,1.0377,1.4505,1.0361,1.0659,1.5223,0.9684,0.9807,1.4992
1748935909.646139,1.4127,1.4395,1.7788,0.9101,0.9695,1.5516,1.0119,1.0355,1.5381,1.0323,1.0696,1.6072,0.9724,0.9974,1.5634
1748935909.7571032,1.407,1.4194,1.7689,0.9165,0.9684,1.5379,0.9963,1.0414,1.5368,1.0326,1.0758,1.5881,0.9866,0.988,1.5642
1748935909.8710852,1.4111,1.4164,1.7632,0.9101,0.9727,1.5413,1.0114,1.0559,1.5403,1.0296,1.0799,1.5969,0.9737,0.9971,1.5771
1748935909.985067,1.4057,1.418,1.7882,0.9114,0.9681,1.5733,1.0132,1.0492,1.5604,1.0269,1.0879,1.6235,0.978,1.0033,1.6061
1748935910.099088,1.3939,1.4054,1.7753,0.9179,0.9783,1.5615,1.0076,1.0398,1.5561,1.0439,1.0705,1.6077,0.9746,1.0009,1.5865
1748935910.216886,1.3936,1.4081,1.7611,0.9117,0.9786,1.5419,1.0073,1.0431,1.5524,1.0337,1.078,1.6012,0.9829,1.0033,1.5838
1748935910.327088,1.3947,1.4043,1.7366,0.9254,0.9678,1.4962,1.002,1.0401,1.4874,1.0345,1.0761,1.5451,0.9799,0.9944,1.4683
1748935910.441071,1.3821,1.3963,1.7439,0.9173,0.9737,1.4785,0.9987,1.0345,1.4696,1.0328,1.0726,1.5669,0.967,0.9815,1.5094
1748935910.555277,1.3853,1.3923,1.7436,0.9087,0.9657,1.5182,1.0017,1.0358,1.4992,1.0218,1.071,1.5542,0.9754,0.9826,1.5481
1748935910.673101,1.4009,1.4081,1.7616,0.913,0.9791,1.5327,0.9958,1.0291,1.5357,1.0259,1.0715,1.5862,0.9665,1.0084,1.5583
1748935910.783621,1.4105,1.4232,1.8062,0.9122,0.9711,1.5862,0.9987,1.0377,1.5832,1.0345,1.0927,1.6458,0.9832,1.0017,1.6131
1748935910.897151,1.4226,1.4315,1.8226,0.9184,0.9802,1.6125,1.0081,1.0334,1.6066,1.0452,1.0987,1.663,0.9923,1.0097,1.6295
1748935911.0111182,1.41,1.428,1.8035,0.9122,0.9735,1.5953,1.0028,1.035,1.5755,1.0355,1.0949,1.6284,0.9746,1.0191,1.6211
1748935911.130535,1.4178,1.4202,1.7955,0.905,0.9729,1.5867,1.0009,1.0326,1.5736,1.0409,1.089,1.6292,0.981,0.9985,1.6031
1748935911.239178,1.4164,1.4393,1.7898,0.9141,0.984,1.561,1.0001,1.0224,1.5671,1.0417,1.0812,1.6155,0.9853,0.999,1.5929
1748935911.353142,1.45,1.4726,1.8065,0.9122,0.9783,1.5663,1.006,1.0508,1.561,1.0393,1.0807,1.6278,0.9837,0.9923,1.6055
1748935911.4672809,1.4274,1.446,1.8075,0.9192,0.9805,1.555,1.0003,1.0428,1.5612,1.0379,1.0863,1.6045,0.9842,0.9963,1.6039
1748935911.581563,1.4266,1.4363,1.7866,0.9184,0.9697,1.5599,1.0038,1.0533,1.5593,1.0291,1.0936,1.6217,0.9832,1.0116,1.6104
1748935911.6955562,1.4234,1.4522,1.8003,0.9206,0.9746,1.5663,1.0162,1.0514,1.569,1.0374,1.1043,1.6329,0.9743,1.0103,1.5978
1748935911.8092291,1.4119,1.4242,1.7877,0.9214,0.9799,1.5524,1.0057,1.0417,1.5569,1.0414,1.0965,1.6163,0.9799,1.0148,1.6072
1748935911.9231548,1.399,1.414,1.7887,0.9222,0.9775,1.5569,1.002,1.0388,1.5604,1.046,1.1016,1.616,0.9915,1.0202,1.5841
1748935912.0372028,1.3987,1.4019,1.7734,0.9155,0.9711,1.5596,1.002,1.0339,1.5599,1.0366,1.0882,1.6217,0.9934,1.0132,1.5983
1748935912.151337,1.3831,1.3976,1.7783,0.9071,0.9772,1.5653,1.0087,1.0361,1.5585,1.042,1.0965,1.6305,0.9893,1.0017,1.6093
1748935912.266582,1.3847,1.399,1.7783,0.9155,0.9684,1.5679,1.0025,1.0377,1.58,1.0302,1.0874,1.619,0.9837,1.0089,1.6055
1748935912.3797052,1.3837,1.385,1.7769,0.9152,0.977,1.5607,1.0154,1.0277,1.5741,1.0326,1.0852,1.634,0.9853,1.0041,1.6072
1748935912.493269,1.3823,1.4043,1.7656,0.9128,0.9654,1.5553,0.9931,1.031,1.5542,1.0406,1.0906,1.6217,0.977,1.0103,1.5932
1748935912.607511,1.3786,1.3982,1.7632,0.9079,0.9724,1.5588,1.0044,1.0328,1.5518,1.0377,1.0852,1.5929,0.9791,1.0127,1.5846
1748935912.722711,1.3786,1.3853,1.7579,0.9087,0.9743,1.5338,1.0087,1.0291,1.5384,1.0366,1.0871,1.5986,0.9759,1.0052,1.5773
1748935912.8354828,1.3788,1.396,1.7527,0.9141,0.9721,1.5344,1.0057,1.0269,1.5336,1.0455,1.0847,1.6026,0.9856,0.9982,1.5832
1748935912.9491851,1.3775,1.3821,1.7506,0.9176,0.9799,1.5424,0.996,1.0285,1.5405,1.0404,1.0962,1.6085,0.9794,1.006,1.569
1748935913.06317,1.3831,1.3882,1.7549,0.9093,0.9705,1.5416,1.003,1.032,1.5338,1.0522,1.103,1.6023,0.9764,1.0054,1.5738
1748935913.1782012,1.3804,1.3804,1.7493,0.9117,0.9823,1.5287,0.9958,1.024,1.5314,1.0401,1.0917,1.5964,0.9866,1.0178,1.5771
1748935913.291248,1.3606,1.3877,1.7407,0.9101,0.9789,1.5279,0.995,1.0248,1.5333,1.0667,1.1054,1.6021,0.977,1.0127,1.5867
1748935913.405264,1.3716,1.381,1.746,0.9122,0.9856,1.529,1.0001,1.0234,1.5161,1.0468,1.0946,1.5854,0.9834,1.0178,1.5661
1748935913.5191941,1.3646,1.3866,1.7404,0.9122,0.9703,1.5129,1.0089,1.0208,1.5043,1.0444,1.0989,1.5712,0.9842,1.0071,1.551
1748935913.638436,1.3681,1.388,1.7305,0.9079,0.977,1.5059,0.9915,1.0237,1.511,1.0506,1.0833,1.5779,0.9805,1.0191,1.5583
1748935913.748085,1.3756,1.3753,1.7245,0.9112,0.9614,1.5086,1.0033,1.0261,1.5139,1.0366,1.0925,1.5671,0.9754,1.0011,1.5435
1748935913.8611789,1.3657,1.3697,1.7358,0.9077,0.9721,1.5145,1.0041,1.0345,1.5121,1.0234,1.0922,1.5725,0.9821,0.9939,1.5486
1748935913.9752882,1.3622,1.3721,1.7339,0.92,0.9695,1.5126,1.0097,1.0326,1.5029,1.039,1.0788,1.5655,0.977,1.0036,1.543
1748935914.096156,1.3598,1.3619,1.7272,0.9216,0.9657,1.4965,0.9974,1.0248,1.4954,1.0398,1.0758,1.558,0.974,1.0017,1.526
1748935914.203988,1.3622,1.3713,1.7184,0.9168,0.9735,1.508,1.003,1.0242,1.5105,1.042,1.0823,1.5483,0.9716,0.9912,1.5346
1748935914.3174028,1.3606,1.3692,1.7063,0.9112,0.9711,1.4887,1.0028,1.0218,1.4879,1.039,1.0611,1.5537,0.9821,0.9904,1.5174
1748935914.431386,1.3517,1.3654,1.7159,0.905,0.9772,1.4828,0.9979,1.02,1.4785,1.0285,1.0664,1.5389,0.9837,0.9869,1.5107
1748935914.5456839,1.3624,1.3753,1.7205,0.919,0.9686,1.4822,1.0011,1.0339,1.4745,1.0264,1.0624,1.5438,0.9673,1.0057,1.5169
1748935914.6592221,1.3756,1.389,1.7248,0.9214,0.9684,1.493,0.9947,1.024,1.4793,1.0251,1.0664,1.5365,0.9711,0.9861,1.5381
1748935914.773252,1.3598,1.3791,1.7224,0.9187,0.9684,1.4959,0.9971,1.0194,1.5005,1.0377,1.068,1.555,0.9767,1.003,1.533
1748935914.8873558,1.3619,1.3689,1.7388,0.9184,0.9764,1.5174,1.0041,1.0261,1.5088,1.0245,1.0551,1.561,0.9767,0.9915,1.5282
1748935915.0040488,1.3684,1.3756,1.7264,0.9104,0.9732,1.507,0.9939,1.0248,1.4957,1.0296,1.0645,1.5532,0.9703,0.9893,1.5319
1748935915.115584,1.3651,1.3756,1.7224,0.9173,0.9598,1.5027,0.9909,1.0146,1.5045,1.0288,1.0731,1.5653,0.9764,0.9783,1.5349
1748935915.229265,1.3786,1.3689,1.7275,0.9227,0.9724,1.489,0.9963,1.0162,1.5029,1.028,1.0619,1.5577,0.9716,0.9866,1.5287
1748935915.34331,1.37,1.3863,1.7208,0.9136,0.9767,1.4868,0.9979,1.0245,1.4841,1.0183,1.0659,1.5462,0.9665,0.9848,1.5147
1748935915.45731,1.3579,1.3702,1.7138,0.9211,0.9705,1.4933,1.003,1.0183,1.4898,1.0218,1.0568,1.5333,0.9568,0.9893,1.5164
1748935915.576326,1.3657,1.385,1.7286,0.9122,0.9789,1.489,0.9942,1.0226,1.4892,1.0242,1.0565,1.5427,0.9646,0.9955,1.5145
1748935915.685311,1.371,1.3834,1.7259,0.9208,0.9729,1.4868,0.9926,1.0294,1.5045,1.0229,1.0506,1.5446,0.9641,0.9885,1.5201
1748935915.799335,1.389,1.3966,1.7506,0.9149,0.9681,1.5215,0.996,1.0213,1.5115,1.0162,1.0632,1.5717,0.9619,0.9864,1.5494
1748935915.913683,1.3882,1.3958,1.7466,0.916,0.9767,1.5263,0.9963,1.02,1.5564,1.0234,1.0608,1.5854,0.9641,0.981,1.5569
1748935916.0273752,1.392,1.403,1.7619,0.9034,0.9703,1.5502,0.9982,1.0379,1.5704,1.0285,1.0718,1.5951,0.9708,0.9891,1.5682
1748935916.141323,1.4025,1.4226,1.7844,0.9157,0.9794,1.555,0.9998,1.0342,1.5416,1.0277,1.079,1.5376,0.9727,0.9955,1.5379
1748935916.255321,1.3866,1.4038,1.7318,0.9117,0.9735,1.5139,1.0063,1.0285,1.5188,1.0447,1.0715,1.565,0.9713,0.9917,1.5311
