timestamp,R0C0,R0C1,R0C2,R1C0,R1C1,R1C2,R2C0,R2C1,R2C2,R3C0,R3C1,R3C2,R4C0,R4C1,R4C2
1748798443.5918221,1.8997,1.8191,1.8556,1.2719,1.1384,1.0906,1.4648,1.2571,1.2233,1.3882,1.2123,1.3192,1.2663,1.1043,0.8875
1748798443.677585,1.8924,1.8433,1.8572,1.2609,1.1266,1.0863,1.508,1.2687,1.2459,1.41,1.2284,1.3506,1.3307,1.0906,0.8929
1748798443.781117,1.9263,1.8443,1.8863,1.3283,1.1494,1.1118,1.5451,1.3031,1.2523,1.4814,1.2365,1.3898,1.3818,1.0941,0.8918
1748798443.893207,1.947,1.8771,1.9188,1.3705,1.1478,1.1099,1.5937,1.3157,1.2617,1.5083,1.2563,1.378,1.407,1.1024,0.9238
1748798444.005974,1.9209,1.8683,1.8991,1.3404,1.1218,1.0901,1.5497,1.2977,1.2749,1.4559,1.2625,1.3912,1.3667,1.0936,0.909
1748798444.1228821,1.9472,1.872,1.8989,1.3358,1.1642,1.1035,1.5593,1.3353,1.2789,1.5008,1.2152,1.3415,1.396,1.1201,0.8964
1748798444.278624,1.994,1.8967,1.9421,1.4062,1.2249,1.1924,1.681,1.4849,1.508,1.508,1.2577,1.4242,1.4229,1.1465,0.9069
1748798444.344897,1.9521,1.8696,1.9381,1.3743,1.2416,1.2158,1.7143,1.5314,1.5736,1.5126,1.2703,1.4232,1.403,1.1502,0.9112
1748798444.4617321,1.9547,1.8927,1.9271,1.3152,1.2617,1.2322,1.6915,1.5521,1.5704,1.4753,1.3009,1.4409,1.392,1.1728,0.9058
1748798444.5716171,1.9599,1.8685,1.9236,1.3197,1.2622,1.2144,1.6558,1.5231,1.5636,1.4516,1.327,1.4589,1.3544,1.1803,0.9216
1748798444.683873,1.9631,1.9045,1.9505,1.317,1.2424,1.2195,1.6969,1.5287,1.5601,1.4602,1.3203,1.4562,1.3415,1.1655,0.8897
1748798444.797077,1.9381,1.8793,1.9505,1.2684,1.2545,1.2187,1.6601,1.554,1.583,1.4489,1.3058,1.4237,1.2942,1.1416,0.8926
1748798444.913269,1.9306,1.8726,1.9193,1.23,1.2684,1.2128,1.6297,1.5567,1.6015,1.3958,1.2856,1.4406,1.2867,1.1588,0.8991
1748798445.022977,1.9448,1.8707,1.929,1.2297,1.2872,1.2561,1.6303,1.5507,1.5902,1.4011,1.2926,1.4124,1.2676,1.1733,0.9305
1748798445.135999,1.9282,1.8946,1.9308,1.1854,1.2687,1.2426,1.5865,1.5207,1.5897,1.3751,1.3168,1.4323,1.248,1.1704,0.9251
1748798445.249023,1.962,1.9163,1.9566,1.1618,1.2445,1.2354,1.5284,1.5013,1.5408,1.3756,1.2945,1.4221,1.2741,1.1715,0.909
1748798445.364746,1.9359,1.9298,1.9523,1.1529,1.2281,1.234,1.5075,1.4696,1.5395,1.3724,1.3004,1.4339,1.284,1.1629,0.8975
1748798445.474968,1.9094,1.9107,1.9467,1.1408,1.2271,1.2373,1.4492,1.4481,1.507,1.3837,1.3109,1.4446,1.2695,1.183,0.8929
1748798445.588196,1.9464,1.9639,1.9961,1.1263,1.2424,1.2773,1.4097,1.4355,1.555,1.4151,1.3533,1.5013,1.3074,1.2373,0.9066
1748798445.704997,2.0302,2.0074,2.0673,1.0871,1.2494,1.3093,1.4113,1.4691,1.5618,1.3821,1.2993,1.4895,1.302,1.2453,0.8953
1748798445.814111,2.0144,1.9916,2.0531,1.0592,1.2784,1.4328,1.4503,1.5137,1.6109,1.3579,1.3109,1.5067,1.3033,1.2539,0.9216
1748798445.926968,1.9741,2.0053,2.1884,1.0476,1.2977,1.7678,1.4583,1.5572,1.9198,1.3568,1.3565,1.8688,1.3987,1.3101,1.886
1748798446.039999,1.965,2.0018,2.1807,1.0288,1.2649,1.7549,1.4315,1.5344,1.8981,1.3197,1.3109,1.8564,1.3874,1.2563,1.8801
1748798446.1555939,2.0018,1.998,2.1659,1.0302,1.2464,1.6966,1.4213,1.4874,1.8594,1.3119,1.2996,1.8239,1.3509,1.2426,1.8382
1748798446.26701,2.0273,2.0453,2.2145,1.0307,1.2628,1.7017,1.4154,1.5126,1.8484,1.295,1.2883,1.8207,1.3356,1.2434,1.8398
1748798446.378989,2.1213,2.1428,2.236,1.0495,1.2144,1.7087,1.3909,1.453,1.8191,1.2695,1.2698,1.7917,1.2958,1.2072,1.8309
1748798446.492039,1.9958,1.9977,2.1506,1.0186,1.2217,1.6324,1.3877,1.4468,1.7758,1.2297,1.233,1.7329,1.3302,1.222,1.7761
1748798446.6052108,1.951,1.9354,2.0958,1.01,1.18,1.5779,1.4076,1.4543,1.7796,1.2332,1.2496,1.7318,1.3042,1.2155,1.7299
1748798446.718293,1.9088,1.9206,2.0622,1.0216,1.1717,1.5661,1.3925,1.4672,1.7329,1.2461,1.2367,1.6961,1.2891,1.1706,1.706
1748798446.83127,1.8871,1.8674,2.0187,1.006,1.1951,1.5027,1.3855,1.4532,1.7366,1.2335,1.2179,1.6743,1.2528,1.1852,1.6912
1748798446.94397,1.9008,1.9061,2.0302,1.0154,1.2088,1.5156,1.367,1.4409,1.7342,1.2287,1.248,1.6716,1.2794,1.1763,1.7205
1748798447.056929,1.9257,1.9126,2.0412,1.0181,1.1717,1.5905,1.4097,1.4624,1.7866,1.233,1.2104,1.7176,1.2633,1.1728,1.7407
1748798447.173273,1.9359,1.9365,2.0963,0.9939,1.212,1.648,1.4186,1.4554,1.8153,1.252,1.2174,1.7619,1.2663,1.1989,1.7729
1748798447.28304,1.9341,1.9083,2.1006,0.9987,1.194,1.6434,1.4092,1.4591,1.7922,1.2244,1.2585,1.7237,1.2617,1.1432,1.7673
1748798447.395998,1.9222,1.9325,2.084,1.0157,1.1895,1.6174,1.3804,1.4401,1.8008,1.2284,1.226,1.7237,1.2743,1.1591,1.7694
1748798447.509139,1.9,1.9316,2.0837,0.9928,1.1744,1.6182,1.3906,1.4685,1.8178,1.2485,1.2206,1.7232,1.2582,1.1621,1.7753
1748798447.624235,1.9292,1.9456,2.1011,1.0151,1.2158,1.5811,1.3904,1.4814,1.7834,1.2338,1.2741,1.7208,1.2964,1.1911,1.7442
1748798447.7350998,1.9131,1.9048,1.9639,1.0202,1.168,1.3076,1.3751,1.439,1.511,1.219,1.2332,1.4328,1.2134,1.1328,1.2343
1748798447.848041,1.9107,1.8924,2.0552,1.0049,1.1782,1.5564,1.3912,1.4151,1.7409,1.2485,1.201,1.6859,1.2507,1.1526,1.7178
1748798447.961306,1.9397,1.9034,2.0421,1.0162,1.1873,1.5534,1.4003,1.4296,1.7734,1.2211,1.2351,1.7071,1.2263,1.1559,1.7098
1748798448.074274,1.8997,1.8916,1.9217,1.0498,1.1701,1.2811,1.3888,1.4291,1.6466,1.1905,1.2518,1.6544,1.1798,1.1422,1.4785
1748798448.1870432,1.8785,1.8774,1.9153,1.003,1.1747,1.2104,1.3681,1.4108,1.472,1.215,1.2494,1.3318,1.1596,1.1255,0.9109
1748798448.300009,1.828,1.8398,1.9083,1.0063,1.1774,1.4986,1.3694,1.3877,1.7272,1.2021,1.2459,1.457,1.1986,1.1416,1.1191
1748798448.413137,1.8613,2.092,2.3408,1.0079,1.2168,1.8712,1.37,1.4221,1.9346,1.2002,1.2631,1.8876,1.2332,1.1465,1.8975
1748798448.530137,2.1447,2.1492,2.3332,1.0011,1.2244,1.8253,1.3369,1.4092,1.8857,1.1994,1.2534,1.8801,1.1696,1.1253,1.864
1748798448.639683,2.1361,2.168,2.3346,1.0122,1.2061,1.7807,1.3453,1.406,1.886,1.2066,1.2563,1.8457,1.161,1.0976,1.8218
1748798448.7523232,2.1729,2.1726,2.4399,0.9998,1.2679,1.9386,1.4095,1.5233,1.9846,1.2083,1.2939,1.9859,1.1741,1.1435,1.9483
1748798448.86506,2.1809,2.1788,2.5038,1.0232,1.2778,1.995,1.443,1.5537,2.0461,1.1954,1.3111,2.0241,1.1715,1.1475,2.0106
1748798448.982925,2.1342,2.1718,2.4675,1.0116,1.2523,2.0214,1.4264,1.5419,2.0335,1.1798,1.2716,2.0069,1.1868,1.1803,2.0469
1748798449.091609,2.1369,2.1793,2.4453,0.9797,1.2107,1.9693,1.4014,1.4887,2.0211,1.1736,1.2305,1.9684,1.1822,1.1395,1.984
1748798449.20417,2.1441,2.1385,2.4111,0.9864,1.1924,1.9306,1.3872,1.4737,1.9886,1.1704,1.2397,1.9518,1.1924,1.147,1.977
1748798449.317028,2.1366,2.1468,2.3894,0.956,1.1862,1.9284,1.3888,1.4973,2.0012,1.1696,1.2528,1.9453,1.1712,1.1277,1.9596
1748798449.431759,2.1355,2.1624,2.391,0.9928,1.1997,1.9209,1.3565,1.4739,1.9663,1.1591,1.2144,1.9298,1.1994,1.136,1.9311
1748798449.543649,2.11,2.128,2.352,1.0054,1.1787,1.8632,1.3654,1.425,1.9295,1.165,1.2174,1.8857,1.1739,1.1266,1.8965
1748798449.656058,2.1557,2.1635,2.4071,0.9891,1.2048,1.868,1.3624,1.4433,1.9421,1.1795,1.251,1.8989,1.186,1.1365,1.9209
1748798449.7692149,2.1565,2.1737,2.3733,0.9713,1.1943,1.8188,1.363,1.417,1.8806,1.1795,1.2233,1.8755,1.2083,1.1234,1.8793
1748798449.885399,2.16,2.1369,2.3797,0.9735,1.212,1.8315,1.3761,1.4352,1.9233,1.2166,1.2588,1.9008,1.2254,1.1701,1.9037
1748798449.9957561,2.1667,2.1745,2.3797,0.9517,1.2093,1.8435,1.3794,1.4355,1.9037,1.2528,1.2754,1.8782,1.2217,1.1631,1.9166
1748798450.108207,2.1385,2.1482,2.3851,0.9858,1.2096,1.8317,1.3858,1.4344,1.9244,1.237,1.2727,1.8895,1.2496,1.1706,1.9026
1748798450.221229,2.1715,2.1919,2.399,0.9952,1.1835,1.8454,1.4189,1.4766,1.9341,1.2244,1.2448,1.8938,1.2461,1.1715,1.8849
1748798450.337773,2.1842,2.1866,2.4044,0.9756,1.2142,1.8795,1.4272,1.4613,1.9384,1.2228,1.2953,1.9115,1.2515,1.1975,1.9271
1748798450.447745,2.1538,2.2089,2.3974,0.9939,1.1937,1.8535,1.4022,1.4519,1.9193,1.2144,1.2921,1.8927,1.2448,1.1653,1.9169
1748798450.5601091,2.222,2.2207,2.4111,0.9826,1.186,1.8457,1.3686,1.4747,1.9268,1.2271,1.2864,1.9064,1.2545,1.1758,1.9018
1748798450.673113,2.2645,2.2621,2.4469,0.9805,1.1913,1.8221,1.3756,1.443,1.9024,1.2104,1.2966,1.8838,1.2292,1.1843,1.908
1748798450.786316,2.2497,2.25,2.4173,0.9872,1.1709,1.7863,1.3538,1.4495,1.8975,1.2147,1.2749,1.8645,1.2394,1.19,1.8943
1748798450.901506,2.4324,2.4256,2.5798,0.9856,1.2209,1.832,1.4054,1.4586,1.9231,1.1908,1.277,1.9048,1.2332,1.1736,1.9134
1748798451.012368,2.3985,2.4007,2.5277,0.9775,1.1927,1.8261,1.3966,1.4613,1.9018,1.1991,1.2711,1.8683,1.2502,1.1916,1.886
1748798451.125226,2.4275,2.4203,2.543,0.9737,1.1817,1.8159,1.3949,1.4836,1.911,1.1825,1.2571,1.8578,1.2445,1.1779,1.8828
1748798451.240621,2.3757,2.3655,2.506,0.977,1.1924,1.7667,1.3968,1.4608,1.8683,1.1986,1.2434,1.8521,1.2612,1.1806,1.879
1748798451.352181,2.2669,2.2768,2.4068,0.9703,1.1706,1.7436,1.3888,1.4414,1.8433,1.2338,1.2655,1.8094,1.2719,1.1768,1.8476
1748798451.4641302,2.2253,2.2392,2.3749,0.9697,1.1895,1.7557,1.4035,1.4755,1.8779,1.216,1.2762,1.8261,1.2641,1.1612,1.8586
1748798451.577128,2.2161,2.2097,2.3365,0.9853,1.1889,1.7237,1.4017,1.4567,1.8395,1.2271,1.2687,1.8129,1.2494,1.1814,1.81
1748798451.690357,2.182,2.1474,2.3233,0.9727,1.1956,1.6985,1.3866,1.4626,1.8161,1.2289,1.2711,1.8,1.2365,1.168,1.7971
1748798451.803519,2.1535,2.1503,2.3021,0.959,1.183,1.7047,1.3662,1.4618,1.8132,1.2166,1.2805,1.7898,1.2456,1.1682,1.8032
1748798451.916515,2.1385,2.167,2.3015,0.9724,1.1927,1.7151,1.3845,1.4304,1.8113,1.2335,1.2907,1.7818,1.2652,1.1728,1.8371
1748798452.029141,2.1208,2.1232,2.2884,0.9703,1.1704,1.6609,1.3654,1.4283,1.8237,1.23,1.2475,1.7522,1.2504,1.1766,1.7807
1748798452.142133,2.171,2.1511,2.297,0.9872,1.1886,1.6579,1.3415,1.4261,1.7995,1.2209,1.2751,1.738,1.2746,1.1752,1.7742
1748798452.2563782,2.1465,2.1643,2.3023,0.9955,1.1575,1.6337,1.3393,1.4323,1.764,1.208,1.2537,1.7377,1.2249,1.165,1.7493
1748798452.368096,2.1578,2.1756,2.319,0.9775,1.1666,1.6356,1.3581,1.4272,1.7538,1.2158,1.259,1.7262,1.226,1.1752,1.7635
1748798452.4811661,2.1339,2.1116,2.2733,0.992,1.1776,1.6198,1.374,1.4135,1.7686,1.2136,1.2453,1.7374,1.2322,1.1827,1.7259
1748798452.598262,2.1264,2.1054,2.261,0.9635,1.1747,1.6031,1.3812,1.4172,1.7737,1.2037,1.2512,1.7168,1.2531,1.1639,1.7409
1748798452.70731,1.832,1.8516,2.0093,0.9759,1.1798,1.594,1.3745,1.407,1.7568,1.2072,1.2899,1.7227,1.2209,1.1717,1.7673
1748798452.820126,1.8143,1.8245,2.0079,0.9641,1.1572,1.5841,1.3399,1.4339,1.7318,1.2007,1.2459,1.7262,1.2491,1.1833,1.7173
1748798452.933154,1.8266,1.8202,2.0192,0.9614,1.1607,1.5712,1.3466,1.4116,1.7474,1.2357,1.2588,1.6934,1.2553,1.1903,1.7229
1748798453.0462432,1.8167,1.8333,2.0353,0.9579,1.1889,1.6131,1.3399,1.378,1.7482,1.2222,1.2561,1.7382,1.295,1.1873,1.7627
1748798453.162407,1.8489,1.8446,2.0173,0.9775,1.1766,1.6222,1.3385,1.3963,1.7632,1.2655,1.32,1.738,1.298,1.2126,1.7621
1748798453.272133,1.8196,1.8309,2.0087,0.9555,1.1841,1.6362,1.341,1.3976,1.785,1.2209,1.3243,1.7444,1.3275,1.2096,1.7702
1748798453.3851478,1.7893,1.8175,1.9932,0.9797,1.1771,1.6273,1.306,1.4086,1.7584,1.2115,1.2961,1.7476,1.3154,1.2163,1.7721
1748798453.498179,1.7734,1.7681,1.9907,0.9748,1.1422,1.5924,1.3259,1.4052,1.7116,1.222,1.2894,1.7205,1.298,1.2048,1.7463
1748798453.612693,1.7654,1.7901,1.9983,0.9791,1.1446,1.6243,1.3168,1.3839,1.7589,1.204,1.3028,1.7603,1.2972,1.2117,1.7901
1748798453.7242649,1.7839,1.7904,2.0044,0.9719,1.1604,1.6767,1.3439,1.3971,1.7858,1.2437,1.3254,1.7791,1.2958,1.2281,1.8234
1748798453.8372102,1.7842,1.7998,2.0179,0.9646,1.1596,1.6923,1.3211,1.418,1.7726,1.2222,1.3146,1.7769,1.3157,1.2362,1.7922
1748798453.950347,1.7745,1.7898,2.0093,0.9713,1.1916,1.6947,1.3267,1.4119,1.7745,1.2109,1.3267,1.775,1.3302,1.2182,1.847
1748798454.065608,1.7748,1.7796,2.0222,0.9767,1.1809,1.68,1.3213,1.3915,1.7804,1.1951,1.3036,1.8046,1.3168,1.2058,1.8304
1748798454.1768582,1.7573,1.8022,2.0125,0.981,1.1991,1.7098,1.316,1.4178,1.7917,1.2037,1.306,1.7906,1.3103,1.2526,1.8392
1748798454.2893388,1.7619,1.7788,2.0219,0.977,1.1846,1.7165,1.3007,1.3863,1.803,1.2147,1.2835,1.8019,1.3243,1.2416,1.8196
1748798454.402174,1.7697,1.7517,2.0106,0.9966,1.1954,1.7151,1.3205,1.3834,1.8043,1.2085,1.2961,1.792,1.3297,1.1994,1.825
1748798454.518166,1.7546,1.7689,2.0098,0.9552,1.1518,1.7125,1.2931,1.3898,1.7904,1.2193,1.2872,1.7938,1.3087,1.215,1.857
1748798454.6285288,1.7643,1.7458,2.0238,0.9737,1.1895,1.7584,1.3326,1.3906,1.8245,1.24,1.3334,1.8339,1.3197,1.215,1.8503
1748798454.741376,1.7474,1.7595,2.0278,1.0097,1.2166,1.7536,1.3015,1.3823,1.8132,1.2064,1.3093,1.8038,1.3321,1.2389,1.8607
1748798454.854242,1.7396,1.7861,2.0061,0.9786,1.1669,1.7116,1.3181,1.36,1.7858,1.1924,1.2907,1.8135,1.3098,1.2128,1.836
1748798454.970127,1.7149,1.757,1.9937,0.9888,1.1929,1.7243,1.3176,1.3702,1.8006,1.2099,1.2687,1.7812,1.3149,1.201,1.8258
1748798455.0808141,1.7294,1.7621,1.9725,0.9832,1.169,1.7022,1.313,1.378,1.7842,1.1782,1.2722,1.7906,1.2811,1.1833,1.8301
1748798455.193265,1.7264,1.745,1.9891,0.981,1.1561,1.7049,1.3152,1.3904,1.7844,1.1889,1.2636,1.7681,1.2523,1.208,1.8024
1748798455.306848,1.7487,1.7536,1.9808,0.9692,1.1819,1.7063,1.3173,1.385,1.7885,1.2061,1.2727,1.7855,1.2695,1.2064,1.8118
1748798455.4198668,1.7382,1.7621,1.9924,0.9877,1.1419,1.6671,1.3047,1.3826,1.767,1.1956,1.2762,1.7557,1.2853,1.2072,1.7646
1748798455.532904,1.7253,1.7514,1.9736,0.9885,1.1615,1.6622,1.2878,1.37,1.7748,1.1975,1.2494,1.7844,1.299,1.1959,1.7936
1748798455.64524,1.7168,1.7345,1.9547,0.9681,1.1674,1.6571,1.2956,1.3573,1.7613,1.1954,1.262,1.7404,1.2856,1.194,1.7882
1748798455.758497,1.7141,1.7356,1.9838,0.9614,1.1607,1.7022,1.3152,1.3896,1.7767,1.1951,1.2663,1.7844,1.3087,1.204,1.8261
1748798455.8739488,1.7417,1.7643,1.9878,0.9735,1.169,1.7079,1.3106,1.4003,1.8019,1.2029,1.32,1.7826,1.3367,1.2531,1.8489
1748798455.98508,1.7412,1.7635,2.0007,0.97,1.1489,1.6934,1.3176,1.4092,1.8113,1.2203,1.2894,1.7855,1.2749,1.2453,1.8169
1748798456.0973382,1.7366,1.7399,2.0128,0.9574,1.1467,1.7323,1.3197,1.3906,1.7906,1.1886,1.2832,1.8237,1.3119,1.2088,1.8084
1748798456.210367,1.775,1.7866,2.0335,0.9635,1.1903,1.7482,1.3632,1.4156,1.8298,1.1975,1.298,1.8024,1.3001,1.2456,1.8207
1748798456.327192,1.8011,1.7955,2.0388,0.9724,1.1717,1.7286,1.3372,1.3963,1.7992,1.2112,1.2996,1.7855,1.2789,1.1975,1.8194
1748798456.436861,1.7799,1.8051,2.0388,0.9574,1.1677,1.6947,1.3718,1.4035,1.8016,1.2134,1.2622,1.7791,1.2631,1.1954,1.8137
1748798456.549304,1.7874,1.778,1.9996,0.9802,1.1459,1.6732,1.3205,1.41,1.7807,1.2053,1.2727,1.7702,1.2703,1.1948,1.792
1748798456.662435,1.7659,1.7621,1.98,0.9369,1.1486,1.6625,1.3407,1.3987,1.771,1.1618,1.2354,1.7538,1.2913,1.169,1.7887
1748798456.7794502,1.756,1.7595,1.9907,0.9466,1.1669,1.6663,1.323,1.407,1.756,1.1575,1.2633,1.7799,1.2534,1.1811,1.7936
1748798456.888432,1.746,1.7479,1.9741,0.9555,1.1674,1.6719,1.3181,1.4113,1.7758,1.1749,1.2488,1.7466,1.2537,1.1841,1.7785
1748798457.001276,1.7557,1.7393,1.9663,0.9488,1.1427,1.6568,1.3426,1.3906,1.7673,1.1841,1.2453,1.7444,1.251,1.1822,1.792
1748798457.114562,1.7425,1.7493,1.9768,0.9673,1.1191,1.6593,1.3501,1.3842,1.7718,1.1956,1.2397,1.7468,1.226,1.1645,1.7909
1748798457.227903,1.7259,1.7428,1.9803,0.9786,1.1406,1.6534,1.3082,1.3684,1.7511,1.1822,1.2512,1.7471,1.2241,1.1862,1.7775
1748798457.340498,1.7299,1.7256,1.9805,0.9619,1.1502,1.6389,1.3149,1.3737,1.7616,1.2002,1.2456,1.7173,1.2397,1.1846,1.7522
1748798457.4534369,1.7248,1.7192,1.9496,0.9265,1.1454,1.6668,1.3157,1.3651,1.7664,1.1792,1.2494,1.7302,1.2464,1.1768,1.7823
1748798457.566421,1.7463,1.7853,2.0125,0.9501,1.1612,1.695,1.338,1.3971,1.7785,1.2083,1.2558,1.7699,1.2445,1.1379,1.7737
1748798457.679776,1.7777,1.7826,2.0326,0.9544,1.1736,1.6751,1.3528,1.4401,1.7893,1.1881,1.255,1.7579,1.244,1.1672,1.7933
1748798457.792854,1.7965,1.803,2.0101,0.9657,1.1653,1.6832,1.3708,1.4301,1.8081,1.1916,1.2311,1.7662,1.2383,1.1599,1.7858
1748798457.905374,1.756,1.753,1.9711,0.9415,1.1465,1.6415,1.3826,1.4226,1.7796,1.1795,1.2711,1.7579,1.2469,1.1575,1.7836
1748798458.018257,1.7458,1.7613,1.9663,0.9407,1.1449,1.6574,1.3641,1.3949,1.7705,1.1878,1.2711,1.7412,1.2378,1.1545,1.7734
1748798458.1339169,1.7291,1.7691,1.9596,0.9447,1.1381,1.6203,1.3412,1.4033,1.7495,1.1838,1.2698,1.7063,1.2416,1.1884,1.7619
1748798458.244807,1.7237,1.7501,1.9453,0.9598,1.1266,1.6203,1.3127,1.3614,1.7382,1.1779,1.2287,1.7372,1.2354,1.1712,1.7525
1748798458.357513,1.7216,1.7487,1.9179,0.9222,1.1261,1.6222,1.335,1.3611,1.7047,1.179,1.2225,1.7106,1.2459,1.1776,1.7401
1748798458.470345,1.7084,1.7487,1.9373,0.9767,1.1242,1.6176,1.3042,1.3541,1.7184,1.1739,1.215,1.7184,1.2002,1.1414,1.7202
1748798458.587038,1.7315,1.7517,1.9437,0.949,1.122,1.5875,1.3259,1.3514,1.7168,1.1741,1.233,1.7039,1.2096,1.1782,1.7377
1748798458.6970859,1.7178,1.7264,1.9448,0.9641,1.1255,1.6125,1.3095,1.3702,1.7186,1.1803,1.2451,1.7074,1.2327,1.1655,1.7466
1748798458.809577,1.7356,1.753,1.9411,0.9638,1.1301,1.6131,1.3076,1.3611,1.7248,1.1897,1.2281,1.7143,1.2107,1.1937,1.7264
1748798458.922348,1.7084,1.7248,1.9244,0.9472,1.1048,1.5905,1.3219,1.36,1.7253,1.1715,1.2244,1.7071,1.2185,1.1384,1.7353
1748798459.039566,1.7162,1.7393,1.9204,0.956,1.1091,1.5935,1.3031,1.3415,1.7057,1.1674,1.2147,1.7178,1.2236,1.1465,1.724
1748798459.1487958,1.6826,1.7106,1.9376,0.949,1.1379,1.5924,1.3031,1.3681,1.7138,1.168,1.2187,1.6947,1.2311,1.1352,1.7049
1748798459.261448,1.7143,1.7407,1.9462,0.9431,1.1177,1.5994,1.3275,1.3474,1.7173,1.1561,1.2228,1.6942,1.2013,1.1322,1.7197
1748798459.3743622,1.6926,1.7111,1.9206,0.9627,1.111,1.5709,1.3098,1.3461,1.7031,1.1545,1.2201,1.6663,1.212,1.1878,1.7009
1748798459.491179,1.6848,1.7071,1.9158,0.9633,1.1387,1.5808,1.3055,1.3418,1.7057,1.1553,1.2365,1.6988,1.1924,1.1441,1.7302
1748798459.600534,1.7041,1.7315,1.9158,0.9292,1.111,1.6002,1.2929,1.3761,1.7055,1.1755,1.2367,1.6867,1.1881,1.1475,1.7366
1748798459.713579,1.6923,1.7106,1.8922,0.9528,1.1164,1.5865,1.2824,1.3463,1.6996,1.1878,1.219,1.6918,1.2088,1.1298,1.7127
1748798459.8264902,1.7039,1.7189,1.8957,0.945,1.129,1.587,1.2872,1.3375,1.72,1.1561,1.223,1.652,1.1892,1.1298,1.7227
1748798459.945211,1.6958,1.7039,1.9142,0.9697,1.1116,1.5798,1.2972,1.3361,1.6915,1.1446,1.2115,1.6885,1.1803,1.1398,1.6928
1748798460.052431,1.6687,1.6942,1.9,0.9592,1.1078,1.5768,1.3084,1.3461,1.6899,1.1314,1.2107,1.6684,1.2069,1.1669,1.7057
1748798460.1654432,1.6789,1.6958,1.9231,0.956,1.122,1.5585,1.324,1.3603,1.709,1.1489,1.2365,1.6818,1.2338,1.165,1.7079
1748798460.2785149,1.7133,1.7159,1.9252,0.9235,1.1328,1.583,1.3127,1.3761,1.7116,1.1497,1.2475,1.6888,1.2174,1.1379,1.6883
1748798460.391568,1.6759,1.702,1.911,0.9756,1.133,1.5894,1.3074,1.3592,1.7079,1.1559,1.2346,1.6646,1.2297,1.1336,1.7116
1748798460.504498,1.6928,1.699,1.9075,0.9509,1.1153,1.5808,1.3168,1.3428,1.7143,1.1484,1.233,1.6684,1.219,1.1674,1.6996
1748798460.617402,1.6759,1.6918,1.9,0.9294,1.1191,1.5709,1.324,1.3641,1.6961,1.1457,1.2319,1.6842,1.1908,1.1459,1.6896
1748798460.730519,1.6808,1.6867,1.9222,0.9431,1.1172,1.5822,1.3144,1.335,1.6963,1.1494,1.2099,1.6633,1.2045,1.154,1.7084
1748798460.845314,1.688,1.6885,1.9249,0.9439,1.1132,1.5752,1.3063,1.3635,1.6912,1.1398,1.2308,1.6885,1.1937,1.133,1.691
1748798460.95644,1.6961,1.6797,1.9214,0.9262,1.1075,1.5749,1.3232,1.356,1.6894,1.1473,1.1994,1.691,1.2155,1.1352,1.691
1748798461.069437,1.6824,1.7065,1.9072,0.97,1.1422,1.5781,1.3031,1.3466,1.7071,1.1508,1.2289,1.6673,1.2158,1.1341,1.7141
1748798461.184872,1.688,1.6848,1.9295,0.9429,1.1105,1.5935,1.2974,1.3401,1.6797,1.158,1.2308,1.6633,1.2142,1.1392,1.6985
1748798461.2960541,1.6821,1.6762,1.911,0.9329,1.1105,1.5784,1.3004,1.356,1.6993,1.1822,1.2322,1.7119,1.2144,1.1416,1.7275
1748798461.408673,1.7154,1.7068,1.9249,0.9455,1.1164,1.5881,1.3238,1.3783,1.713,1.1946,1.2421,1.7063,1.2295,1.1398,1.7256
1748798461.5214798,1.6969,1.6851,1.9102,0.9429,1.1392,1.5806,1.3251,1.3356,1.6851,1.1843,1.2378,1.6915,1.23,1.1467,1.6853
1748798461.6345081,1.6888,1.7092,1.922,0.9547,1.1097,1.5553,1.3031,1.359,1.7044,1.1688,1.2249,1.6474,1.1937,1.1567,1.6805
1748798461.748805,1.6963,1.7151,1.8927,0.9509,1.1145,1.5309,1.299,1.3342,1.6845,1.1822,1.2174,1.6512,1.2174,1.1312,1.6877
1748798461.860543,1.6851,1.71,1.9091,0.9794,1.1204,1.5497,1.3114,1.3573,1.663,1.1937,1.2077,1.6539,1.2061,1.1408,1.6676
1748798461.973409,1.6888,1.7125,1.8806,0.9641,1.1118,1.5263,1.3025,1.3791,1.6845,1.1937,1.2101,1.638,1.2107,1.1526,1.6636
1748798462.0866601,1.7025,1.7004,1.8989,0.9622,1.0957,1.5293,1.3093,1.3372,1.6628,1.1688,1.1978,1.6695,1.2142,1.1228,1.6649
1748798462.2012439,1.7141,1.7364,1.8967,0.9415,1.1253,1.5185,1.3055,1.3337,1.6442,1.1674,1.2007,1.634,1.2072,1.1545,1.6515
1748798462.312913,1.7237,1.7213,1.8986,0.9533,1.1148,1.5239,1.2923,1.3479,1.6149,1.1819,1.2021,1.6351,1.1723,1.1247,1.6217
1748798462.425508,1.7194,1.7251,1.9056,0.9404,1.1347,1.5129,1.2738,1.3337,1.6252,1.1666,1.2069,1.6448,1.2042,1.133,1.6442
1748798462.538511,1.7404,1.7442,1.9021,0.9316,1.1089,1.5053,1.3165,1.3474,1.6128,1.1637,1.2273,1.6281,1.1795,1.1148,1.6526
1748798462.65621,1.7272,1.7597,1.9271,0.9332,1.0927,1.5158,1.3017,1.3407,1.6558,1.1749,1.208,1.6117,1.2069,1.1384,1.6166
1748798462.764436,1.7146,1.7409,1.897,0.9369,1.1089,1.5035,1.2778,1.3356,1.6423,1.14,1.2107,1.6004,1.1916,1.1341,1.6743
1748798462.877449,1.7278,1.7227,1.8828,0.9536,1.0968,1.4962,1.2988,1.3356,1.6402,1.1556,1.223,1.6217,1.1776,1.1389,1.6423
1748798462.9906628,1.7095,1.7337,1.908,0.9708,1.1357,1.4906,1.3106,1.3791,1.6295,1.1392,1.2085,1.6276,1.1892,1.1304,1.6636
1748798463.104866,1.7211,1.7219,1.9155,0.9676,1.1062,1.5201,1.3127,1.3624,1.6461,1.1602,1.2077,1.6386,1.1819,1.1416,1.6663
1748798463.216643,1.7202,1.713,1.9212,0.949,1.1129,1.511,1.295,1.3552,1.6458,1.1661,1.2026,1.6273,1.215,1.122,1.6574
1748798463.3295412,1.7157,1.7369,1.8774,0.9751,1.0825,1.5002,1.2972,1.3541,1.6303,1.169,1.2381,1.6093,1.19,1.1422,1.6512
1748798463.442711,1.7116,1.7205,1.9059,0.9434,1.096,1.5174,1.3273,1.3603,1.6402,1.1685,1.2276,1.6321,1.2115,1.1355,1.6389
1748798463.556097,1.7192,1.7291,1.9231,0.9713,1.1142,1.5223,1.2934,1.3624,1.6179,1.165,1.208,1.6238,1.2002,1.1451,1.6418
1748798463.668669,1.7133,1.7149,1.9026,0.9611,1.107,1.565,1.3098,1.3423,1.6765,1.1535,1.1983,1.6654,1.1827,1.1363,1.6853
1748798463.781493,1.6894,1.695,1.9107,0.9273,1.1355,1.576,1.3256,1.3641,1.6719,1.1728,1.2029,1.6622,1.1744,1.1207,1.6851
1748798463.894688,1.691,1.7154,1.8978,0.9635,1.0946,1.5564,1.3168,1.3431,1.6738,1.1545,1.2107,1.6375,1.1983,1.1408,1.6861
1748798464.008141,1.7216,1.7028,1.8975,0.9633,1.1381,1.5282,1.3087,1.3431,1.6359,1.1723,1.2104,1.6375,1.1661,1.1279,1.6845
1748798464.120804,1.7135,1.7143,1.9029,0.9461,1.1089,1.536,1.3232,1.324,1.6598,1.1454,1.1937,1.6209,1.1908,1.1333,1.6534
1748798464.233545,1.7315,1.7253,1.8911,0.9622,1.1188,1.5349,1.2896,1.338,1.6671,1.1658,1.2023,1.6351,1.1889,1.1376,1.656
1748798464.346548,1.7076,1.7318,1.911,0.9455,1.1247,1.5129,1.299,1.3439,1.6523,1.1666,1.222,1.6308,1.2136,1.1368,1.6622
1748798464.46415,1.713,1.7272,1.9034,0.9633,1.1126,1.5129,1.287,1.331,1.6415,1.1698,1.2064,1.6515,1.1736,1.1586,1.6571
1748798464.5725791,1.7108,1.7347,1.8908,0.9364,1.1148,1.5142,1.2915,1.3377,1.6466,1.1459,1.2061,1.6168,1.1674,1.1363,1.6528
1748798464.685529,1.6979,1.7049,1.9115,0.9719,1.1175,1.5032,1.2835,1.3248,1.6281,1.1481,1.1954,1.6278,1.186,1.1618,1.6214
1748798464.79883,1.7074,1.7176,1.8881,0.9498,1.0984,1.5244,1.3001,1.3243,1.637,1.1717,1.1983,1.6174,1.1723,1.1384,1.6397
1748798464.911736,1.7208,1.7334,1.9008,0.9523,1.0796,1.519,1.313,1.3119,1.6238,1.1449,1.2112,1.6474,1.1771,1.1285,1.6356
1748798465.024826,1.7025,1.688,1.9077,0.97,1.1158,1.5252,1.3138,1.3369,1.6337,1.1446,1.1924,1.6399,1.1642,1.1145,1.6461
1748798465.137571,1.7232,1.7248,1.9056,0.9713,1.1158,1.5145,1.3055,1.3136,1.6488,1.1406,1.2066,1.6101,1.1873,1.1449,1.6547
1748798465.250717,1.681,1.7033,1.9134,0.9254,1.0957,1.5056,1.2926,1.3256,1.6252,1.1803,1.2021,1.6434,1.1881,1.1137,1.6477
1748798465.3637528,1.7068,1.7068,1.8954,0.9316,1.0745,1.5263,1.3001,1.3517,1.6139,1.1618,1.2303,1.6206,1.1854,1.1443,1.627
1748798465.476989,1.6885,1.7106,1.9077,0.9378,1.0842,1.5247,1.2862,1.3471,1.6241,1.1564,1.2085,1.6343,1.2037,1.1352,1.6614
1748798465.589504,1.7146,1.7138,1.9051,0.9394,1.1105,1.5051,1.2923,1.3404,1.6445,1.1612,1.2214,1.6101,1.1951,1.1094,1.6249
1748798465.702819,1.7108,1.7235,1.8973,0.9305,1.1105,1.5443,1.2716,1.3299,1.6343,1.1701,1.2273,1.6566,1.1674,1.1309,1.6735
1748798465.816273,1.7079,1.7125,1.9421,0.967,1.1124,1.5631,1.2829,1.3608,1.6603,1.1758,1.2083,1.6657,1.2013,1.1172,1.6517
1748798465.928777,1.6982,1.7299,1.9225,0.9635,1.1118,1.5456,1.3141,1.3259,1.6676,1.1432,1.2152,1.6504,1.1715,1.1124,1.6399
1748798466.0416,1.7001,1.7178,1.9083,0.967,1.1169,1.547,1.2913,1.3307,1.6233,1.1672,1.2083,1.6399,1.19,1.136,1.6466
1748798466.1547441,1.7388,1.7315,1.9169,0.9525,1.1153,1.5255,1.3055,1.3498,1.6614,1.1715,1.2491,1.6507,1.1827,1.1279,1.6636
1748798466.268737,1.72,1.7022,1.8809,0.9724,1.0927,1.5225,1.3042,1.334,1.6601,1.197,1.2566,1.663,1.2131,1.1631,1.6644
1748798466.380642,1.7168,1.7409,1.8975,0.9498,1.1484,1.5199,1.341,1.3654,1.6367,1.2316,1.2252,1.6778,1.1986,1.1473,1.6579
1748798466.493657,1.7149,1.7299,1.9085,0.9434,1.1228,1.5438,1.3404,1.3624,1.6555,1.2112,1.2483,1.6456,1.2171,1.1376,1.6888
1748798466.606812,1.7114,1.7235,1.9206,0.9396,1.1153,1.5107,1.3678,1.37,1.656,1.1897,1.2819,1.6432,1.2292,1.1416,1.6445
1748798466.723952,1.7178,1.7334,1.8975,0.9453,1.1545,1.5043,1.3544,1.3949,1.6448,1.2131,1.2652,1.6544,1.2502,1.1357,1.6611
1748798466.832599,1.7168,1.7253,1.9142,0.9681,1.1279,1.5156,1.3203,1.3686,1.6351,1.2056,1.2676,1.6372,1.2042,1.1384,1.6526
1748798466.9455948,1.738,1.7587,1.8991,0.9501,1.1167,1.5072,1.3224,1.3885,1.6609,1.2193,1.2598,1.6316,1.2289,1.161,1.648
1748798467.0586119,1.7345,1.7479,1.9153,0.9434,1.1449,1.515,1.3361,1.3786,1.6337,1.2201,1.2464,1.6399,1.2518,1.1293,1.681
1748798467.1746602,1.735,1.7522,1.9171,0.9509,1.1373,1.4922,1.3482,1.3802,1.6407,1.234,1.2596,1.6445,1.2281,1.1446,1.6303
1748798467.285196,1.6869,1.7323,1.886,0.9721,1.1258,1.5096,1.309,1.3678,1.6321,1.2107,1.2749,1.6367,1.2432,1.1492,1.6671
1748798467.397632,1.7326,1.7503,1.9002,0.9662,1.1242,1.5002,1.3267,1.3697,1.6069,1.1929,1.2751,1.6555,1.2547,1.1408,1.6421
1748798467.510726,1.7213,1.7227,1.8959,0.9657,1.1169,1.49,1.3388,1.3353,1.6276,1.2421,1.2786,1.6595,1.2467,1.147,1.6483
1748798467.625061,1.7074,1.7022,1.904,0.9587,1.1301,1.4914,1.3278,1.3641,1.6324,1.2252,1.2843,1.6689,1.2649,1.1604,1.6834
1748798467.736609,1.7092,1.7111,1.9024,0.9326,1.1336,1.5322,1.3442,1.3786,1.6192,1.1954,1.2754,1.6526,1.2171,1.1709,1.6504
1748798467.849609,1.7074,1.7294,1.8914,0.9547,1.1408,1.4994,1.342,1.4,1.6109,1.2217,1.2832,1.6501,1.2295,1.1661,1.627
1748798467.962761,1.7006,1.7025,1.9005,0.9681,1.1414,1.497,1.3281,1.3418,1.6235,1.2305,1.2502,1.6445,1.2276,1.1771,1.6783
1748798468.0802839,1.7364,1.7358,1.9231,0.9582,1.1403,1.5045,1.3264,1.3823,1.6211,1.2238,1.2579,1.6249,1.2257,1.1446,1.6603
1748798468.188977,1.709,1.7009,1.8747,0.9447,1.1167,1.4871,1.3337,1.3684,1.6131,1.2193,1.2563,1.6343,1.2112,1.1578,1.6491
1748798468.301694,1.7374,1.7178,1.9061,0.9528,1.1441,1.4962,1.3377,1.3724,1.6021,1.2152,1.2811,1.652,1.2566,1.1653,1.6603
1748798468.414787,1.7267,1.7514,1.8857,0.9576,1.125,1.5325,1.3436,1.356,1.6171,1.2171,1.2461,1.6552,1.2346,1.1865,1.6445
1748798468.531575,1.7401,1.7253,1.9163,0.9458,1.1196,1.4994,1.3082,1.3788,1.6477,1.2297,1.2797,1.6464,1.2499,1.1551,1.6646
1748798468.641099,1.7237,1.7409,1.8868,0.9571,1.1121,1.504,1.3275,1.3915,1.6233,1.2037,1.2759,1.6577,1.2802,1.136,1.6904
1748798468.754019,1.7227,1.7385,1.9075,0.9278,1.1363,1.5134,1.3248,1.3756,1.6434,1.2112,1.2523,1.6625,1.2808,1.165,1.6751
1748798468.866681,1.7243,1.7385,1.9233,0.9727,1.1376,1.518,1.3573,1.3573,1.6168,1.2461,1.277,1.663,1.273,1.1449,1.6703
1748798468.983309,1.7431,1.7366,1.919,0.9488,1.1384,1.5126,1.3439,1.3721,1.616,1.2185,1.2598,1.6515,1.2362,1.1685,1.6595
1748798469.093066,1.7313,1.7369,1.8863,0.9657,1.14,1.5131,1.3243,1.3522,1.6262,1.2182,1.273,1.6386,1.2456,1.1594,1.6654
1748798469.205893,1.7356,1.7071,1.9067,0.9756,1.1347,1.5062,1.3388,1.3509,1.6144,1.2131,1.2402,1.6437,1.2424,1.1615,1.6225
1748798469.31865,1.7337,1.7364,1.875,0.9549,1.1145,1.4927,1.3157,1.3745,1.6354,1.2155,1.2477,1.6227,1.2198,1.1371,1.6501
1748798469.4352949,1.7095,1.746,1.9118,0.9418,1.1043,1.4919,1.3192,1.3471,1.6174,1.2305,1.2735,1.6351,1.2434,1.1462,1.6614
1748798469.5449212,1.7143,1.7221,1.8946,0.9474,1.111,1.4989,1.3324,1.3686,1.6158,1.2263,1.2668,1.6241,1.2182,1.1336,1.6705
1748798469.657929,1.7213,1.7133,1.8828,0.9504,1.1363,1.5137,1.3342,1.3606,1.6461,1.2174,1.2429,1.6421,1.2252,1.1443,1.6638
1748798469.770748,1.7412,1.7122,1.9042,0.9383,1.1188,1.4986,1.3203,1.3305,1.6012,1.2177,1.2601,1.6464,1.2485,1.1478,1.6697
1748798469.887632,1.71,1.7262,1.9091,0.9668,1.1379,1.5258,1.3187,1.3316,1.6109,1.2096,1.241,1.6657,1.2636,1.1731,1.6582
1748798469.997352,1.7278,1.7154,1.8798,0.9657,1.1325,1.4806,1.3122,1.3536,1.6004,1.2198,1.2558,1.6356,1.2343,1.1502,1.6687
1748798470.109764,1.7286,1.7318,1.8836,0.9579,1.1384,1.5027,1.3579,1.3595,1.6311,1.24,1.2853,1.6265,1.2456,1.1798,1.6614
1748798470.222856,1.727,1.7068,1.9239,0.9686,1.1398,1.518,1.3369,1.3466,1.6321,1.2238,1.2923,1.6504,1.2609,1.1728,1.6711
1748798470.3367062,1.7487,1.7299,1.9196,0.9815,1.1164,1.5016,1.3256,1.3826,1.6313,1.2096,1.2674,1.6509,1.2719,1.1655,1.6477
1748798470.449131,1.6982,1.7213,1.8916,0.9705,1.1293,1.4868,1.3273,1.3549,1.6278,1.2072,1.2472,1.6292,1.2518,1.1532,1.6472
1748798470.561753,1.7296,1.7211,1.8959,0.9686,1.1175,1.4925,1.313,1.3568,1.6128,1.216,1.2531,1.6383,1.2322,1.1486,1.6663
1748798470.674847,1.6971,1.7294,1.8881,0.9834,1.1167,1.4898,1.3157,1.3748,1.6243,1.2101,1.2563,1.655,1.2534,1.1392,1.6563
1748798470.787938,1.757,1.7353,1.9351,0.9689,1.1226,1.5376,1.3189,1.353,1.6671,1.2182,1.2569,1.6622,1.2203,1.1355,1.6722
1748798470.901269,1.7654,1.7603,1.9341,0.9778,1.1387,1.5147,1.3221,1.3641,1.6367,1.1986,1.2238,1.6488,1.2348,1.1508,1.6716
1748798471.01373,1.7621,1.7458,1.9359,0.9488,1.1156,1.493,1.3023,1.3544,1.6179,1.2246,1.2483,1.6563,1.2354,1.1438,1.6343
1748798471.126722,1.7562,1.742,1.9153,0.966,1.1408,1.4954,1.3082,1.3552,1.6141,1.2083,1.2381,1.6526,1.2096,1.1578,1.6724
1748798471.250614,1.7705,1.753,1.9155,0.9783,1.1258,1.4933,1.305,1.331,1.6311,1.1553,1.2485,1.594,1.2198,1.1338,1.6321
1748798471.3528152,1.7546,1.7436,1.9166,0.9673,1.1274,1.4841,1.3009,1.3364,1.6042,1.1921,1.2351,1.6289,1.2139,1.147,1.645
1748798471.465771,1.7587,1.7476,1.922,0.966,1.1016,1.4986,1.32,1.3356,1.6144,1.2069,1.2365,1.6166,1.2072,1.1269,1.6445
1748798471.5791612,1.7533,1.7388,1.8889,0.9668,1.115,1.4769,1.3039,1.3436,1.612,1.1967,1.2397,1.5978,1.219,1.1126,1.6362
1748798471.694962,1.7184,1.7595,1.9005,0.9552,1.1492,1.4718,1.3235,1.3541,1.6045,1.1916,1.2152,1.6166,1.2152,1.1212,1.6254
1748798471.805065,1.7726,1.7667,1.9153,0.9767,1.1134,1.4938,1.2939,1.331,1.5889,1.1784,1.2598,1.6147,1.2177,1.1338,1.6209
1748798471.917791,1.7546,1.7724,1.9263,0.97,1.1309,1.4659,1.3068,1.334,1.6021,1.176,1.237,1.5816,1.2029,1.1516,1.6039
1748798472.031069,1.7632,1.7651,1.9064,0.963,1.1424,1.4645,1.2848,1.3528,1.5714,1.1852,1.2273,1.601,1.2131,1.1116,1.6144
1748798472.1439621,1.7651,1.7503,1.9274,0.9614,1.121,1.4916,1.3036,1.324,1.6039,1.168,1.2152,1.5763,1.2123,1.1492,1.6346
1748798472.2580302,1.7482,1.7603,1.9099,0.9369,1.1255,1.4839,1.3009,1.3364,1.5755,1.1543,1.244,1.605,1.1929,1.1462,1.6047
1748798472.370003,1.7474,1.7673,1.9002,0.9764,1.1048,1.4916,1.3119,1.3361,1.5908,1.1712,1.1986,1.609,1.1873,1.1526,1.6058
1748798472.4827409,1.7476,1.7611,1.9214,0.9627,1.1137,1.4626,1.2848,1.3444,1.5948,1.1666,1.2109,1.598,1.1919,1.1497,1.6246
1748798472.5958788,1.7613,1.7541,1.9032,0.9622,1.1013,1.4726,1.2776,1.3619,1.5902,1.1741,1.2394,1.6133,1.2244,1.1312,1.6241
1748798472.709885,1.7407,1.7374,1.8865,0.956,1.1459,1.4903,1.2821,1.3423,1.587,1.1822,1.2021,1.6055,1.2069,1.1494,1.655
1748798472.821959,1.7321,1.7286,1.9217,0.9579,1.1107,1.4624,1.3221,1.3434,1.5937,1.1752,1.2308,1.5921,1.2032,1.1306,1.6206
1748798472.934798,1.7697,1.7393,1.9244,0.9552,1.1575,1.4825,1.3522,1.3982,1.6029,1.2319,1.2434,1.6286,1.2528,1.1529,1.6364
1748798473.047945,1.7775,1.7745,1.9279,0.9743,1.136,1.4954,1.3555,1.4017,1.627,1.251,1.2601,1.6303,1.2319,1.1414,1.6313
1748798473.163551,1.7568,1.7656,1.9265,0.9869,1.1419,1.4943,1.3769,1.3958,1.6254,1.2633,1.2902,1.6485,1.2515,1.1524,1.6716
1748798473.273789,1.7699,1.7627,1.9131,0.9797,1.1454,1.5091,1.3603,1.3917,1.6378,1.2461,1.2805,1.6566,1.2292,1.1427,1.6405
1748798473.3867679,1.7479,1.7345,1.9166,0.9708,1.1712,1.4863,1.3436,1.3984,1.6136,1.222,1.2647,1.6453,1.2233,1.1475,1.6472
1748798473.500097,1.7898,1.775,1.9327,0.9641,1.1371,1.4938,1.3426,1.3944,1.6359,1.2327,1.2671,1.6469,1.2424,1.1526,1.6386
