timestamp,R0C0,R0C1,R0C2,R1C0,R1C1,R1C2,R2C0,R2C1,R2C2,R3C0,R3C1,R3C2,R4C0,R4C1,R4C2
1748935845.922932,1.15,1.1317,0.9095,0.9536,0.9775,1.1602,1.0584,1.0439,1.1403,1.01,1.0033,1.1908,0.9533,0.9477,1.1663
1748935845.928479,1.2007,1.1846,0.8937,0.9652,0.9834,1.219,1.068,1.0573,1.2074,1.0116,1.0181,1.2563,0.9523,0.9531,1.2177
1748935845.933723,1.1814,1.1701,0.902,0.966,0.9821,1.1937,1.0667,1.0562,1.1937,1.0049,1.0103,1.2303,0.9622,0.9474,1.1954
1748935846.028609,1.1639,1.158,0.894,0.9692,0.9864,1.18,1.0648,1.0433,1.1709,1.0138,1.0124,1.2182,0.9431,0.9498,1.1706
1748935846.142603,1.1543,1.1438,0.8899,0.9598,0.9772,1.1744,1.0447,1.0476,1.1758,1.0092,1.0103,1.2053,0.9394,0.9388,1.161
1748935846.256995,1.1492,1.14,0.8897,0.9566,0.978,1.1612,1.0562,1.0605,1.1653,1.0181,0.9987,1.1983,0.9544,0.9461,1.1524
1748935846.3762681,1.1596,1.129,0.8937,0.9633,0.9767,1.1586,1.0527,1.05,1.1521,1.0081,1.0003,1.1903,0.9453,0.9504,1.1615
1748935846.484985,1.1467,1.133,0.8967,0.9579,0.9676,1.1545,1.0487,1.0516,1.1457,1.0173,1.0132,1.1881,0.9364,0.9388,1.1516
1748935846.5985112,1.1317,1.132,0.8905,0.9598,0.9756,1.1478,1.0377,1.0452,1.154,1.0081,0.9993,1.2007,0.9404,0.9485,1.1602
1748935846.71252,1.1395,1.1277,0.8983,0.9598,0.9805,1.1462,1.0568,1.0398,1.15,1.0054,0.9952,1.1895,0.9453,0.9549,1.1556
1748935846.8265758,1.1376,1.1322,0.8924,0.96,0.9805,1.1516,1.0605,1.0495,1.1457,0.9971,1.0025,1.183,0.9399,0.9501,1.1414
1748935846.944422,1.1408,1.1199,0.8991,0.9681,0.9848,1.1368,1.0444,1.0452,1.1513,0.999,1.0025,1.1849,0.9466,0.9488,1.1518
1748935847.0547478,1.1306,1.1215,0.8932,0.9633,0.9834,1.1398,1.0414,1.0503,1.1441,1.0095,1.0081,1.1921,0.9297,0.9469,1.1365
1748935847.1687,1.1381,1.1242,0.891,0.9463,0.9794,1.1376,1.0562,1.046,1.15,1.0044,0.9896,1.1779,0.931,0.934,1.1497
1748935847.282611,1.133,1.1244,0.8991,0.9544,0.9786,1.1502,1.0428,1.0449,1.1524,1.0105,1.0028,1.1835,0.9318,0.9528,1.1588
1748935847.396688,1.143,1.1344,0.9036,0.9611,0.9818,1.1559,1.0468,1.0508,1.1494,1.0178,0.9971,1.1744,0.9394,0.9485,1.147
1748935847.513248,1.1411,1.1242,0.9181,0.9477,0.9673,1.1529,1.042,1.0377,1.1379,1.0017,0.9944,1.1763,0.9251,0.9501,1.1408
1748935847.624629,1.1381,1.1269,0.9181,0.9611,0.9797,1.147,1.0463,1.0371,1.136,1.0046,1.0046,1.1873,0.945,0.9372,1.1424
1748935847.7385721,1.14,1.1218,0.927,0.9574,0.9713,1.1535,1.0463,1.0374,1.147,0.9923,0.9885,1.1736,0.9412,0.9394,1.14
1748935847.852598,1.136,1.1328,0.9028,0.9592,0.9724,1.1317,1.0511,1.035,1.1322,0.9917,0.9931,1.1809,0.9461,0.9429,1.1416
1748935847.966652,1.1322,1.1167,0.902,0.9501,0.9783,1.1473,1.0525,1.0307,1.1395,0.9979,0.9955,1.1792,0.9496,0.9531,1.1368
1748935848.083999,1.1376,1.129,0.9192,0.9531,0.9684,1.1505,1.0412,1.0371,1.1357,1.0017,0.9934,1.1744,0.9394,0.948,1.1328
1748935848.194859,1.1432,1.1263,0.9214,0.9426,0.9759,1.1416,1.0422,1.0334,1.132,0.9974,0.9955,1.1911,0.945,0.9469,1.1387
1748935848.308643,1.1443,1.1199,0.9001,0.9515,0.9622,1.1365,1.0382,1.0232,1.1406,1.0052,0.9942,1.1784,0.9466,0.9504,1.1438
1748935848.4225159,1.1395,1.1244,0.9018,0.9407,0.9665,1.1427,1.05,1.0404,1.1387,0.9979,0.9977,1.1806,0.9423,0.9447,1.1347
1748935848.5397918,1.1279,1.1231,0.9047,0.945,0.978,1.1387,1.0422,1.053,1.1293,1.0041,1.0014,1.1704,0.9536,0.9332,1.147
1748935848.6512609,1.1419,1.1263,0.8991,0.948,0.9571,1.1489,1.0428,1.0366,1.1379,0.9966,0.9977,1.1857,0.9402,0.9437,1.1462
1748935848.764628,1.1349,1.1239,0.9101,0.9372,0.967,1.147,1.0487,1.0388,1.1475,1.0087,0.996,1.1669,0.9326,0.9488,1.1424
1748935848.87871,1.1336,1.1201,0.9098,0.9461,0.9727,1.1384,1.0339,1.0358,1.1347,1.0084,0.9891,1.1784,0.9474,0.9461,1.1478
1748935848.99272,1.1408,1.1226,0.8967,0.9361,0.977,1.1392,1.035,1.0358,1.1446,0.9971,0.9866,1.1852,0.9383,0.9426,1.1457
1748935849.112757,1.1341,1.1215,0.9001,0.9558,0.9643,1.143,1.042,1.0342,1.1392,1.0046,1.0009,1.1806,0.9482,0.9434,1.1411
1748935849.221298,1.1277,1.1269,0.9101,0.9466,0.9767,1.1441,1.0525,1.0261,1.1368,0.9985,1.0025,1.1886,0.9378,0.9501,1.1419
1748935849.3347142,1.1381,1.1287,0.9198,0.9592,0.9746,1.1473,1.0551,1.0401,1.1432,1.0068,0.9885,1.1846,0.948,0.9439,1.1481
1748935849.448766,1.1637,1.1438,0.9684,0.9533,0.9673,1.1551,1.0455,1.0331,1.1365,0.9974,0.9942,1.1771,0.9429,0.9474,1.1516
1748935849.568176,1.1449,1.1373,0.9571,0.9506,0.9751,1.1505,1.042,1.0498,1.1389,0.995,0.9877,1.1908,0.9423,0.948,1.1497
1748935849.6772301,1.1408,1.1158,0.9079,0.9472,0.9678,1.1497,1.0385,1.0361,1.143,0.9952,0.9979,1.1811,0.9404,0.9348,1.147
1748935849.790669,1.1304,1.1279,0.9042,0.959,0.9678,1.1411,1.05,1.0428,1.14,0.9995,0.9926,1.1881,0.9437,0.9369,1.1338
1748935849.904682,1.1449,1.1344,0.9447,0.9447,0.9684,1.1389,1.0479,1.0353,1.1516,1.002,0.9907,1.1948,0.9474,0.9482,1.1564
1748935850.0193658,1.1379,1.1228,0.9257,0.9544,0.9772,1.1424,1.0377,1.0374,1.1365,1.0044,0.992,1.1704,0.948,0.9369,1.1427
1748935850.1336179,1.1416,1.14,0.9528,0.9474,0.9711,1.1535,1.0406,1.0382,1.1379,1.0022,0.9837,1.1929,0.9396,0.9461,1.1473
1748935850.246548,1.1819,1.1559,1.013,0.9498,0.9748,1.1446,1.0366,1.046,1.1473,1.0022,0.9901,1.1932,0.941,0.9455,1.1475
1748935850.360682,1.1631,1.1424,0.9764,0.9426,0.9678,1.1414,1.0328,1.0382,1.1414,1.0049,0.9896,1.1913,0.9402,0.9439,1.1666
1748935850.4746938,1.1526,1.1333,0.9598,0.9509,0.9692,1.1422,1.0514,1.0299,1.1406,1.0006,0.9915,1.1725,0.9254,0.9407,1.1392
1748935850.591842,1.1637,1.1478,0.9888,0.9472,0.9759,1.1548,1.0476,1.0369,1.1454,0.9885,1.0028,1.1878,0.9412,0.9396,1.1462
1748935850.702825,1.1897,1.1806,1.0576,0.9458,0.9724,1.168,1.042,1.0328,1.1357,0.9926,1.003,1.1873,0.9343,0.9445,1.1462
1748935850.81681,1.2005,1.1921,1.1371,0.9466,0.9686,1.1626,1.0307,1.0431,1.147,0.9995,0.9901,1.2056,0.945,0.9488,1.1731
1748935850.930819,1.1876,1.1782,0.8926,0.9525,0.9856,1.2015,1.0449,1.0396,1.1749,1.0127,1.0103,1.2316,0.9426,0.9455,1.1886
1748935851.044698,1.2236,1.237,0.8862,0.9598,0.9985,1.2711,1.0541,1.0476,1.2265,1.0202,1.021,1.2915,0.9302,0.9345,1.2434
1748935851.1614132,1.2837,1.2625,0.894,0.9673,1.0191,1.3076,1.0597,1.0516,1.2641,1.0337,1.0009,1.3224,0.948,0.9525,1.2808
1748935851.273084,1.2461,1.2502,0.8977,0.9748,1.0114,1.2827,1.0619,1.05,1.2314,1.0277,1.0167,1.3141,0.9332,0.9458,1.2598
1748935851.386744,1.2837,1.2743,0.8926,0.9574,1.0052,1.3162,1.0648,1.0576,1.2504,1.0167,1.003,1.3111,0.9506,0.945,1.2896
1748935851.500737,1.62,1.6125,1.8043,0.97,1.0001,1.4006,1.068,1.0656,1.3033,1.0173,1.0071,1.4019,0.945,0.9488,1.3807
1748935851.6147552,1.2365,1.2324,0.9203,0.9643,1.0073,1.2706,1.0624,1.0525,1.2279,1.0057,1.003,1.2843,0.9418,0.934,1.2327
1748935851.729423,1.2083,1.2142,0.8956,0.9633,1.0116,1.244,1.0439,1.0422,1.1841,1.003,0.9985,1.2601,0.9391,0.9402,1.2182
1748935851.842766,1.2026,1.1873,0.8913,0.963,1.0103,1.2257,1.0503,1.0412,1.1825,1.0046,1.0006,1.2604,0.9423,0.9402,1.2109
1748935851.956811,1.2394,1.2652,1.1244,0.9622,0.9985,1.2394,1.0511,1.0511,1.2007,1.0022,0.996,1.2596,0.9482,0.9501,1.2182
1748935852.071241,1.169,1.1564,0.9007,0.9732,0.9966,1.1881,1.0374,1.0382,1.1669,1.0009,1.0033,1.2061,0.9498,0.9369,1.1674
1748935852.188499,1.1897,1.1766,0.9386,0.9517,0.9901,1.2109,1.0374,1.0398,1.1728,1.0003,0.9934,1.2289,0.9345,0.9391,1.1983
1748935852.298888,1.1725,1.169,0.8918,0.9598,0.9926,1.1975,1.0355,1.035,1.1564,1.003,1.0044,1.2228,0.934,0.9353,1.1852
1748935852.412865,1.1701,1.1545,0.9082,0.9501,0.9931,1.187,1.0425,1.0355,1.161,1.0001,0.9856,1.2029,0.9356,0.9501,1.1715
1748935852.526773,1.1768,1.1911,0.9888,0.9541,0.9834,1.187,1.0409,1.0283,1.161,0.995,0.9807,1.2193,0.9388,0.9455,1.1647
1748935852.649647,1.1583,1.1559,0.9345,0.9501,0.9874,1.1795,1.0508,1.0393,1.1569,1.0049,0.9896,1.2117,0.9453,0.9421,1.1508
1748935852.755018,1.1712,1.1752,0.9125,0.9622,0.9896,1.1946,1.0355,1.0345,1.1731,1.0052,0.9877,1.2314,0.9318,0.9337,1.18
1748935852.8687649,1.2225,1.2273,0.9198,0.9638,1.0006,1.237,1.0441,1.0414,1.1717,0.9942,0.9939,1.2494,0.9396,0.9383,1.2072
1748935852.98292,1.2032,1.2061,0.8781,0.9735,0.9893,1.2322,1.0363,1.0422,1.1728,1.0081,0.995,1.2545,0.9294,0.9474,1.2238
1748935853.096834,1.2268,1.2322,0.9101,0.9815,1.0148,1.2738,1.0508,1.0412,1.19,1.0065,1.0014,1.2692,0.9472,0.9469,1.223
1748935853.210979,1.2109,1.2117,0.9074,0.9665,1.017,1.2545,1.0506,1.0377,1.1841,0.9998,0.999,1.2596,0.9375,0.9445,1.2268
1748935853.3247712,1.2123,1.2074,0.92,0.9732,1.0052,1.2448,1.0414,1.0393,1.1852,0.9998,1.0049,1.2424,0.9418,0.9517,1.2284
1748935853.439025,1.2324,1.2249,0.9015,0.9746,1.0114,1.2797,1.0543,1.0428,1.208,0.9998,0.9944,1.2781,0.9372,0.9466,1.2263
1748935853.562135,1.3208,1.3058,1.0216,0.9866,1.0221,1.3031,1.0535,1.049,1.2273,0.9974,0.9877,1.3122,0.9324,0.9434,1.2652
1748935853.6670458,1.2805,1.2816,0.9737,0.9697,1.0057,1.2907,1.0551,1.0401,1.2128,1.0154,0.9979,1.295,0.9429,0.9437,1.2528
1748935853.780917,1.2515,1.2491,0.9544,0.9697,1.0143,1.2671,1.0398,1.0366,1.197,0.9974,1.0065,1.2802,0.9437,0.9426,1.2319
1748935853.89489,1.6767,1.6883,0.97,0.977,1.0146,1.3082,1.0581,1.0498,1.2982,0.9928,1.0044,1.3737,0.9426,0.9434,1.352
1748935854.010172,1.2808,1.2819,0.8891,0.9872,1.028,1.3369,1.0608,1.0431,1.284,1.0076,1.0017,1.3286,0.9361,0.9571,1.3007
1748935854.12358,1.7944,1.8003,1.9435,0.9834,1.0441,1.4702,1.0688,1.0447,1.3673,0.9979,1.0087,1.4377,0.9353,0.9496,1.4237
1748935854.2368698,1.7468,1.7495,1.9185,1.0028,1.0422,1.4766,1.0707,1.0447,1.3823,1.0041,1.0052,1.4645,0.9426,0.9498,1.4315
1748935854.350919,1.7374,1.7366,1.9013,0.9966,1.0543,1.2459,1.0686,1.0382,1.1349,0.9971,1.0119,0.9259,0.9423,0.9442,1.0597
1748935854.4678872,1.742,1.7393,1.763,0.9982,1.0484,1.1089,1.0584,1.0551,1.1091,0.9944,1.01,0.9012,0.9571,0.9517,1.0479
1748935854.579228,1.7433,1.7377,1.8938,0.9963,1.0409,1.4342,1.0742,1.0699,1.3165,1.0232,1.0232,1.4167,0.9353,0.9541,1.3987
1748935854.693113,1.6912,1.691,1.8454,0.9928,1.0226,1.3958,1.0662,1.068,1.3044,1.0148,1.0097,1.4105,0.9504,0.9415,1.3745
1748935854.806862,1.6719,1.6665,1.739,0.977,1.0291,1.1508,1.0519,1.0484,1.1392,1.0065,1.0006,0.9719,0.9431,0.9506,1.0844
1748935854.921057,1.6743,1.6818,1.8505,0.9778,1.0237,1.4591,1.0632,1.0573,1.3783,1.0175,1.0157,1.4522,0.9404,0.9399,1.4296
1748935855.035221,1.6818,1.6832,1.7232,0.9904,1.02,1.0984,1.0474,1.0385,1.1073,0.9974,0.9883,0.923,0.9558,0.9469,1.0511
1748935855.149528,1.6716,1.68,1.7184,0.9783,1.0234,1.1097,1.0516,1.0393,1.1097,0.9869,0.9982,0.9498,0.9351,0.9587,1.0656
1748935855.263277,1.6751,1.6808,1.7278,0.9778,1.0189,1.107,1.0374,1.0331,1.1097,0.9993,0.984,0.9353,0.9458,0.9512,1.0702
1748935855.376853,1.6434,1.6563,1.6824,0.984,1.0181,1.078,1.0511,1.0312,1.1005,1.0044,0.9837,0.9155,0.941,0.952,1.0345
1748935855.49102,1.6364,1.6378,1.8027,0.9719,1.0162,1.3718,1.0516,1.0385,1.3047,1.0143,1.0084,1.3896,0.9412,0.9506,1.3533
1748935855.606836,1.6566,1.6617,1.7119,0.9676,1.0127,1.1089,1.0304,1.0414,1.1218,0.9915,0.9807,0.9501,0.9453,0.9506,1.0629
1748935855.719064,1.662,1.6595,1.7074,0.9713,1.0046,1.0766,1.031,1.039,1.0925,0.9904,0.9899,0.9077,0.9517,0.9412,1.0433
1748935855.832947,1.6397,1.6442,1.6899,0.9673,1.0076,1.0895,1.0337,1.0245,1.1056,0.9762,0.9807,0.959,0.9372,0.9429,1.0621
1748935855.948349,1.6268,1.6176,1.6947,0.9676,1.0081,1.1371,1.0447,1.0272,1.1322,0.9888,0.992,1.0285,0.9375,0.9439,1.1142
1748935856.061076,1.6227,1.6187,1.7122,0.9697,0.9907,1.1341,1.046,1.0315,1.1086,0.9923,0.9789,0.9259,0.9399,0.9426,1.05
1748935856.174978,1.6192,1.6203,1.7337,0.9654,1.0065,1.2875,1.0439,1.0218,1.2867,0.9971,1.0001,1.2708,0.9396,0.9372,1.1964
1748935856.289301,1.6343,1.6316,1.6722,0.9652,0.9968,1.0997,1.042,1.0436,1.15,1.0028,0.9952,1.0782,0.9386,0.9439,1.1674
1748935856.403595,1.6289,1.6174,1.6832,0.9646,1.0028,1.1008,1.0417,1.0417,1.1298,0.9818,0.992,0.9614,0.9506,0.9477,1.0758
1748935856.516983,1.6241,1.6179,1.814,0.9622,0.9915,1.4167,1.042,1.0452,1.3584,1.0092,1.0095,1.4395,0.9364,0.9437,1.407
1748935856.631099,1.6144,1.6139,1.6585,0.9582,1.0025,1.0721,1.0377,1.0288,1.0919,0.9858,0.984,0.9079,0.9318,0.9391,1.0208
1748935856.753053,1.5996,1.6101,1.645,0.967,1.0011,1.0694,1.0347,1.0307,1.0914,1.0003,0.9928,0.9039,0.9474,0.9356,1.0463
1748935856.859526,1.5959,1.6018,1.6297,0.9711,0.9931,1.067,1.0474,1.024,1.0968,0.9786,0.9928,0.9018,0.9434,0.9412,1.0296
1748935856.972972,1.5924,1.5892,1.6507,0.9617,0.999,1.0909,1.0374,1.0366,1.115,0.9923,0.9939,0.9643,0.9418,0.9461,1.0807
1748935857.087004,1.587,1.5913,1.6474,0.9504,0.9998,1.1094,1.0353,1.0388,1.1247,0.9861,0.9955,0.9826,0.9351,0.9488,1.086
1748935857.205045,1.5945,1.5951,1.6885,0.9558,0.9917,1.1688,1.0363,1.0277,1.1674,0.9861,0.9899,1.0949,0.9439,0.9431,1.1027
1748935857.315569,1.5908,1.5862,1.6601,0.9595,0.9966,1.1086,1.0275,1.0304,1.1148,0.985,0.9837,0.9772,0.945,0.9437,1.0842
1748935857.428941,1.5948,1.5924,1.644,0.9635,1.0046,1.0949,1.0283,1.0277,1.1113,0.9872,0.9939,0.9547,0.9356,0.9523,1.0715
1748935857.54299,1.5889,1.5811,1.645,0.9579,0.9985,1.0981,1.0318,1.0404,1.1253,0.9936,0.995,0.9974,0.952,0.9506,1.0997
1748935857.661236,1.626,1.623,1.821,0.9705,1.0003,1.4535,1.0479,1.0377,1.4108,1.0103,1.0132,1.471,0.9284,0.949,1.4446
1748935857.7710211,1.627,1.634,1.8484,0.9571,0.9987,1.482,1.0471,1.042,1.4401,1.0116,1.0183,1.1873,0.9318,0.9466,1.2461
1748935857.885003,1.609,1.608,1.6671,0.9633,1.0063,1.0809,1.0452,1.0425,1.1333,0.9993,0.9985,0.9404,0.9388,0.9555,1.0713
1748935857.998997,1.6147,1.609,1.8328,0.9558,1.003,1.4656,1.0447,1.0345,1.424,1.0011,1.0205,1.4855,0.9455,0.948,1.45
1748935858.1130712,1.6055,1.6055,1.8403,0.963,0.9971,1.4645,1.0385,1.0425,1.4312,1.013,1.0167,1.4949,0.9402,0.945,1.4524
1748935858.2288792,1.6104,1.6058,1.6861,0.959,0.9987,1.1712,1.0439,1.0412,1.2459,0.9907,0.9977,1.1526,0.9356,0.9469,1.2217
1748935858.3410602,1.5798,1.5953,1.666,0.9582,1.0089,1.1371,1.05,1.0495,1.1521,0.9786,1.0022,0.9958,0.9415,0.952,1.1078
1748935858.45501,1.5889,1.5873,1.8143,0.9668,1.002,1.4779,1.0554,1.0543,1.3882,1.0167,1.0009,1.4234,0.9434,0.9359,1.3904
1748935858.571058,1.5951,1.5857,1.8086,0.96,0.9985,1.4771,1.049,1.053,1.4449,1.0006,1.017,1.493,0.9399,0.9447,1.453
1748935858.683696,1.5894,1.5835,1.8062,0.9654,1.0114,1.4538,1.0409,1.0379,1.4223,1.0057,1.0256,1.486,0.9418,0.938,1.4578
1748935858.7970371,1.5832,1.573,1.8137,0.9584,1.003,1.4527,1.0495,1.0347,1.4312,1.0071,1.0165,1.4876,0.9482,0.9316,1.4597
1748935858.911113,1.5741,1.5789,1.8108,0.9627,0.995,1.4685,1.0492,1.0468,1.4425,1.0114,1.02,1.5019,0.9369,0.9386,1.4677
1748935859.0281038,1.5736,1.5747,1.8092,0.959,1.0089,1.4801,1.0371,1.0455,1.4527,1.013,1.028,1.5053,0.9257,0.9453,1.4828
1748935859.1399071,1.5693,1.5709,1.8011,0.9654,1.0071,1.4664,1.0455,1.0444,1.4172,1.0165,1.0146,1.4938,0.9447,0.9509,1.4508
1748935859.253036,1.6106,1.6012,1.8223,0.9676,1.0033,1.4702,1.064,1.0441,1.4097,1.0181,1.0191,1.4852,0.9421,0.9437,1.4532
1748935859.36713,1.6128,1.6141,1.818,0.9762,1.0087,1.4428,1.0484,1.0465,1.3944,1.0105,1.0173,1.4694,0.9388,0.9549,1.4347
1748935859.484954,1.5956,1.5924,1.8011,0.9563,0.9952,1.4326,1.0465,1.0525,1.3829,1.0132,1.0022,1.4602,0.9466,0.9383,1.4159
1748935859.5957,1.5661,1.5787,1.7826,0.9614,1.0014,1.4116,1.0506,1.0468,1.3815,1.0063,1.0111,1.4398,0.9399,0.9423,1.4132
1748935859.709076,1.565,1.5561,1.7742,0.9584,0.9958,1.4183,1.0385,1.0406,1.3732,1.0092,1.0046,1.4457,0.9399,0.9472,1.4084
1748935859.823072,1.5524,1.5601,1.7697,0.9592,0.999,1.4137,1.0449,1.0503,1.3702,0.9982,0.9995,1.4406,0.9453,0.9498,1.4003
1748935859.938606,1.5532,1.543,1.7592,0.9496,0.9958,1.3982,1.0431,1.0433,1.3595,1.0092,1.0006,1.4183,0.9353,0.9383,1.399
1748935860.0517278,1.5446,1.5524,1.7603,0.9592,0.9853,1.4009,1.042,1.0345,1.3624,1.0081,1.0148,1.4148,0.9378,0.9439,1.3958
1748935860.1650891,1.554,1.555,1.7678,0.9552,0.9944,1.403,1.039,1.0385,1.36,0.995,1.0003,1.4199,0.9399,0.9426,1.3968
1748935860.279097,1.5612,1.5564,1.7716,0.9523,0.996,1.4019,1.0535,1.039,1.3555,0.9982,1.0044,1.4189,0.9378,0.9388,1.3925
1748935860.3931892,1.5892,1.587,1.8371,0.963,0.9987,1.4914,1.0482,1.042,1.4739,1.0108,1.0124,1.5298,0.9447,0.9386,1.5008
1748935860.508571,1.5975,1.605,1.8715,0.9584,1.0135,1.2714,1.0439,1.0565,1.2947,1.0073,1.0111,1.2888,0.9402,0.9539,1.5591
1748935860.6211278,1.5886,1.5854,1.677,0.9606,1.013,1.273,1.0393,1.0358,1.3748,1.0089,1.0079,1.1841,0.9402,0.9426,1.273
1748935860.735169,1.5773,1.5722,1.7707,0.9652,0.9963,1.3799,1.0465,1.0417,1.3495,0.9963,1.0097,1.2633,0.9407,0.9386,1.3893
1748935860.849375,1.5859,1.594,1.8575,0.9684,1.0036,1.5462,1.0406,1.0425,1.5392,1.0041,1.0162,1.5865,0.941,0.9472,1.5507
1748935860.964082,1.5701,1.5733,1.8478,0.9622,1.0065,1.5276,1.0409,1.05,1.5166,1.0022,1.0197,1.5612,0.9372,0.9426,1.5303
1748935861.077752,1.5653,1.5717,1.8288,0.9643,1.0003,1.5078,1.0551,1.0449,1.4981,1.0003,1.0162,1.5438,0.9429,0.9442,1.5102
1748935861.1912189,1.5491,1.5596,1.8167,0.9643,0.9944,1.4922,1.0439,1.0474,1.4766,1.002,1.0167,1.5174,0.9547,0.9364,1.4852
1748935861.305363,1.5599,1.5491,1.7525,0.9574,0.9947,1.3726,1.0471,1.0374,1.4041,1.0057,1.0103,1.2824,0.941,0.9517,1.324
1748935861.423887,1.5432,1.5502,1.7538,0.9614,0.9993,1.3399,1.0492,1.0388,1.3716,1.002,1.0076,1.2187,0.9391,0.9555,1.2636
1748935861.533138,1.5558,1.5467,1.7925,0.9574,0.9966,1.4694,1.0385,1.0455,1.4476,1.006,0.9993,1.4941,0.9485,0.9445,1.4664
1748935861.6471481,1.5456,1.543,1.6748,0.9622,1.0011,1.1709,1.0452,1.0358,1.1951,0.9864,1.0046,1.0855,0.9423,0.93,1.2163
1748935861.7611551,1.5454,1.5497,1.7866,0.952,0.9864,1.4492,1.0471,1.0369,1.4377,0.9909,1.0073,1.4879,0.9407,0.9455,1.4535
1748935861.883839,1.5438,1.5373,1.7796,0.9506,0.9985,1.4468,1.0369,1.0474,1.3818,0.9909,0.9993,1.2279,0.9348,0.9466,1.237
1748935861.989154,1.5368,1.5387,1.7052,0.9485,0.9883,1.3015,1.0318,1.0353,1.3299,1.0028,0.9985,1.1674,0.9396,0.9472,1.2263
1748935862.103213,1.5379,1.5397,1.6869,0.9549,0.996,1.262,1.0398,1.035,1.2808,1.0003,1.0001,1.1916,0.9439,0.9378,1.2808
1748935862.2271402,1.5405,1.544,1.7777,0.9563,0.9979,1.4299,1.0398,1.0468,1.4234,0.9926,1.0063,1.4677,0.9348,0.941,1.4347
1748935862.331203,1.536,1.5311,1.7742,0.956,0.9952,1.4299,1.0382,1.0425,1.4124,1.0011,1.0111,1.4731,0.9458,0.9404,1.4377
1748935862.445199,1.5432,1.5384,1.7705,0.9501,0.9915,1.4269,1.0377,1.0339,1.4035,0.9926,0.9974,1.4583,0.9453,0.9415,1.4326
1748935862.5631151,1.5491,1.5405,1.7791,0.9533,0.996,1.4272,1.0369,1.0406,1.3939,1.0097,1.0108,1.4578,0.9273,0.9469,1.4143
1748935862.673161,1.5408,1.5397,1.7742,0.9423,0.988,1.4307,1.0379,1.0444,1.407,0.9979,1.0038,1.4659,0.9421,0.9447,1.4242
1748935862.7871811,1.54,1.5365,1.7748,0.9549,0.9926,1.4323,1.0479,1.0315,1.4035,1.0011,1.0057,1.4702,0.9351,0.9458,1.4417
1748935862.901355,1.5373,1.5317,1.7694,0.9555,0.9944,1.4266,1.0401,1.0484,1.4,0.9955,0.9974,1.4503,0.9404,0.9369,1.4221
1748935863.0152478,1.5427,1.5325,1.7675,0.9598,0.996,1.4256,1.0425,1.0444,1.3888,0.992,1.0095,1.4441,0.9375,0.9563,1.4226
1748935863.131629,1.5333,1.5354,1.7764,0.9558,0.9893,1.4205,1.0342,1.035,1.389,1.01,1.0044,1.4489,0.9361,0.9348,1.4156
1748935863.2432032,1.5462,1.5319,1.7646,0.9566,0.9864,1.4164,1.0487,1.0366,1.3858,1.0033,0.9966,1.4398,0.948,0.9442,1.4052
1748935863.357281,1.5244,1.5239,1.7562,0.967,0.9936,1.417,1.0412,1.0334,1.3874,0.9942,0.9987,1.4438,0.9324,0.9445,1.4111
1748935863.475115,1.5244,1.5185,1.7549,0.9447,0.9917,1.4011,1.0406,1.0366,1.3697,1.002,0.9944,1.4326,0.9493,0.9472,1.4065
1748935863.585449,1.5209,1.5258,1.7519,0.9539,0.9952,1.4065,1.0363,1.0433,1.3705,1.0044,1.0033,1.4301,0.9305,0.9324,1.3974
1748935863.6992881,1.5188,1.5088,1.7412,0.949,0.9939,1.3906,1.0393,1.0371,1.3608,0.9861,1.0148,1.4135,0.9356,0.9472,1.3874
1748935863.813319,1.5266,1.5169,1.7412,0.9552,0.9899,1.3893,1.0347,1.0307,1.356,0.9974,0.9958,1.4175,0.9284,0.931,1.3982
1748935863.9322398,1.5113,1.5086,1.7331,0.9496,0.9858,1.3901,1.0444,1.0404,1.3555,0.9974,1.0033,1.4105,0.9434,0.9394,1.3799
1748935864.042114,1.5147,1.5086,1.7315,0.9477,0.9907,1.3804,1.0439,1.0382,1.3458,0.9958,0.9923,1.4068,0.9372,0.9364,1.3847
1748935864.155277,1.5121,1.5062,1.6842,0.9598,0.9826,1.3342,1.0425,1.0315,1.3291,0.9947,0.9993,1.4068,0.9361,0.9429,1.3783
1748935864.26931,1.5067,1.5002,1.7272,0.9477,0.9912,1.3826,1.0334,1.0342,1.3536,0.9934,0.999,1.4041,0.9415,0.9463,1.3796
1748935864.383235,1.5099,1.5021,1.7305,0.9496,0.9818,1.3759,1.0307,1.0261,1.3461,0.9963,1.0006,1.4,0.9383,0.9383,1.3761
1748935864.497468,1.5019,1.4925,1.7259,0.9512,0.9853,1.381,1.0476,1.0342,1.3453,0.988,1.0065,1.4025,0.9348,0.9369,1.378
1748935864.6134589,1.508,1.5062,1.6343,0.9496,0.988,1.2029,1.0369,1.0371,1.2101,0.9872,0.9987,1.1231,0.9297,0.9421,1.1849
1748935864.7252831,1.5096,1.5102,1.6268,0.9506,0.9923,1.1903,1.0393,1.0275,1.1994,0.9797,0.996,1.1234,0.9351,0.9429,1.1717
1748935864.839241,1.5045,1.5024,1.6098,0.949,0.9869,1.1615,1.0328,1.0277,1.1825,0.9891,0.9939,1.0812,0.9297,0.9421,1.1387
1748935864.953331,1.5021,1.493,1.605,0.952,0.9926,1.1435,1.0361,1.0337,1.1674,0.9877,0.9888,1.0551,0.9318,0.9477,1.1467
1748935865.0716832,1.5263,1.5212,1.5623,0.9531,0.9939,1.0503,1.0323,1.0315,1.0946,0.9896,0.9893,0.898,0.9321,0.9431,1.0272
1748935865.181586,1.5137,1.5129,1.5593,0.9579,0.9893,1.0565,1.0288,1.028,1.0941,0.9837,0.9869,0.9004,0.9329,0.9404,1.0304
1748935865.2953112,1.5059,1.4989,1.5558,0.9506,0.9856,1.0533,1.0299,1.0291,1.086,0.9815,0.985,0.8956,0.9302,0.9399,1.0191
1748935865.409409,1.5045,1.4914,1.5494,0.9512,0.984,1.0627,1.0323,1.0299,1.0968,0.9869,0.9848,0.9458,0.9388,0.9442,1.0557
1748935865.524692,1.5,1.4914,1.7202,0.9566,0.988,1.381,1.0363,1.028,1.3517,0.9891,0.9912,1.4073,0.9297,0.9407,1.3729
1748935865.637366,1.4962,1.4943,1.7165,0.9488,0.9866,1.3708,1.0366,1.0431,1.3316,0.9974,0.9977,1.3931,0.9458,0.9404,1.3769
1748935865.751316,1.5086,1.4852,1.721,0.9447,0.9842,1.371,1.0294,1.0307,1.338,0.9912,0.9912,1.3931,0.93,0.9404,1.3681
1748935865.865352,1.5078,1.5105,1.7275,0.9496,0.9869,1.3643,1.0393,1.0299,1.3342,0.9926,0.9995,1.3912,0.9353,0.9316,1.3675
1748935865.9818969,1.5075,1.4984,1.7165,0.9477,0.9896,1.3702,1.0323,1.0447,1.3367,0.9883,1.0046,1.399,0.9396,0.9386,1.3673
1748935866.0940511,1.5088,1.4973,1.6531,0.9488,0.9832,1.2048,1.0248,1.0331,1.183,0.9869,0.9877,1.0793,0.9361,0.9359,1.1392
1748935866.20739,1.4933,1.4992,1.7071,0.9509,0.9891,1.3654,1.032,1.0379,1.3358,0.9952,1.0038,1.3888,0.9326,0.9321,1.353
1748935866.321325,1.4954,1.4968,1.7114,0.9415,0.9834,1.3482,1.0312,1.0294,1.3267,0.9931,0.9985,1.3858,0.9294,0.9372,1.3662
1748935866.446389,1.5053,1.497,1.7133,0.9501,0.9893,1.3611,1.0377,1.0237,1.3192,0.9883,0.9993,1.3839,0.9418,0.9418,1.3694
1748935866.549377,1.4959,1.4865,1.7049,0.945,0.9842,1.3487,1.042,1.0406,1.3264,0.9864,0.9952,1.3855,0.931,0.9439,1.3517
1748935866.663368,1.4841,1.4849,1.7025,0.9453,0.9858,1.3544,1.0331,1.024,1.3187,0.9821,0.9985,1.3807,0.9321,0.938,1.3501
1748935866.777355,1.4839,1.4812,1.702,0.9488,0.978,1.349,1.0315,1.0264,1.3187,0.9963,0.992,1.3769,0.9359,0.9455,1.3466
1748935866.8933802,1.4825,1.4777,1.6974,0.9525,0.9899,1.3538,1.0366,1.0331,1.3329,0.9893,0.9958,1.3839,0.9453,0.9367,1.3552
1748935867.005407,1.4828,1.4798,1.7033,0.9533,0.9866,1.3573,1.0355,1.0404,1.3291,0.9928,0.9904,1.3845,0.9402,0.9418,1.3576
1748935867.119427,1.4814,1.4718,1.699,0.9485,0.9815,1.3622,1.0326,1.032,1.3273,0.9917,1.0054,1.3858,0.9369,0.9469,1.359
1748935867.2335129,1.4777,1.4718,1.699,0.9512,0.9791,1.3697,1.0288,1.0347,1.3401,0.9899,0.9934,1.4006,0.9345,0.9332,1.3684
1748935867.347502,1.4922,1.4836,1.7165,0.9504,0.988,1.3649,1.032,1.0385,1.3334,1.0011,1.013,1.396,0.9292,0.9412,1.3772
1748935867.465355,1.4879,1.4777,1.7071,0.9455,0.9858,1.3643,1.032,1.0369,1.3307,1.0011,0.9968,1.4025,0.9345,0.9447,1.3579
1748935867.57547,1.4884,1.4882,1.71,0.9469,0.9791,1.37,1.0326,1.0307,1.3356,1.0022,1.0143,1.4135,0.9364,0.9461,1.3635
1748935867.689562,1.5201,1.5164,1.6885,0.9509,0.9856,1.2768,1.0277,1.0358,1.2641,1.0054,1.0189,1.2537,0.9329,0.9412,1.2558
1748935867.804115,1.522,1.5134,1.5889,0.9501,0.9845,1.0879,1.0218,1.0285,1.1064,0.9982,1.0009,0.9353,0.9367,0.938,1.053
1748935867.917491,1.5177,1.5072,1.7197,0.9493,0.9934,1.345,1.0393,1.0315,1.3103,1.0057,1.024,1.385,0.9286,0.9361,1.3598
1748935868.03148,1.5172,1.5156,1.7221,0.9501,0.9928,1.3512,1.0326,1.0264,1.3136,1.0057,1.0151,1.3858,0.9375,0.9445,1.3495
1748935868.145511,1.4989,1.4957,1.7057,0.9485,0.9856,1.3404,1.0366,1.0291,1.3082,1.0038,1.0014,1.374,0.9386,0.9423,1.3404
1748935868.2596202,1.522,1.5276,1.7178,0.9547,0.9899,1.3482,1.0304,1.0291,1.3103,1.0054,1.0095,1.3778,0.938,0.9458,1.3482
1748935868.37534,1.5459,1.5389,1.7401,0.9493,0.9931,1.3579,1.0272,1.0277,1.3111,1.003,1.0003,1.388,0.9404,0.9463,1.3549
1748935868.487593,1.5303,1.5309,1.7377,0.9584,0.9987,1.3471,1.028,1.0248,1.3168,0.9928,1.0092,1.3855,0.9372,0.9442,1.3581
1748935868.6014621,1.5193,1.5088,1.7165,0.9541,0.9888,1.3525,1.0382,1.0272,1.3087,1.0022,1.0044,1.3834,0.9391,0.9351,1.3552
1748935868.726526,1.5134,1.5091,1.7194,0.9539,0.9818,1.3474,1.0275,1.0318,1.3012,1.003,1.002,1.3821,0.9318,0.9351,1.3522
1748935868.82954,1.5019,1.5053,1.7189,0.9531,0.9912,1.3568,1.0339,1.0291,1.3224,0.9968,1.0025,1.4025,0.9359,0.9506,1.3541
1748935868.9435499,1.5008,1.4986,1.7116,0.9528,0.9823,1.3557,1.0302,1.0245,1.3259,1.0046,1.002,1.3974,0.9254,0.9423,1.36
1748935869.057674,1.4997,1.4895,1.72,0.9558,0.9872,1.3724,1.0272,1.0318,1.3316,1.0081,1.0146,1.4068,0.9394,0.9523,1.3681
1748935869.172023,1.4879,1.4831,1.7192,0.9544,0.9904,1.3863,1.0312,1.0272,1.3563,1.0014,1.0167,1.4258,0.9337,0.9455,1.385
1748935869.285454,1.493,1.4788,1.7186,0.9509,0.9896,1.3799,1.0302,1.0234,1.3579,0.999,1.0105,1.418,0.9326,0.9461,1.3915
1748935869.399423,1.4911,1.4841,1.7162,0.9517,0.9848,1.3775,1.0291,1.0277,1.3383,1.0006,1.0189,1.4043,0.9431,0.9477,1.3853
1748935869.5227258,1.4849,1.4777,1.7205,0.952,0.9904,1.3861,1.0259,1.0213,1.3654,0.9977,1.0087,1.4245,0.9348,0.9396,1.3933
1748935869.62758,1.4884,1.4825,1.7294,0.9482,0.9872,1.4033,1.0396,1.0334,1.3869,1.0014,1.0079,1.4414,0.9294,0.9461,1.4124
1748935869.741473,1.4812,1.4651,1.7127,0.9445,0.988,1.3917,1.0388,1.0315,1.3751,1.006,1.0167,1.4398,0.9407,0.9329,1.4108
1748935869.855467,1.4777,1.4761,1.7208,0.9431,0.9931,1.396,1.0259,1.028,1.3646,0.9987,1.0097,1.4261,0.9447,0.9442,1.3982
1748935869.969907,1.4809,1.4812,1.7388,0.9461,0.981,1.4033,1.0242,1.0216,1.3581,0.9934,1.0127,1.4237,0.9388,0.9482,1.3995
1748935870.084833,1.526,1.5199,1.7554,0.945,0.9923,1.4017,1.0259,1.0202,1.3576,0.9893,1.0124,1.4323,0.9386,0.9463,1.3966
1748935870.197492,1.5626,1.5577,1.7812,0.9531,0.9853,1.4334,1.0323,1.0291,1.3925,0.9912,0.9998,1.4495,0.9383,0.9386,1.4197
1748935870.311559,1.5448,1.5462,1.7764,0.9592,0.9901,1.4221,1.0479,1.0358,1.3673,0.9958,1.006,1.4334,0.9335,0.9273,1.4199
1748935870.4352908,1.5368,1.5282,1.7635,0.9512,0.9853,1.406,1.0396,1.0428,1.374,1.0103,1.0044,1.4382,0.9351,0.9506,1.4156
1748935870.54009,1.2708,1.2789,1.0479,0.9496,0.984,1.2727,1.0283,1.0315,1.2641,0.9979,0.9982,1.323,0.9324,0.9437,1.2956
1748935870.6535401,1.5062,1.5064,1.7447,0.9461,0.9845,1.3963,1.0272,1.0299,1.3624,0.9963,1.0057,1.327,0.9343,0.9528,1.2687
1748935870.767702,1.2588,1.2518,1.0662,0.9402,0.9813,1.2612,1.0393,1.024,1.2507,1.0022,0.9974,1.389,0.9353,0.9386,1.3068
1748935870.881595,1.2238,1.2147,0.9584,0.9458,0.9805,1.2289,1.0304,1.0347,1.2271,0.996,0.9955,1.2789,0.9474,0.9461,1.2354
1748935870.9955552,1.2289,1.2198,0.9665,0.9407,0.9802,1.2238,1.0213,1.0256,1.2292,0.9966,0.9923,1.2746,0.9318,0.9243,1.2131
1748935871.109592,1.205,1.2072,0.9281,0.9453,0.9815,1.2101,1.021,1.0159,1.2281,0.9974,0.9993,1.2684,0.9461,0.9469,1.212
1748935871.224894,1.2123,1.2048,0.9203,0.9506,0.974,1.2163,1.0178,1.0194,1.215,0.9893,0.9977,1.2716,0.938,0.9421,1.2195
1748935871.337518,1.216,1.2136,0.9367,0.9437,0.9813,1.2252,1.0323,1.035,1.2265,0.9944,1.0001,1.2558,0.9391,0.9335,1.2187
1748935871.4515069,1.233,1.2338,0.9485,0.9466,0.9823,1.2346,1.031,1.0259,1.2389,0.9901,0.9936,1.2805,0.9337,0.9286,1.233
1748935871.5693839,1.2268,1.2338,0.9187,0.9458,0.9794,1.241,1.0197,1.0213,1.2316,0.996,0.9853,1.2776,0.9249,0.9547,1.2292
1748935871.67967,1.2126,1.2101,0.9144,0.9466,0.9842,1.2338,1.0277,1.0264,1.2252,0.9917,1.0063,1.2754,0.9353,0.9386,1.2238
1748935871.793612,1.2112,1.2066,0.9077,0.941,0.985,1.2244,1.024,1.0205,1.2236,0.9869,0.9917,1.2676,0.9383,0.9356,1.23
1748935871.907527,1.2005,1.197,0.909,0.948,0.9705,1.2198,1.0175,1.0186,1.2316,0.9968,0.9955,1.2601,0.9431,0.938,1.2115
1748935872.026314,1.2099,1.2061,0.8918,0.9372,0.9799,1.2314,1.0202,1.0221,1.2303,0.9904,1.003,1.2759,0.9302,0.9439,1.226
1748935872.135922,1.2115,1.2112,0.8891,0.9332,0.9654,1.2257,1.0269,1.0148,1.2386,0.9907,1.0132,1.284,0.9434,0.9447,1.226
1748935872.249578,1.2217,1.2244,0.9367,0.9326,0.9732,1.2604,1.0234,1.006,1.2324,0.9818,1.0044,1.2714,0.9251,0.9329,1.2405
1748935872.3635762,1.2794,1.2848,1.0726,0.9383,0.9853,1.3337,1.0138,1.0132,1.2929,1.0003,0.9958,1.3141,0.9332,0.9412,1.2759
1748935872.4781241,1.237,1.2297,0.9399,0.938,0.9893,1.2338,1.0245,1.0202,1.237,0.9893,1.002,1.2789,0.9222,0.9335,1.2776
1748935872.592297,1.295,1.3106,1.3329,0.9547,0.9759,1.2794,1.0208,1.0116,1.2563,0.9853,1.0033,1.3063,0.9308,0.9364,1.3125
1748935872.705643,1.5287,1.5169,1.7549,0.9472,0.9799,1.4049,1.0226,1.0197,1.3869,0.9762,0.999,1.4436,0.9361,0.9305,1.4129
1748935872.819579,1.287,1.2888,1.1231,0.9498,0.978,1.3071,1.0288,1.0151,1.3066,0.9928,0.9974,1.4264,0.9335,0.9308,1.3058
1748935872.933701,1.2381,1.2351,0.9485,0.9463,0.9931,1.2499,1.0256,1.0186,1.2456,0.9869,1.0076,1.2891,0.9351,0.9447,1.2421
1748935873.051718,1.2295,1.2332,0.9063,0.9434,0.9826,1.2631,1.0229,1.0111,1.2488,0.9858,0.9955,1.2848,0.9356,0.9297,1.2456
1748935873.162318,1.2749,1.2762,1.078,0.9429,0.9762,1.2657,1.0229,1.0283,1.3313,0.9891,0.9864,1.4,0.938,0.9429,1.3718
1748935873.275573,1.2735,1.2614,0.8972,0.9375,0.9662,1.0619,1.0165,1.0202,1.0893,0.9767,0.9993,1.2915,0.9378,0.9426,1.2585
1748935873.389614,1.0919,1.1148,0.8891,0.9439,0.9789,1.2819,1.0251,1.024,1.2682,1.0132,1.0095,1.2988,0.9267,0.9423,1.262
1748935873.505651,1.2397,1.2386,0.8916,0.938,0.9807,1.2598,1.0264,1.0181,1.2531,0.9934,1.0079,1.3184,0.9351,0.9423,1.2445
1748935873.618216,1.2254,1.2179,0.895,0.9337,0.9759,1.2464,1.0264,1.0237,1.2348,1.003,1.0089,1.2754,0.934,0.93,1.2233
1748935873.7317,1.2085,1.1991,0.8924,0.945,0.9737,1.2222,1.0275,1.0229,1.2139,0.9917,1.0046,1.2725,0.9324,0.9372,1.2241
1748935873.8459451,1.2015,1.1951,0.8886,0.9367,0.9705,1.2166,1.0205,1.0229,1.2238,1.0049,1.0001,1.2453,0.9364,0.9399,1.2233
1748935873.964096,1.1989,1.1921,0.8948,0.9437,0.9746,1.2244,1.0267,1.0186,1.2007,0.9877,1.0057,1.2472,0.9224,0.9257,1.2104
1748935874.073796,1.1975,1.1865,0.8897,0.9372,0.9772,1.2131,1.028,1.0151,1.2032,0.9931,0.9982,1.2338,0.9434,0.9399,1.2018
1748935874.187713,1.1892,1.1774,0.8918,0.9517,0.9735,1.2109,1.0237,1.0151,1.194,0.9955,0.9987,1.2314,0.9286,0.9447,1.1889
1748935874.3016598,1.1892,1.176,0.8918,0.9359,0.9735,1.1908,1.021,1.0111,1.187,0.9912,1.0054,1.2295,0.9407,0.9359,1.1964
1748935874.4227378,1.168,1.1604,0.8867,0.9396,0.974,1.1913,1.0267,1.0189,1.1868,0.9936,1.003,1.226,0.9278,0.9369,1.1854
1748935874.5297039,1.1698,1.1626,0.8902,0.9437,0.9686,1.1747,1.0178,1.0165,1.1798,0.9853,0.9982,1.1642,0.9284,0.9423,1.1537
1748935874.6437151,1.2198,1.2217,0.8902,0.9439,0.9751,1.2268,1.024,1.0186,1.2182,0.9979,1.0049,1.2566,0.9318,0.9372,1.2292
1748935874.761112,1.2271,1.2225,0.8897,0.9367,0.9681,1.2426,1.0304,1.0208,1.2289,0.9853,0.9928,1.2872,0.9281,0.9407,1.2451
1748935874.871792,1.2348,1.2271,0.8977,0.9415,0.9791,1.2518,1.0148,1.0159,1.2526,0.9901,0.9979,1.2835,0.9404,0.9412,1.2451
1748935874.985728,1.5583,1.5599,1.8027,0.9434,0.9754,1.4634,1.0299,1.0259,1.4151,0.9899,0.999,1.4892,0.9404,0.9477,1.4543
1748935875.102509,1.5838,1.5752,1.8092,0.941,0.9971,1.4532,1.0433,1.0224,1.4003,0.9995,1.0157,1.4763,0.9318,0.9404,1.4535
1748935875.214387,1.5714,1.5843,1.8038,0.9399,0.9907,1.4589,1.0363,1.0369,1.3783,0.9907,0.999,1.4804,0.9292,0.9332,1.436
1748935875.327737,1.5588,1.5623,1.792,0.9482,0.9872,1.359,1.0382,1.0369,1.3847,1.0071,1.014,1.4667,0.9305,0.9364,1.4438
1748935875.44174,1.5464,1.537,1.6109,0.9434,0.9931,1.1201,1.0288,1.0331,1.3713,0.9904,0.9979,1.0218,0.9402,0.9434,1.0551
1748935875.555995,1.5763,1.5779,1.8151,0.9437,0.9896,1.4806,1.0251,1.0404,1.4605,0.9963,1.0143,1.5456,0.9364,0.9431,1.5392
1748935875.673142,1.5795,1.58,1.8653,0.9466,0.9915,1.5803,1.0339,1.0326,1.5435,0.9923,1.0071,1.6007,0.9348,0.9472,1.5779
