timestamp,R0C0,R0C1,R0C2,R1C0,R1C1,R1C2,R2C0,R2C1,R2C2,R3C0,R3C1,R3C2,R4C0,R4C1,R4C2
1748935066.475343,1.2128,1.1817,1.3399,0.9273,0.9249,1.0753,0.0,0.0,0.0,1.2128,1.1817,1.3399,0.9273,0.9249,1.0753
1748935066.4787421,1.2128,1.1817,1.3399,0.9273,0.9249,1.0753,0.0,0.0,0.0,1.2128,1.1817,1.3399,0.9273,0.9249,1.0753
1748935066.490331,1.2128,1.1817,1.3399,0.9273,0.9249,1.0753,0.0,0.0,0.0,1.2128,1.1817,1.3399,0.9273,0.9249,1.0753
1748935066.500928,1.2128,1.1817,1.3399,0.9273,0.9249,1.0753,0.0,0.0,0.0,1.2128,1.1817,1.3399,0.9273,0.9249,1.0753
1748935066.513458,1.2026,1.1852,1.3326,0.9353,0.9399,1.0675,1.1424,1.1419,1.1997,0.9429,0.9297,1.1231,0.9356,0.9297,1.121
1748935066.524045,1.2182,1.1857,1.3415,0.9292,0.9305,1.0707,1.1258,1.1325,1.1927,0.9404,0.945,1.121,0.9549,0.9386,1.1271
1748935066.536709,1.2042,1.1913,1.3299,0.9259,0.9369,1.075,1.1247,1.1317,1.1849,0.9423,0.9273,1.1183,0.9493,0.9329,1.1145
1748935066.547533,1.2037,1.1827,1.3254,0.9262,0.9281,1.0723,1.1156,1.1279,1.1929,0.9396,0.9246,1.1156,0.9453,0.9364,1.1121
1748935066.6285598,1.2045,1.1811,1.3251,0.9367,0.9402,1.0699,1.1137,1.1258,1.1886,0.9404,0.9353,1.1167,0.9506,0.9289,1.1169
1748935066.742526,1.1999,1.1741,1.3316,0.9257,0.9369,1.0694,1.1236,1.1191,1.1878,0.9434,0.9294,1.1086,0.9485,0.9326,1.1167
1748935066.856884,1.1913,1.1706,1.3189,0.9219,0.9227,1.0621,1.1301,1.1169,1.1849,0.9402,0.934,1.1102,0.9407,0.9308,1.1113
1748935066.97052,1.1999,1.1782,1.313,0.9313,0.9273,1.0707,1.1196,1.1258,1.1822,0.9378,0.9326,1.121,0.9431,0.9238,1.1172
1748935067.088758,1.1921,1.1768,1.3213,0.9302,0.9326,1.0613,1.1263,1.1295,1.1865,0.9412,0.9294,1.1099,0.9482,0.923,1.1107
1748935067.198634,1.1997,1.1717,1.3243,0.923,0.9281,1.0581,1.1231,1.1145,1.183,0.9493,0.9297,1.1051,0.9372,0.9262,1.1148
1748935067.3128908,1.1943,1.1809,1.3184,0.9251,0.9251,1.0597,1.1226,1.1177,1.1854,0.9418,0.9305,1.096,0.9442,0.9273,1.1148
1748935067.426809,1.1962,1.1792,1.3179,0.9265,0.9259,1.0643,1.1113,1.1172,1.1817,0.9423,0.9294,1.1059,0.9525,0.9294,1.1051
1748935067.5406709,1.2021,1.1666,1.3173,0.9275,0.9265,1.0629,1.1097,1.1226,1.1854,0.9447,0.9275,1.0981,0.9512,0.9294,1.0987
1748935067.654631,1.1975,1.1733,1.3149,0.9294,0.9238,1.0608,1.122,1.1231,1.1937,0.9466,0.9281,1.1048,0.9474,0.9294,1.1132
1748935067.769752,1.1986,1.1814,1.3275,0.9257,0.9289,1.0718,1.1255,1.1285,1.2287,0.948,0.9415,1.1236,0.9544,0.9329,1.1314
1748935067.8826072,1.1964,1.1833,1.3369,0.9232,0.9337,1.0764,1.1355,1.1451,1.2351,0.9461,0.9335,1.1255,0.9445,0.9195,1.14
1748935067.9966679,1.2099,1.1817,1.3504,0.9189,0.9313,1.0893,1.1336,1.1341,1.2469,0.9463,0.9281,1.1381,0.9407,0.9302,1.1389
1748935068.1122549,1.2171,1.2053,1.3925,0.9332,0.9281,1.1231,1.1551,1.1559,1.3009,0.9437,0.9399,1.1768,0.945,0.9184,1.1846
1748935068.224592,1.2426,1.2292,1.4355,0.9163,0.931,1.1685,1.1655,1.1809,1.3555,0.9528,0.9351,1.219,0.9485,0.9235,1.2257
1748935068.338681,1.255,1.2276,1.4745,0.9208,0.9289,1.2171,1.1862,1.1983,1.4022,0.9504,0.938,1.2542,0.9466,0.9211,1.2665
1748935068.459914,1.2389,1.2217,1.4608,0.9144,0.9321,1.2077,1.1833,1.1779,1.3923,0.9439,0.9335,1.2553,0.9367,0.9284,1.2609
1748935068.566717,1.2265,1.1991,1.4387,0.927,0.9275,1.1822,1.1663,1.176,1.359,0.9558,0.9386,1.2292,0.9423,0.9208,1.2303
1748935068.680632,1.2246,1.2058,1.4258,0.9243,0.9337,1.1868,1.1621,1.1736,1.3665,0.9437,0.9388,1.2246,0.9439,0.9289,1.2281
1748935068.796233,1.2214,1.204,1.432,0.9165,0.9343,1.1822,1.1666,1.1637,1.3692,0.9485,0.9423,1.2222,0.9442,0.9329,1.2276
1748935068.908614,1.2115,1.1994,1.432,0.9155,0.931,1.1854,1.1693,1.176,1.3772,0.9525,0.9378,1.2289,0.9474,0.9313,1.2287
1748935069.022641,1.2158,1.1983,1.4237,0.9246,0.9292,1.1774,1.1666,1.1669,1.3654,0.9423,0.9429,1.2295,0.9515,0.9364,1.2268
1748935069.136684,1.2203,1.1937,1.4129,0.92,0.9249,1.1763,1.1715,1.1701,1.3485,0.9469,0.945,1.2206,0.9431,0.9378,1.2222
1748935069.250599,1.2244,1.1956,1.4132,0.9144,0.923,1.1666,1.1655,1.1666,1.3466,0.9576,0.9442,1.2147,0.9453,0.9335,1.2083
1748935069.3730948,1.223,1.1994,1.4143,0.9117,0.9208,1.1572,1.1561,1.1588,1.3324,0.9515,0.9423,1.1997,0.9482,0.9302,1.1948
1748935069.478652,1.2168,1.1991,1.4019,0.9176,0.9308,1.1521,1.1545,1.1599,1.3313,0.945,0.9369,1.1954,0.9536,0.927,1.1997
1748935069.592623,1.216,1.1986,1.3971,0.9216,0.9275,1.1371,1.1438,1.1545,1.3144,0.9472,0.9399,1.1913,0.9463,0.9326,1.1903
1748935069.7067049,1.2096,1.1946,1.3966,0.9155,0.9332,1.1446,1.1481,1.1561,1.3224,0.9356,0.9351,1.1878,0.9423,0.9251,1.1881
1748935069.820671,1.2158,1.1921,1.3885,0.923,0.9321,1.1389,1.1473,1.1513,1.302,0.9423,0.9345,1.176,0.9426,0.9308,1.1846
1748935069.9350169,1.2066,1.1905,1.388,0.9152,0.9326,1.1395,1.1478,1.1475,1.3001,0.9431,0.938,1.1838,0.9442,0.9343,1.1819
1748935070.048681,1.2128,1.2005,1.3799,0.9133,0.9302,1.1341,1.1424,1.1508,1.299,0.9536,0.9372,1.1766,0.9399,0.9238,1.1766
1748935070.162693,1.1997,1.1782,1.3753,0.9122,0.9208,1.1298,1.1416,1.1535,1.2851,0.9423,0.9294,1.1637,0.9412,0.9259,1.1637
1748935070.27948,1.2115,1.1825,1.3662,0.9163,0.9313,1.1247,1.1312,1.1384,1.2749,0.9407,0.9412,1.1685,0.9391,0.923,1.1642
1748935070.3907268,1.2026,1.1763,1.3538,0.9187,0.9275,1.1231,1.1317,1.1371,1.2738,0.9402,0.934,1.1677,0.9477,0.9302,1.1604
1748935070.504609,1.1999,1.1833,1.3643,0.9149,0.9257,1.1215,1.1333,1.1419,1.2649,0.9453,0.9383,1.1615,0.9402,0.9326,1.1575
1748935070.618677,1.197,1.1811,1.3565,0.9171,0.9206,1.1175,1.1387,1.1344,1.2714,0.9498,0.941,1.1556,0.9407,0.9222,1.1521
1748935070.7326982,1.1935,1.1814,1.3657,0.9147,0.9321,1.1169,1.129,1.1258,1.2706,0.9404,0.9316,1.154,0.9421,0.9321,1.1532
1748935070.854136,1.197,1.1838,1.3547,0.9203,0.9275,1.1107,1.1266,1.1373,1.2579,0.9461,0.9326,1.1432,0.9364,0.9224,1.15
1748935070.960621,1.2034,1.1811,1.3536,0.913,0.9284,1.1091,1.1338,1.1384,1.2711,0.9356,0.9297,1.1526,0.949,0.9281,1.1559
1748935071.074673,1.1983,1.1731,1.356,0.9163,0.9321,1.1027,1.1274,1.1293,1.2539,0.9356,0.9369,1.1492,0.9343,0.9316,1.1543
1748935071.1888409,1.1929,1.1698,1.3504,0.9184,0.9222,1.1081,1.1389,1.1258,1.2577,0.9404,0.9337,1.1513,0.9418,0.9251,1.1556
1748935071.30278,1.1913,1.1688,1.3439,0.9141,0.9249,1.0984,1.1325,1.1363,1.2534,0.9351,0.9396,1.1368,0.9388,0.9235,1.1481
1748935071.419785,1.1913,1.1744,1.3509,0.9206,0.9259,1.1035,1.1309,1.1247,1.2714,0.9394,0.9294,1.158,0.9407,0.9254,1.1572
1748935071.53074,1.1959,1.1787,1.3463,0.9227,0.9232,1.1019,1.1314,1.1347,1.266,0.9463,0.9262,1.1502,0.9353,0.9275,1.154
1748935071.6447492,1.2061,1.1865,1.3759,0.9149,0.9286,1.1204,1.158,1.1696,1.3157,0.9485,0.9308,1.1666,0.9423,0.9219,1.1621
1748935071.758826,1.2134,1.1994,1.3882,0.9122,0.9235,1.1338,1.1755,1.1811,1.3474,0.9472,0.938,1.1819,0.9343,0.9292,1.1857
1748935071.872722,1.2155,1.2032,1.3904,0.9157,0.927,1.133,1.1715,1.176,1.3324,0.9447,0.9375,1.1932,0.9493,0.9351,1.1768
1748935071.986743,1.2236,1.1999,1.3896,0.9133,0.9176,1.1261,1.1674,1.1677,1.3184,0.9429,0.9439,1.1685,0.9445,0.9407,1.1677
1748935072.100909,1.222,1.1962,1.3729,0.9112,0.9321,1.1132,1.1604,1.1599,1.3093,0.9429,0.9383,1.1704,0.9442,0.9241,1.1645
1748935072.214753,1.2152,1.1911,1.3804,0.9179,0.9224,1.1075,1.1594,1.1672,1.2982,0.9367,0.9345,1.1548,0.9482,0.9324,1.1674
1748935072.338037,1.2144,1.19,1.3641,0.9206,0.9232,1.1161,1.1572,1.1559,1.2851,0.9466,0.9399,1.161,0.945,0.9353,1.1516
1748935072.442778,1.2005,1.19,1.3565,0.9157,0.9235,1.1075,1.1322,1.1497,1.2692,0.9426,0.9421,1.1486,0.9506,0.934,1.1634
1748935072.5568042,1.2042,1.1857,1.3493,0.9203,0.9302,1.0987,1.1373,1.1478,1.2784,0.9396,0.9412,1.1489,0.9501,0.9396,1.1513
1748935072.671032,1.201,1.1825,1.3517,0.9227,0.9249,1.093,1.1322,1.1446,1.2719,0.938,0.9421,1.1524,0.9399,0.9289,1.1454
1748935072.7848032,1.2029,1.1865,1.3565,0.9184,0.927,1.0933,1.1435,1.1489,1.2797,0.9386,0.9356,1.1427,0.9477,0.9407,1.1559
1748935072.898853,1.2058,1.1841,1.3568,0.9203,0.9198,1.1003,1.143,1.1457,1.2821,0.9439,0.934,1.1578,0.9472,0.9345,1.1475
1748935073.012801,1.2029,1.1798,1.3547,0.9144,0.9241,1.0981,1.1368,1.1475,1.2886,0.9434,0.9407,1.1596,0.9439,0.9275,1.154
1748935073.126933,1.1978,1.1854,1.3479,0.9122,0.9211,1.0973,1.1244,1.1392,1.2735,0.9455,0.9461,1.15,0.9496,0.9372,1.1543
1748935073.247709,1.2029,1.18,1.3474,0.9044,0.9286,1.0987,1.1325,1.1349,1.2727,0.9463,0.9364,1.1486,0.9423,0.9356,1.1368
1748935073.3548002,1.1946,1.1854,1.3444,0.9189,0.9305,1.0962,1.1344,1.1416,1.2566,0.9442,0.9267,1.143,0.9426,0.9372,1.1486
1748935073.468836,1.1975,1.18,1.349,0.9163,0.9232,1.0919,1.1403,1.1376,1.2671,0.9469,0.9388,1.1435,0.949,0.9439,1.1395
1748935073.582853,1.2023,1.1843,1.353,0.9198,0.923,1.0952,1.1298,1.1368,1.2625,0.9512,0.9383,1.1363,0.9469,0.9343,1.1524
1748935073.696815,1.2023,1.1766,1.3461,0.9112,0.9235,1.0914,1.1306,1.1389,1.2475,0.9498,0.9351,1.1443,0.9439,0.9364,1.1416
1748935073.815382,1.2091,1.1835,1.3401,0.9138,0.9232,1.0852,1.1309,1.14,1.2571,0.9506,0.9399,1.14,0.9477,0.9353,1.1379
1748935073.924908,1.2053,1.187,1.3461,0.9128,0.9241,1.0842,1.1282,1.1295,1.2606,0.9442,0.9458,1.1419,0.9523,0.9391,1.1424
1748935074.0388439,1.2064,1.1817,1.3439,0.9176,0.9254,1.0879,1.1349,1.1295,1.251,0.9399,0.9418,1.1384,0.9426,0.9335,1.1328
1748935074.152909,1.2042,1.1825,1.3423,0.912,0.9219,1.0933,1.1317,1.1317,1.2528,0.9439,0.9388,1.1416,0.9504,0.9369,1.1384
1748935074.266824,1.1911,1.1774,1.3442,0.9155,0.9281,1.0874,1.1365,1.1317,1.2545,0.948,0.9429,1.1416,0.9434,0.9332,1.1389
1748935074.3814201,1.201,1.1755,1.342,0.9069,0.9297,1.0844,1.1357,1.1293,1.2558,0.9488,0.9434,1.1263,0.9504,0.9396,1.133
1748935074.4948401,1.2005,1.1768,1.3337,0.9106,0.9163,1.0831,1.122,1.1253,1.2504,0.9523,0.9421,1.1408,0.9388,0.9318,1.1473
1748935074.608844,1.1951,1.1731,1.3434,0.9079,0.9141,1.0833,1.1263,1.1357,1.2432,0.9488,0.9335,1.1336,0.9447,0.9289,1.1435
1748935074.726069,1.2136,1.1873,1.3565,0.9133,0.9284,1.0973,1.1277,1.1365,1.273,0.9447,0.9439,1.1459,0.9372,0.9367,1.1465
1748935074.8368719,1.2104,1.1884,1.3641,0.9173,0.9281,1.1073,1.1325,1.1379,1.2751,0.9447,0.9412,1.151,0.9421,0.9305,1.1526
1748935074.950908,1.2037,1.1854,1.3565,0.9149,0.9173,1.1116,1.1473,1.1333,1.2872,0.9353,0.9445,1.1564,0.9482,0.9412,1.1564
1748935075.064925,1.215,1.1892,1.3812,0.9104,0.9219,1.1244,1.1384,1.14,1.3154,0.9437,0.9439,1.1696,0.9412,0.9407,1.1736
1748935075.178884,1.2246,1.2142,1.4143,0.9147,0.9356,1.1588,1.1586,1.1529,1.3401,0.9463,0.9418,1.1972,0.949,0.9302,1.2128
1748935075.30112,1.2324,1.2139,1.4417,0.9173,0.9275,1.1862,1.1682,1.1666,1.3764,0.9536,0.9429,1.237,0.9525,0.9399,1.2354
1748935075.406869,1.2442,1.2206,1.4683,0.9195,0.9259,1.2211,1.1666,1.1758,1.4186,0.9496,0.9533,1.2716,0.9477,0.9396,1.2776
1748935075.5208771,1.2287,1.2061,1.45,0.9155,0.9273,1.2107,1.1602,1.168,1.3941,0.9563,0.9453,1.2555,0.9485,0.9369,1.2674
1748935075.6362538,1.2319,1.2144,1.4538,0.9079,0.9364,1.1972,1.1591,1.1698,1.3791,0.9485,0.9402,1.2496,0.9558,0.9321,1.2418
1748935075.748961,1.237,1.2209,1.443,0.9112,0.9348,1.1862,1.1535,1.1594,1.3646,0.9458,0.9421,1.2314,0.9447,0.9343,1.234
1748935075.862907,1.2214,1.1986,1.4264,0.909,0.9259,1.1704,1.1484,1.1502,1.3455,0.941,0.9445,1.2139,0.9466,0.9318,1.2271
1748935075.976922,1.2139,1.2005,1.4113,0.912,0.9206,1.161,1.1443,1.147,1.3275,0.9536,0.9423,1.2066,0.9552,0.9286,1.2013
1748935076.090945,1.2072,1.1921,1.3966,0.9147,0.9249,1.1508,1.1467,1.1411,1.3189,0.9477,0.9415,1.1983,0.9388,0.9335,1.1932
1748935076.21043,1.2088,1.1897,1.3952,0.9133,0.9286,1.1492,1.1365,1.1432,1.3165,0.9455,0.9431,1.1999,0.9466,0.9332,1.1956
1748935076.318914,1.2023,1.1884,1.3909,0.9136,0.9259,1.147,1.1462,1.1381,1.3208,0.9463,0.9466,1.1994,0.956,0.9302,1.1913
1748935076.4329028,1.1929,1.1835,1.3842,0.9157,0.9278,1.1384,1.1357,1.1379,1.3079,0.9415,0.9353,1.1876,0.9477,0.9353,1.1913
1748935076.546995,1.2042,1.1814,1.3933,0.9128,0.9246,1.1357,1.1371,1.1403,1.3095,0.9477,0.9461,1.1932,0.9367,0.9329,1.1948
1748935076.660948,1.205,1.176,1.3855,0.9063,0.9278,1.1414,1.1379,1.1389,1.3122,0.949,0.9421,1.1978,0.948,0.9375,1.1924
1748935076.7809741,1.1989,1.187,1.3794,0.916,0.923,1.1446,1.1357,1.1494,1.3031,0.9375,0.9437,1.1905,0.9472,0.9372,1.1943
1748935076.888947,1.1967,1.1768,1.3821,0.9189,0.9216,1.1355,1.1306,1.1381,1.2931,0.9396,0.9348,1.1881,0.9426,0.9367,1.183
1748935077.002976,1.2142,1.1916,1.4017,0.9181,0.9316,1.1516,1.1489,1.1505,1.3262,0.9482,0.9445,1.1935,0.9528,0.9329,1.2069
1748935077.124529,1.2249,1.1948,1.3888,0.9122,0.9224,1.1368,1.1492,1.1537,1.3042,0.9472,0.9455,1.1948,0.9488,0.9439,1.1959
1748935077.231026,1.2128,1.1889,1.3799,0.9206,0.9337,1.1325,1.1486,1.1467,1.2982,0.9488,0.945,1.1733,0.9485,0.9383,1.1838
1748935077.344981,1.2155,1.187,1.3761,0.9138,0.923,1.122,1.1376,1.1462,1.2996,0.9477,0.9423,1.1758,0.9603,0.9434,1.1798
1748935077.460087,1.2088,1.1835,1.3735,0.9179,0.927,1.1277,1.143,1.1537,1.3047,0.9512,0.9547,1.1631,0.9501,0.9445,1.1803
1748935077.573052,1.2037,1.1835,1.3751,0.9198,0.927,1.1218,1.1465,1.1414,1.302,0.9472,0.9402,1.1774,0.9598,0.9474,1.1763
1748935077.686987,1.1983,1.1798,1.3646,0.9117,0.9254,1.1215,1.1408,1.1395,1.2867,0.9531,0.9421,1.1787,0.9582,0.9431,1.1704
1748935077.800993,1.198,1.1752,1.3697,0.9155,0.9219,1.1153,1.1298,1.1314,1.28,0.9512,0.9442,1.1586,0.9582,0.9496,1.1744
1748935077.9150069,1.1956,1.1776,1.3565,0.9181,0.9251,1.1169,1.1344,1.132,1.2802,0.9442,0.9477,1.1535,0.9439,0.9458,1.1717
1748935078.034241,1.1954,1.1629,1.3571,0.9147,0.9168,1.1113,1.1242,1.1349,1.2671,0.9458,0.9458,1.1569,0.9442,0.938,1.1663
1748935078.14299,1.1908,1.1715,1.3444,0.9095,0.9214,1.1156,1.1298,1.1379,1.2695,0.9517,0.9447,1.1599,0.9544,0.9407,1.1615
1748935078.257011,1.1983,1.1747,1.3461,0.9122,0.9259,1.1059,1.1242,1.1261,1.2698,0.9399,0.9421,1.1626,0.9466,0.9423,1.1478
1748935078.37103,1.1884,1.1663,1.3487,0.9058,0.9302,1.1046,1.1298,1.1355,1.266,0.956,0.9439,1.1561,0.9515,0.9466,1.1505
1748935078.4849868,1.1903,1.1645,1.3442,0.9128,0.9219,1.0981,1.1231,1.132,1.2555,0.9458,0.9506,1.1578,0.9412,0.9415,1.1578
1748935078.606427,1.1865,1.1663,1.3423,0.9163,0.9278,1.0981,1.118,1.1255,1.2609,0.9485,0.9458,1.15,0.9477,0.9356,1.1524
1748935078.713102,1.1865,1.172,1.3396,0.9203,0.9195,1.096,1.1177,1.132,1.2496,0.952,0.9469,1.1537,0.9466,0.945,1.1599
1748935078.827029,1.1878,1.1744,1.3469,0.9184,0.934,1.0997,1.1295,1.1236,1.2416,0.9579,0.9348,1.15,0.9579,0.9372,1.1594
1748935078.941549,1.1886,1.1663,1.3367,0.916,0.9329,1.0981,1.1279,1.1295,1.2531,0.9431,0.9504,1.1432,0.9469,0.9394,1.1621
1748935079.055122,1.1873,1.1723,1.3324,0.9179,0.9281,1.1064,1.1244,1.1298,1.2614,0.9488,0.9412,1.1465,0.948,0.9353,1.1545
1748935079.169516,1.186,1.1661,1.3372,0.9176,0.9246,1.1056,1.1261,1.1287,1.2588,0.9463,0.9431,1.1454,0.9429,0.9404,1.1607
1748935079.2830799,1.1846,1.1647,1.334,0.9114,0.9265,1.0925,1.1234,1.1298,1.252,0.9396,0.9472,1.1441,0.9536,0.9418,1.1516
1748935079.397474,1.1881,1.1661,1.3275,0.9087,0.9203,1.0979,1.1274,1.129,1.2442,0.9493,0.9375,1.1524,0.9528,0.949,1.1467
1748935079.511733,1.1884,1.1615,1.3364,0.9077,0.927,1.0944,1.122,1.1129,1.2418,0.9458,0.9474,1.1462,0.9528,0.9407,1.1559
1748935079.6250958,1.1806,1.1612,1.3369,0.9136,0.9157,1.0906,1.1185,1.1274,1.244,0.9418,0.9394,1.1449,0.9544,0.9431,1.1588
1748935079.739072,1.1779,1.1623,1.3278,0.9128,0.9198,1.0919,1.1172,1.122,1.2596,0.9407,0.9372,1.1325,0.9544,0.9351,1.1478
1748935079.8531368,1.1865,1.1604,1.3358,0.9117,0.9222,1.097,1.1269,1.1231,1.2362,0.9367,0.938,1.1473,0.9555,0.9356,1.1526
1748935079.967079,1.1779,1.1629,1.3313,0.9095,0.9275,1.0874,1.1129,1.1277,1.2531,0.9372,0.9445,1.1473,0.9463,0.9426,1.1484
1748935080.0812511,1.1776,1.1548,1.3254,0.913,0.9208,1.0962,1.1191,1.1277,1.234,0.9391,0.9439,1.1467,0.9504,0.9375,1.1416
1748935080.195067,1.1919,1.1537,1.3294,0.9133,0.92,1.0957,1.1204,1.1287,1.2523,0.9474,0.9458,1.1379,0.9477,0.9386,1.1467
1748935080.309103,1.18,1.1602,1.3326,0.9141,0.9235,1.1011,1.1161,1.1191,1.233,0.9437,0.9418,1.14,0.9498,0.9367,1.1398
1748935080.424999,1.1803,1.1631,1.3297,0.9181,0.9259,1.0946,1.1207,1.1226,1.2475,0.9463,0.9528,1.1398,0.9539,0.9396,1.1451
1748935080.537118,1.1825,1.1621,1.3313,0.9136,0.9262,1.1,1.1204,1.1295,1.2507,0.9515,0.9399,1.1462,0.9501,0.9388,1.1432
1748935080.651099,1.1849,1.1629,1.3329,0.9042,0.9165,1.0898,1.1212,1.1274,1.2434,0.9512,0.9474,1.136,0.9536,0.9399,1.1545
1748935080.765116,1.1782,1.1537,1.3348,0.9106,0.9165,1.0917,1.122,1.1223,1.2432,0.9388,0.9386,1.1432,0.9455,0.9318,1.15
1748935080.8791108,1.1819,1.1513,1.3275,0.916,0.9224,1.0938,1.1091,1.1218,1.237,0.9544,0.9458,1.1451,0.9466,0.9453,1.1432
1748935080.998463,1.183,1.1572,1.3224,0.9082,0.9313,1.0922,1.1183,1.1279,1.2469,0.9566,0.9447,1.1494,0.9453,0.9442,1.1432
1748935081.10721,1.1774,1.165,1.3318,0.9109,0.9297,1.1016,1.118,1.1244,1.248,0.9415,0.9335,1.1492,0.9434,0.9463,1.1446
1748935081.2211251,1.1779,1.1637,1.3289,0.9047,0.9192,1.0936,1.1247,1.1239,1.2418,0.9472,0.9359,1.1408,0.9434,0.9313,1.1572
1748935081.335139,1.1776,1.158,1.3275,0.913,0.9138,1.0895,1.1175,1.129,1.2453,0.9421,0.9332,1.1518,0.948,0.9343,1.1467
1748935081.449165,1.1784,1.1588,1.3262,0.9109,0.9171,1.0914,1.1193,1.1218,1.2566,0.9429,0.9455,1.147,0.9541,0.9345,1.1441
1748935081.568757,1.176,1.1621,1.3289,0.9058,0.934,1.0987,1.1148,1.1212,1.237,0.9453,0.9353,1.1427,0.9474,0.9345,1.1451
1748935081.6771588,1.1706,1.1626,1.3326,0.9198,0.9214,1.0895,1.1175,1.1234,1.2456,0.9431,0.9361,1.14,0.9461,0.9289,1.1516
1748935081.791153,1.1744,1.1629,1.3267,0.913,0.9206,1.0887,1.1231,1.122,1.2359,0.9434,0.9396,1.1416,0.9429,0.938,1.1459
1748935081.9052548,1.172,1.1441,1.317,0.9055,0.9246,1.086,1.1199,1.1247,1.2416,0.9431,0.9386,1.1414,0.9458,0.938,1.1398
1748935082.0191538,1.1739,1.154,1.327,0.9031,0.9273,1.0933,1.1223,1.1239,1.2324,0.945,0.9445,1.1344,0.9485,0.9394,1.1389
1748935082.133615,1.1658,1.1591,1.3211,0.9101,0.9165,1.0876,1.1236,1.115,1.233,0.9431,0.9388,1.1279,0.9466,0.9429,1.1422
1748935082.247212,1.1733,1.1457,1.3181,0.9095,0.9227,1.0804,1.1124,1.1148,1.2359,0.9493,0.9388,1.132,0.9485,0.9343,1.1373
1748935082.361182,1.1677,1.1564,1.3184,0.9085,0.9171,1.0906,1.1137,1.1261,1.2263,0.9472,0.9275,1.1419,0.9423,0.938,1.14
1748935082.477412,1.1771,1.1567,1.323,0.9034,0.9249,1.0831,1.1207,1.1188,1.2297,0.9477,0.9388,1.1312,0.9442,0.9302,1.1411
1748935082.589271,1.169,1.1612,1.3208,0.9112,0.9241,1.0936,1.1051,1.1177,1.2424,0.9402,0.9351,1.1355,0.941,0.9321,1.1419
1748935082.7033331,1.1728,1.1559,1.3219,0.9149,0.9214,1.0898,1.1118,1.1188,1.2367,0.9423,0.948,1.1352,0.9498,0.927,1.1438
1748935082.817251,1.1798,1.1508,1.32,0.9074,0.9165,1.0936,1.1129,1.1191,1.2378,0.9455,0.9442,1.1373,0.9541,0.938,1.1414
1748935082.93119,1.1787,1.1516,1.324,0.9114,0.9243,1.0906,1.1067,1.1242,1.2389,0.9445,0.9273,1.1392,0.9399,0.9353,1.1363
1748935083.054605,1.183,1.15,1.3302,0.9098,0.9227,1.0866,1.1212,1.1183,1.2322,0.9364,0.9434,1.1341,0.9423,0.9391,1.1406
1748935083.159286,1.1731,1.1626,1.3248,0.9087,0.9251,1.0938,1.1145,1.1124,1.233,0.9391,0.9498,1.132,0.9402,0.9378,1.1478
1748935083.273246,1.1749,1.169,1.3281,0.9085,0.9259,1.0941,1.1193,1.1134,1.2346,0.9396,0.9332,1.1392,0.9434,0.9308,1.1349
1748935083.3873181,1.1814,1.1602,1.338,0.9087,0.9184,1.0987,1.1183,1.1255,1.2512,0.9461,0.9386,1.1484,0.9439,0.9439,1.1494
1748935083.501295,1.1916,1.1706,1.3385,0.912,0.9152,1.1046,1.1266,1.1298,1.2665,0.9509,0.9463,1.1529,0.9549,0.9348,1.1484
1748935083.615457,1.201,1.1661,1.3436,0.9087,0.9259,1.1059,1.1218,1.1218,1.2719,0.9482,0.9453,1.1513,0.9482,0.9369,1.1572
1748935083.729264,1.1924,1.1803,1.3512,0.9074,0.9246,1.1035,1.1277,1.1314,1.2751,0.9394,0.9541,1.1596,0.949,0.9394,1.1607
1748935083.8432589,1.1932,1.179,1.3482,0.9184,0.9211,1.1126,1.1274,1.132,1.2754,0.9501,0.9431,1.1551,0.9539,0.9418,1.1645
1748935083.957551,1.197,1.176,1.3595,0.9171,0.9219,1.1172,1.125,1.1306,1.2816,0.9445,0.9437,1.165,0.9482,0.9367,1.1749
1748935084.0712461,1.2117,1.1865,1.3735,0.9155,0.9284,1.1212,1.1416,1.1459,1.3052,0.9466,0.9461,1.1741,0.9566,0.9509,1.1908
1748935084.186857,1.2203,1.2085,1.4172,0.9165,0.9222,1.1653,1.1443,1.1618,1.3447,0.9466,0.9506,1.2211,0.9493,0.9404,1.2144
1748935084.299284,1.2346,1.2225,1.4481,0.9192,0.9286,1.2032,1.1623,1.1623,1.3759,0.9571,0.9547,1.2491,0.956,0.9372,1.2442
1748935084.4133198,1.2308,1.2109,1.4229,0.919,0.9251,1.1771,1.1481,1.1545,1.3643,0.9517,0.9528,1.2273,0.9498,0.9364,1.2279
1748935084.537853,1.2228,1.2069,1.4277,0.9128,0.9265,1.1792,1.1518,1.1553,1.3401,0.9547,0.9488,1.2257,0.9439,0.9364,1.219
1748935084.641254,1.2252,1.2088,1.4264,0.9071,0.9308,1.1698,1.1481,1.158,1.3439,0.9558,0.9504,1.2144,0.9496,0.9321,1.2166
1748935084.755321,1.2281,1.2074,1.4135,0.9138,0.9262,1.1685,1.1454,1.1545,1.3401,0.9501,0.9482,1.2048,0.9544,0.9356,1.2134
1748935084.871407,1.2263,1.2034,1.4121,0.9098,0.9281,1.1666,1.1508,1.154,1.3307,0.9517,0.9434,1.212,0.9466,0.9321,1.212
1748935084.983267,1.2228,1.1983,1.4043,0.9104,0.9249,1.1559,1.1368,1.151,1.3299,0.9445,0.9378,1.2064,0.9493,0.931,1.1951
1748935085.097307,1.215,1.1916,1.3958,0.9235,0.9289,1.1481,1.1384,1.1449,1.3181,0.952,0.9466,1.194,0.9515,0.9345,1.1964
1748935085.2113862,1.2152,1.1862,1.388,0.9149,0.9305,1.1424,1.1355,1.1317,1.305,0.9523,0.9525,1.1868,0.9506,0.9375,1.1924
1748935085.32529,1.2109,1.1884,1.3915,0.9206,0.9286,1.1395,1.1301,1.1414,1.2966,0.9472,0.9496,1.1886,0.9423,0.9415,1.2007
1748935085.43989,1.2158,1.1876,1.3966,0.9198,0.934,1.1492,1.1328,1.1446,1.3117,0.945,0.9431,1.1964,0.9498,0.938,1.2005
1748935085.5532959,1.2214,1.1927,1.4068,0.9128,0.9227,1.1591,1.1336,1.1443,1.3103,0.9461,0.9396,1.2058,0.9434,0.934,1.2037
1748935085.6673229,1.2281,1.204,1.4175,0.9149,0.9208,1.158,1.1416,1.1408,1.3388,0.9541,0.9458,1.2032,0.9531,0.9367,1.2187
1748935085.7819169,1.2228,1.2023,1.417,0.9058,0.9289,1.1701,1.1384,1.1411,1.3238,0.9533,0.9426,1.2185,0.952,0.9297,1.2158
1748935085.895343,1.2233,1.2018,1.414,0.9144,0.9227,1.1626,1.1381,1.1419,1.3348,0.9563,0.9493,1.2088,0.9566,0.9372,1.219
1748935086.0111208,1.2136,1.198,1.4328,0.9122,0.9198,1.1817,1.1371,1.1473,1.3549,0.9474,0.9469,1.2319,0.9404,0.9348,1.2297
1748935086.123343,1.2222,1.2117,1.4532,0.9171,0.9249,1.2066,1.1467,1.1529,1.3694,0.9512,0.9533,1.2448,0.9512,0.9404,1.2585
1748935086.237359,1.2195,1.2085,1.4567,0.913,0.9254,1.2083,1.1403,1.1513,1.3737,0.9501,0.9407,1.2633,0.9501,0.9367,1.2569
1748935086.355061,1.23,1.2058,1.4503,0.916,0.9227,1.2211,1.1435,1.151,1.3802,0.9501,0.9582,1.2711,0.9576,0.9394,1.2735
1748935086.4653819,1.2281,1.2074,1.4661,0.9168,0.9273,1.2305,1.1494,1.1561,1.385,0.9488,0.9501,1.2794,0.9504,0.9292,1.2708
1748935086.5793731,1.2367,1.2131,1.4578,0.9163,0.9383,1.2193,1.1548,1.1621,1.388,0.9488,0.9415,1.2657,0.9463,0.9415,1.269
1748935086.693438,1.237,1.2085,1.4594,0.9141,0.9286,1.2187,1.1666,1.1631,1.3861,0.9488,0.9445,1.2714,0.9488,0.9364,1.2722
1748935086.8073401,1.23,1.2177,1.4632,0.9133,0.9324,1.2273,1.1666,1.1744,1.3915,0.9517,0.9633,1.27,0.9439,0.9321,1.2738
1748935086.927798,1.2319,1.216,1.4591,0.9074,0.9318,1.212,1.1572,1.1774,1.389,0.9652,0.9463,1.269,0.9453,0.9372,1.2461
1748935087.0353742,1.2343,1.2225,1.4583,0.9149,0.9278,1.201,1.158,1.1712,1.363,0.9539,0.948,1.2488,0.9463,0.934,1.2571
1748935087.149368,1.2469,1.2193,1.446,0.9176,0.9243,1.1951,1.1492,1.1693,1.3673,0.952,0.9437,1.2451,0.9445,0.9404,1.2324
1748935087.263519,1.237,1.2104,1.446,0.9149,0.9286,1.1897,1.1518,1.1731,1.3638,0.9571,0.9434,1.2354,0.9549,0.9415,1.2324
1748935087.377392,1.2351,1.2144,1.436,0.9109,0.9251,1.1833,1.1553,1.1639,1.3463,0.9533,0.9434,1.222,0.9523,0.9289,1.237
1748935087.491471,1.2295,1.2072,1.4256,0.9125,0.9308,1.1739,1.1621,1.1647,1.3442,0.9469,0.9485,1.2152,0.9525,0.9321,1.2109
1748935087.605425,1.2284,1.2058,1.4226,0.9087,0.927,1.1704,1.147,1.1588,1.3461,0.948,0.9458,1.2045,0.9421,0.941,1.2091
1748935087.719413,1.2263,1.2099,1.4189,0.9098,0.9305,1.1723,1.1449,1.1629,1.3326,0.9469,0.9426,1.2066,0.9447,0.9305,1.2126
1748935087.837276,1.2195,1.2066,1.4178,0.9157,0.9313,1.1634,1.1432,1.1653,1.3224,0.9506,0.9386,1.1986,0.952,0.9345,1.2026
1748935087.9473941,1.216,1.2002,1.4103,0.9144,0.9203,1.1569,1.147,1.1569,1.3079,0.9544,0.9388,1.2056,0.9399,0.9326,1.2058
1748935088.061409,1.2185,1.2005,1.4054,0.9141,0.9238,1.154,1.154,1.151,1.3044,0.9383,0.9431,1.187,0.9469,0.9348,1.197
1748935088.17545,1.2131,1.1962,1.4049,0.9152,0.9318,1.1459,1.1462,1.1505,1.302,0.9533,0.9318,1.1897,0.9383,0.9192,1.1884
1748935088.28944,1.223,1.2005,1.4038,0.9117,0.931,1.1524,1.1282,1.1441,1.2993,0.9488,0.9431,1.1929,0.9423,0.9372,1.1895
1748935088.4099698,1.2211,1.2032,1.4003,0.9144,0.9267,1.1438,1.1462,1.1462,1.299,0.952,0.9423,1.1822,0.9504,0.934,1.1919
1748935088.517397,1.222,1.2093,1.4027,0.9173,0.9284,1.1371,1.1427,1.1535,1.3028,0.9506,0.9418,1.1776,0.9474,0.9329,1.1937
1748935088.6321821,1.2316,1.2066,1.406,0.9147,0.9281,1.1551,1.1416,1.1497,1.3103,0.9407,0.9329,1.1964,0.9394,0.9326,1.1954
1748935088.758096,1.2335,1.2064,1.4065,0.9079,0.9251,1.1427,1.1435,1.1559,1.3068,0.9407,0.9418,1.1913,0.9477,0.934,1.1916
1748935088.859667,1.2461,1.223,1.4323,0.9098,0.9351,1.1602,1.1489,1.1615,1.3345,0.9415,0.9394,1.2109,0.9407,0.9326,1.2093
1748935088.97363,1.3036,1.298,1.5722,0.9155,0.938,1.3361,1.19,1.1948,1.4976,0.9525,0.9434,1.3772,0.9539,0.931,1.3788
1748935089.0878668,1.2988,1.2792,1.5781,0.912,0.9321,1.3332,1.1994,1.204,1.5067,0.9423,0.9421,1.37,0.9447,0.9351,1.3804
1748935089.2015722,1.323,1.3023,1.6109,0.9184,0.9359,1.3735,1.2023,1.2144,1.5336,0.9563,0.9345,1.4086,0.9442,0.93,1.4035
1748935089.3155332,1.3063,1.2958,1.5926,0.9155,0.9324,1.3584,1.198,1.2029,1.5279,0.9472,0.9512,1.389,0.9477,0.9332,1.3971
1748935089.434679,1.3598,1.3444,1.6891,0.9133,0.9343,1.4632,1.2254,1.2305,1.6241,0.9482,0.9466,1.4949,0.9504,0.9375,1.5056
1748935089.5435882,1.3745,1.3461,1.7004,0.9125,0.93,1.4825,1.2348,1.2545,1.6311,0.9509,0.9439,1.507,0.9472,0.93,1.508
1748935089.657623,1.3447,1.3219,1.6606,0.9122,0.931,1.4377,1.2193,1.2316,1.5961,0.9407,0.9439,1.4683,0.9439,0.9337,1.4688
1748935089.777926,1.3463,1.3213,1.6593,0.9082,0.9284,1.4366,1.2112,1.2308,1.5832,0.9431,0.945,1.4594,0.941,0.9343,1.4675
1748935089.885479,1.3418,1.3165,1.6644,0.9122,0.9388,1.439,1.2201,1.2236,1.5816,0.9418,0.9469,1.4616,0.9455,0.9348,1.4602
1748935089.999508,1.3348,1.316,1.645,0.9063,0.9313,1.4269,1.2131,1.2228,1.5843,0.9515,0.945,1.4516,0.9394,0.9326,1.4554
1748935090.113576,1.3316,1.306,1.6375,0.9101,0.9359,1.4245,1.204,1.222,1.5626,0.949,0.9399,1.4444,0.9517,0.9375,1.4479
1748935090.2275178,1.3377,1.3154,1.6466,0.9128,0.9348,1.4113,1.2064,1.2101,1.5647,0.9388,0.9555,1.4385,0.9445,0.934,1.4454
1748935090.343767,1.3356,1.3063,1.6432,0.9214,0.9308,1.4046,1.194,1.2134,1.5483,0.9407,0.9442,1.4261,0.956,0.9351,1.4454
1748935090.455521,1.3187,1.3004,1.6246,0.9093,0.9316,1.4062,1.2042,1.2021,1.5532,0.9539,0.952,1.4301,0.9383,0.9189,1.4317
1748935090.569537,1.317,1.3025,1.6313,0.9087,0.9418,1.4189,1.1921,1.2032,1.5607,0.9563,0.9402,1.4446,0.9498,0.9356,1.4433
1748935090.691373,1.309,1.2872,1.6308,0.9147,0.938,1.4253,1.1876,1.2034,1.5626,0.948,0.9461,1.4508,0.9386,0.931,1.4495
1748935090.797529,1.3009,1.287,1.6198,0.9122,0.9345,1.4105,1.1905,1.2021,1.5599,0.9547,0.9455,1.4374,0.9421,0.9313,1.4479
1748935090.9115689,1.2929,1.2727,1.6055,0.9133,0.9337,1.3939,1.1884,1.2069,1.5319,0.9506,0.9509,1.4156,0.9488,0.9297,1.4285
1748935091.025592,1.284,1.2598,1.5972,0.9104,0.9367,1.3796,1.1913,1.2069,1.5365,0.9571,0.9576,1.4218,0.948,0.9378,1.4186
1748935091.139602,1.2816,1.2655,1.5857,0.9173,0.9318,1.3673,1.1897,1.2045,1.518,0.9638,0.9719,1.4111,0.9614,0.9515,1.4027
1748935091.257407,1.2719,1.2563,1.576,0.913,0.9431,1.3689,1.1954,1.2112,1.5336,0.9789,0.9829,1.4223,0.9633,0.9541,1.4103
1748935091.367546,1.2706,1.2421,1.5902,0.9138,0.9547,1.3995,1.1948,1.2225,1.5534,0.9805,1.0033,1.4508,0.9756,0.9681,1.4393
1748935091.481882,1.2706,1.2391,1.6012,0.9122,0.9466,1.4068,1.2042,1.2265,1.5644,0.992,1.0084,1.475,0.9756,0.9818,1.4688
1748935091.60522,1.2722,1.24,1.6195,0.9147,0.9512,1.4293,1.2214,1.23,1.5867,1.0081,1.0259,1.5027,0.9856,0.9888,1.4871
1748935091.709565,1.2663,1.2408,1.6359,0.9141,0.9445,1.4632,1.2144,1.2432,1.6109,1.0127,1.031,1.5279,0.9936,1.0046,1.5244
1748935091.823564,1.2754,1.2469,1.6668,0.9163,0.9611,1.5013,1.2244,1.2467,1.6383,1.0151,1.0404,1.5499,1.0003,0.9977,1.551
1748935091.937692,1.2741,1.2442,1.6834,0.9173,0.9555,1.5158,1.2187,1.2534,1.6574,1.0038,1.0339,1.5755,1.0052,0.9947,1.5695
1748935092.051573,1.2805,1.237,1.6937,0.9114,0.9552,1.5379,1.2279,1.2641,1.6711,0.999,1.0347,1.5781,0.9998,0.9939,1.5819
1748935092.165793,1.2824,1.2553,1.7052,0.9122,0.9743,1.5518,1.2314,1.2649,1.6808,0.9998,1.039,1.5918,0.9866,1.0017,1.5986
1748935092.279776,1.287,1.2652,1.7122,0.9114,0.9735,1.5526,1.2297,1.2703,1.6883,1.0081,1.0393,1.5999,0.9883,0.996,1.591
1748935092.393594,1.2872,1.2639,1.6953,0.9171,0.9724,1.5387,1.2177,1.2518,1.6695,1.002,1.0345,1.5806,0.9907,1.0001,1.5841
1748935092.508516,1.2845,1.248,1.6851,0.909,0.9668,1.5276,1.2112,1.2359,1.6593,0.9952,1.0259,1.5698,0.9877,0.9799,1.5674
1748935092.621587,1.2902,1.2663,1.6676,0.916,0.9703,1.5051,1.2123,1.2327,1.6348,1.0022,1.0173,1.5658,0.9926,0.9858,1.5507
1748935092.735637,1.2894,1.2542,1.6824,0.9144,0.9603,1.508,1.2077,1.2292,1.637,0.9893,1.0369,1.5644,0.9971,0.9893,1.5612
1748935092.8526678,1.2848,1.2485,1.6813,0.9069,0.9652,1.5182,1.204,1.2375,1.6434,1.0041,1.0347,1.562,1.0038,0.9971,1.5658
1748935092.963524,1.2945,1.2714,1.6864,0.9095,0.9676,1.5137,1.2174,1.2426,1.6555,1.0033,1.0431,1.5644,1.0194,1.0132,1.573
1748935093.077682,1.2947,1.2706,1.6703,0.9114,0.9764,1.5083,1.2021,1.24,1.638,1.0076,1.064,1.5628,1.0191,1.0167,1.5682
1748935093.191746,1.2848,1.259,1.6606,0.9141,0.9748,1.4962,1.2104,1.2303,1.6297,1.0108,1.0465,1.5526,1.0197,1.0154,1.5642
1748935093.305661,1.2751,1.2582,1.6577,0.9138,0.9724,1.4836,1.2045,1.2421,1.6184,1.0151,1.0487,1.5419,1.0167,1.0081,1.537
1748935093.4262028,1.2757,1.2354,1.6362,0.9141,0.9724,1.4621,1.2058,1.2332,1.6026,0.9995,1.0347,1.5231,1.0167,1.0165,1.5274
1748935093.533631,1.2432,1.233,1.6254,0.913,0.9676,1.454,1.2104,1.233,1.5983,1.0006,1.0253,1.5121,1.0111,1.0003,1.5207
1748935093.6476421,1.2695,1.248,1.6343,0.913,0.9654,1.4704,1.1991,1.2348,1.605,0.9942,1.032,1.5169,1.0073,1.0065,1.5242
1748935093.7621472,1.2778,1.2408,1.6276,0.9168,0.9635,1.4505,1.2061,1.2332,1.5894,0.9947,1.0312,1.4992,0.9955,0.988,1.5083
1748935093.8756428,1.2762,1.2335,1.6246,0.9106,0.9665,1.4393,1.2058,1.2322,1.5902,0.984,1.0272,1.4992,0.995,0.9912,1.5016
1748935093.99152,1.2703,1.237,1.6152,0.9136,0.9584,1.4336,1.2112,1.2346,1.5935,0.9912,1.0253,1.4903,0.9931,0.9907,1.4943
1748935094.1036851,1.27,1.2268,1.6147,0.913,0.9641,1.4433,1.2083,1.2343,1.6007,0.9985,1.0157,1.5067,0.9936,0.9794,1.5051
1748935094.21771,1.2593,1.2332,1.619,0.9098,0.9625,1.4484,1.201,1.2311,1.5857,0.985,1.01,1.4919,0.9885,0.9834,1.4865
1748935094.338887,1.2442,1.2241,1.6045,0.9165,0.9574,1.4178,1.2029,1.2322,1.5677,0.985,1.0054,1.479,0.9923,0.9751,1.4779
1748935094.4456902,1.2512,1.2311,1.5929,0.9112,0.9525,1.4046,1.2058,1.2195,1.5475,0.9834,0.9985,1.4616,0.9877,0.9743,1.46
1748935094.559932,1.2448,1.2316,1.5771,0.9195,0.9539,1.3992,1.2048,1.2117,1.5317,0.9893,1.0014,1.4457,0.9772,0.967,1.4393
1748935094.6737568,1.2577,1.2311,1.5771,0.9168,0.9388,1.3882,1.1975,1.2209,1.5225,0.9754,0.9982,1.428,0.977,0.9603,1.4326
1748935094.7876768,1.2609,1.2287,1.5647,0.9214,0.9501,1.3544,1.19,1.2083,1.5005,0.9759,0.9926,1.4046,0.974,0.9695,1.4027
1748935094.902574,1.2531,1.2346,1.5403,0.92,0.9418,1.331,1.1841,1.2021,1.4766,0.9729,0.9732,1.3796,0.9729,0.9544,1.3807
1748935095.01596,1.2504,1.2203,1.5303,0.9141,0.9496,1.3076,1.1822,1.2099,1.4535,0.966,0.9805,1.3579,0.9678,0.9638,1.3608
1748935095.12979,1.2588,1.2228,1.5172,0.9125,0.9461,1.3058,1.1817,1.1986,1.4328,0.9609,0.9668,1.3501,0.9649,0.9563,1.3512
1748935095.255009,1.2348,1.215,1.4984,0.9087,0.9423,1.2711,1.1806,1.1843,1.4003,0.9517,0.9627,1.3189,0.9665,0.9431,1.3141
1748935095.3577118,1.2357,1.2069,1.4908,0.9238,0.9407,1.2515,1.1661,1.1766,1.3915,0.9598,0.9579,1.2947,0.9579,0.9523,1.2999
1748935095.471704,1.2287,1.2131,1.475,0.9133,0.9415,1.2343,1.1612,1.1706,1.3804,0.9582,0.9555,1.2886,0.9563,0.9496,1.2856
1748935095.585814,1.2252,1.2056,1.4583,0.9122,0.93,1.2241,1.1569,1.1741,1.356,0.9595,0.9523,1.2668,0.9619,0.9394,1.2762
1748935095.699724,1.2195,1.1989,1.4554,0.9152,0.9431,1.2152,1.1559,1.1621,1.3506,0.9571,0.9426,1.2665,0.9587,0.9375,1.2698
1748935095.8144279,1.222,1.2005,1.4403,0.9098,0.9353,1.2109,1.1478,1.1567,1.3415,0.9533,0.9558,1.2647,0.963,0.9466,1.2652
1748935095.9277272,1.2185,1.2002,1.4441,0.913,0.9284,1.2088,1.1457,1.1604,1.3501,0.9498,0.9625,1.2429,0.96,0.9472,1.2617
1748935096.041812,1.222,1.1983,1.4358,0.913,0.9265,1.2032,1.1355,1.1494,1.3522,0.949,0.9598,1.2528,0.9614,0.9466,1.2668
1748935096.158365,1.2107,1.1964,1.4258,0.9069,0.9297,1.1967,1.1387,1.1467,1.3326,0.9547,0.9458,1.2418,0.9592,0.9402,1.2472
