timestamp,R0C0,R0C1,R0C2,R1C0,R1C1,R1C2,R2C0,R2C1,R2C2,R3C0,R3C1,R3C2,R4C0,R4C1,R4C2
1748798637.087032,1.5411,1.5341,1.54,0.9404,0.9501,0.9641,1.0465,1.0533,1.071,0.9122,0.9147,0.9302,0.9214,0.9155,0.891
1748798637.134429,1.5473,1.5338,1.5467,0.9326,0.9477,0.9531,1.0457,1.0592,1.0584,0.9147,0.9275,0.9386,0.9206,0.9208,0.8934
1748798637.2422621,1.5432,1.5164,1.5416,0.9257,0.9458,0.9506,1.0388,1.0457,1.0495,0.9039,0.9241,0.9257,0.9308,0.9147,0.8972
1748798637.402865,1.5411,1.5247,1.5405,0.923,0.9477,0.9415,1.0495,1.0581,1.0611,0.9085,0.9144,0.9407,0.9192,0.9044,0.891
1748798637.4680479,1.5411,1.5395,1.5448,0.9238,0.9439,0.963,1.049,1.05,1.0691,0.9176,0.9168,0.9434,0.9249,0.9259,0.8975
1748798637.58286,1.5459,1.5373,1.5542,0.9262,0.9445,0.952,1.0519,1.0519,1.0664,0.9152,0.9181,0.9437,0.9181,0.9144,0.9093
1748798637.694051,1.6732,1.6684,1.68,0.9195,0.941,0.9421,1.0627,1.0624,1.0801,0.9077,0.9262,0.934,0.9208,0.9136,0.8961
1748798637.8068202,1.7906,1.7793,1.7874,0.919,0.9241,0.9429,1.0592,1.0624,1.0726,0.9249,0.9125,0.9544,0.9227,0.9238,0.8969
1748798637.92007,1.7517,1.7554,1.764,0.9106,0.9254,0.9402,1.0514,1.0551,1.0705,0.9147,0.9219,0.9544,0.9316,0.9345,0.8983
1748798638.039201,1.7262,1.7278,1.7356,0.9077,0.9267,0.9423,1.0355,1.0455,1.0672,0.916,0.9259,0.9463,0.9265,0.9249,0.8999
1748798638.146147,1.638,1.6434,1.6534,0.9138,0.9216,0.9383,1.0312,1.0398,1.06,0.9189,0.9238,0.938,0.9249,0.9326,0.8932
1748798638.259103,1.5945,1.5889,1.5999,0.9122,0.9257,0.9292,1.0361,1.0318,1.0621,0.9098,0.927,0.9399,0.9259,0.9302,0.9031
1748798638.371872,1.5553,1.5389,1.5583,0.9058,0.9251,0.9415,1.0409,1.0396,1.0686,0.9155,0.9163,0.9539,0.9275,0.9286,0.8937
1748798638.487169,1.5263,1.5021,1.537,0.9071,0.9262,0.9391,1.039,1.0409,1.0602,0.9176,0.9286,0.9574,0.9241,0.9356,0.9042
1748798638.59854,1.5059,1.4935,1.5121,0.9112,0.9128,0.9321,1.0213,1.0299,1.068,0.9125,0.9326,0.9501,0.9335,0.9332,0.8967
1748798638.711067,1.5062,1.511,1.5274,0.9114,0.9249,0.9404,1.0374,1.0463,1.0702,0.9138,0.9259,0.9496,0.931,0.9265,0.8983
1748798638.823906,1.5491,1.5387,1.562,0.9001,0.9243,0.9576,1.0758,1.0721,1.1097,0.9273,0.9224,0.9614,0.9259,0.9353,0.9149
1748798638.9371479,1.5978,1.5889,1.6133,0.9104,0.9343,0.9609,1.1193,1.1317,1.1612,0.8993,0.9251,0.9641,0.9313,0.931,0.9066
1748798639.050169,1.6125,1.6039,1.6442,0.9053,0.9506,0.9877,1.1586,1.1709,1.2042,0.9187,0.9241,0.9754,0.927,0.9176,0.9074
1748798639.1629848,1.6375,1.6176,1.6378,0.9112,0.952,0.9606,1.1696,1.1873,1.1997,0.912,0.9493,0.9652,0.9332,0.9421,0.9012
1748798639.276046,1.6386,1.637,1.6542,0.9181,0.9603,0.9603,1.168,1.1838,1.2064,0.9232,0.9523,0.97,0.9262,0.9429,0.9141
1748798639.389052,1.6861,1.684,1.6928,0.9109,0.9778,0.9713,1.2316,1.2665,1.2663,0.9216,0.9786,0.984,0.9404,0.9558,0.9061
1748798639.5065799,1.7525,1.7396,1.7487,0.9181,0.9869,0.97,1.2746,1.3093,1.3071,0.9431,0.9845,0.9705,0.945,0.9657,0.9018
1748798639.615044,1.7342,1.7291,1.7404,0.9243,0.9979,0.9759,1.2494,1.2741,1.2819,0.9335,0.9786,0.9678,0.9391,0.9614,0.895
1748798639.728076,1.7337,1.7205,1.7374,0.9292,0.9869,0.9762,1.2475,1.2883,1.2813,0.9257,0.9799,0.9762,0.9308,0.9563,0.8924
1748798639.8409758,1.7157,1.709,1.7342,0.9461,1.0242,0.9952,1.2534,1.3125,1.2896,0.9469,1.0057,0.9947,0.938,0.9708,0.895
1748798639.956588,1.6547,1.6423,1.6646,0.9388,1.0006,0.9767,1.19,1.2236,1.2201,0.9477,0.9883,0.9799,0.9431,0.9751,0.8864
1748798640.0670452,1.6523,1.6367,1.6622,0.9128,0.9993,0.9711,1.1674,1.1916,1.2072,0.9431,0.9979,0.9928,0.9517,0.9823,0.909
1748798640.179967,1.6526,1.6474,1.6684,0.9168,0.9848,0.9711,1.1365,1.1852,1.197,0.9367,0.9874,0.9987,0.9552,0.9845,0.9044
1748798640.293089,1.6257,1.6198,1.6423,0.912,0.977,0.9705,1.133,1.1731,1.1868,0.941,0.9944,0.9939,0.9571,1.0009,0.8958
1748798640.406014,1.5867,1.5964,1.6117,0.9058,0.9856,0.9668,1.1204,1.1575,1.1771,0.941,0.9977,1.0011,0.9584,0.9942,0.9087
1748798640.52042,1.5747,1.5763,1.5943,0.902,0.9697,0.9705,1.1019,1.1389,1.1612,0.9308,0.9966,1.0006,0.9493,0.9982,0.8969
1748798640.632014,1.5728,1.5553,1.5935,0.9042,0.9708,0.9705,1.1124,1.1524,1.1556,0.9439,0.9912,1.0025,0.9579,1.0028,0.9023
1748798640.745131,1.5435,1.518,1.5669,0.9093,0.9711,0.9764,1.0911,1.1258,1.1551,0.9388,0.9987,1.0183,0.9724,1.0076,0.8878
1748798640.858094,1.525,1.5053,1.5561,0.9168,0.9643,0.9926,1.0823,1.1172,1.1524,0.9501,1.002,1.0208,0.967,1.0143,0.8953
1748798640.9735072,1.5147,1.4965,1.5373,0.898,0.9541,0.9834,1.0734,1.1118,1.136,0.9326,0.9832,1.0151,0.9641,1.0046,0.8899
1748798641.0842931,1.5293,1.5284,1.5677,0.902,0.9692,0.9837,1.0831,1.1188,1.1384,0.9439,0.984,1.0081,0.9654,1.0103,0.9028
1748798641.1970801,1.5647,1.5583,1.5943,0.9101,0.9606,0.9891,1.0954,1.1317,1.1545,0.9431,0.9982,1.0455,0.9711,1.0337,0.894
1748798641.3102138,1.5284,1.525,1.5744,0.8972,0.9571,1.0068,1.0831,1.115,1.1629,0.9482,0.9979,1.0535,1.0033,1.0318,0.9053
1748798641.42306,1.507,1.4989,1.5567,0.8929,0.9504,0.9982,1.0756,1.0973,1.1451,0.9442,0.9869,1.05,0.9848,1.0159,0.9015
1748798641.53688,1.5314,1.5255,1.5644,0.8932,0.9512,0.9877,1.0705,1.1016,1.1438,0.9412,0.9807,1.0186,0.9751,1.0165,0.9128
1748798641.6490471,1.5379,1.5368,1.717,0.9012,0.9412,1.0073,1.0662,1.089,1.1371,0.9356,0.9729,1.0151,0.9692,0.9944,0.9085
1748798641.762229,1.5379,1.5301,1.612,0.8985,0.9434,1.0619,1.0637,1.0893,1.204,0.9297,0.9668,1.0987,0.9686,0.9834,1.0471
1748798641.8752499,1.529,1.5139,1.5634,0.8964,0.9383,1.0119,1.0608,1.0922,1.1419,0.93,0.9539,1.0576,0.96,0.9858,0.9767
1748798641.988332,1.5201,1.5029,1.6243,0.9077,0.941,1.2781,1.0594,1.0979,1.3874,0.9343,0.967,1.3101,0.9646,0.996,1.0291
1748798642.101558,1.5043,1.5002,1.5333,0.9004,0.9421,0.9866,1.0589,1.0774,1.1398,0.9434,0.9748,1.0205,0.9609,0.996,0.9238
1748798642.213984,1.5107,1.4887,1.6243,0.9015,0.952,1.1287,1.0696,1.097,1.1774,0.9461,1.0095,1.1287,0.9979,1.0379,0.9762
1748798642.3273091,1.493,1.4785,1.5459,0.8996,0.9407,1.0167,1.064,1.107,1.1674,0.9579,1.0277,1.086,1.0237,1.0662,0.8969
1748798642.44008,1.4771,1.4702,1.5365,0.8907,0.9418,1.0216,1.0713,1.1148,1.1763,0.9756,1.0307,1.1099,1.0232,1.0723,0.9012
1748798642.555428,1.4814,1.4626,1.5411,0.8996,0.9442,1.0296,1.0713,1.1196,1.1937,0.9748,1.0495,1.1223,1.0508,1.0874,0.9093
1748798642.6664808,1.4809,1.4645,1.5588,0.9039,0.9482,1.071,1.0914,1.1389,1.2343,1.0092,1.0645,1.158,1.067,1.1226,0.9152
1748798642.779115,1.4994,1.4892,1.6125,0.8902,0.9625,1.1062,1.1054,1.1564,1.2843,1.0382,1.0997,1.233,1.1314,1.1626,0.9042
1748798642.892282,1.4707,1.4887,1.691,0.9015,0.9592,1.1457,1.1269,1.1854,1.32,1.0745,1.1381,1.2899,1.1607,1.179,0.9292
1748798643.0052302,1.4253,1.4331,1.5644,0.8993,0.9496,1.0995,1.1285,1.1629,1.2875,1.0581,1.121,1.2606,1.1411,1.1666,0.9421
1748798643.119599,1.4197,1.4043,1.5446,0.9007,0.9506,1.1156,1.1177,1.1556,1.3007,1.0382,1.1064,1.2614,1.1287,1.1645,0.916
1748798643.231282,1.4137,1.399,1.5384,0.9012,0.9431,1.1258,1.1177,1.15,1.2945,1.0334,1.0914,1.2459,1.1457,1.1723,0.8988
1748798643.344255,1.3971,1.3872,1.511,0.905,0.9372,1.1172,1.0952,1.1414,1.2792,1.0138,1.0927,1.2327,1.1301,1.1583,0.9028
1748798643.457066,1.3893,1.3778,1.5008,0.8985,0.9469,1.0992,1.0884,1.1357,1.2706,1.013,1.0796,1.2096,1.1148,1.1478,0.9189
1748798643.572858,1.3912,1.3775,1.5078,0.8996,0.952,1.085,1.0884,1.1242,1.2577,1.0033,1.0643,1.201,1.1148,1.1424,0.9001
1748798643.683454,1.3984,1.3931,1.5091,0.9042,0.9474,1.0842,1.0866,1.1338,1.2655,0.9909,1.0594,1.1849,1.1035,1.1333,0.9117
1748798643.796343,1.406,1.3866,1.5024,0.9004,0.9367,1.0731,1.0836,1.1338,1.2351,0.9842,1.0436,1.1653,1.0769,1.1027,0.9015
1748798643.909206,1.4129,1.4027,1.4992,0.8985,0.9375,1.0581,1.0823,1.1129,1.2128,0.9864,1.0363,1.1414,1.0619,1.0936,0.905
1748798644.0220659,1.4248,1.3987,1.5336,0.8967,0.9445,1.0868,1.0737,1.1148,1.2566,0.9786,1.0291,1.1586,1.0594,1.0842,1.0178
1748798644.1397052,1.4197,1.4105,1.5045,0.9047,0.9472,1.0388,1.0696,1.1161,1.2163,0.9689,1.0272,1.1185,1.0379,1.067,0.9176
1748798644.2482822,1.428,1.4086,1.5115,0.8953,0.9353,1.0683,1.0678,1.1024,1.1873,0.9622,1.0218,1.1156,1.042,1.0659,0.9942
1748798644.3611462,1.4489,1.4503,1.5569,0.8977,0.9394,1.1416,1.0656,1.1124,1.212,0.9469,1.0116,1.0903,1.0371,1.0557,0.9359
1748798644.4741278,1.453,1.4487,1.5268,0.8988,0.9442,1.1484,1.0761,1.1148,1.2631,0.9517,0.9955,1.2606,1.0154,1.0457,1.205
1748798644.589548,1.5088,1.4774,1.6571,0.9058,0.9396,1.2064,1.0737,1.1094,1.3418,0.9504,1.0025,1.2754,1.039,1.0568,1.3364
1748798644.700507,1.4898,1.442,1.6238,0.9001,0.9361,1.1978,1.0721,1.0997,1.3299,0.9461,0.9995,1.2762,1.031,1.0404,1.3087
1748798644.8132238,1.5062,1.4481,1.6316,0.9026,0.9426,1.1929,1.0629,1.0987,1.3275,0.9474,0.992,1.2655,1.0089,1.0347,1.3093
1748798644.926261,1.4347,1.4202,1.5972,0.8988,0.934,1.1919,1.0535,1.0911,1.313,0.938,0.9904,1.2477,1.0167,1.0267,1.2896
1748798645.039113,1.4358,1.4234,1.6021,0.9042,0.9472,1.1825,1.0527,1.0893,1.2966,0.9364,0.9917,1.2327,1.0014,1.0218,1.2972
1748798645.155735,1.4463,1.4221,1.6039,0.909,0.9447,1.1779,1.0541,1.0833,1.3095,0.9412,0.9912,1.2271,1.0076,1.0159,1.2751
1748798645.265436,1.4763,1.4092,1.5789,0.9023,0.9343,1.1709,1.0551,1.075,1.2939,0.9348,0.9708,1.2284,1.0041,1.0307,1.2757
1748798645.378222,1.4232,1.4116,1.58,0.9063,0.9302,1.1685,1.0562,1.0782,1.2926,0.9345,0.9759,1.2177,0.988,1.0025,1.2639
1748798645.491591,1.4385,1.4223,1.5846,0.9128,0.9402,1.1618,1.0388,1.0707,1.2789,0.9437,0.9751,1.2195,0.9858,1.0063,1.2416
1748798645.605259,1.4368,1.4253,1.5822,0.9063,0.9321,1.1661,1.0492,1.0756,1.2792,0.9431,0.9735,1.2115,0.9963,1.0054,1.2459
1748798645.7174242,1.45,1.4334,1.6179,0.8972,0.9305,1.1889,1.0538,1.0721,1.2958,0.9375,0.9641,1.2365,0.9907,1.0089,1.2797
1748798645.830155,1.4274,1.4143,1.5843,0.9101,0.9361,1.1698,1.0578,1.0637,1.2824,0.9308,0.966,1.2214,0.9813,1.0089,1.2542
1748798645.943328,1.4379,1.4277,1.5918,0.9015,0.9353,1.1776,1.0619,1.0718,1.3004,0.9275,0.9778,1.2228,0.9888,1.0041,1.2684
1748798646.056182,1.4454,1.4449,1.6214,0.9122,0.941,1.1956,1.039,1.079,1.3101,0.9329,0.9727,1.2357,0.9823,0.9995,1.2808
1748798646.172182,1.4922,1.4473,1.5988,0.8985,0.9367,1.1803,1.053,1.0737,1.2947,0.9378,0.9754,1.2268,0.9821,0.9952,1.2655
1748798646.282891,1.4264,1.3939,1.5631,0.9001,0.9267,1.1809,1.0468,1.0619,1.2853,0.9359,0.9695,1.2058,0.9756,0.9977,1.2671
1748798646.39519,1.4017,1.3901,1.5524,0.8983,0.923,1.1696,1.0422,1.0653,1.2896,0.9227,0.9853,1.2174,0.977,0.9928,1.2663
1748798646.508325,1.3931,1.3802,1.5491,0.9055,0.9297,1.1728,1.0482,1.0672,1.2786,0.9251,0.966,1.2117,0.988,1.0025,1.2502
1748798646.622606,1.4025,1.3718,1.5542,0.9106,0.9254,1.1618,1.0452,1.0801,1.2778,0.9294,0.9713,1.2152,0.9746,1.0033,1.2491
1748798646.734394,1.3958,1.3853,1.5505,0.9042,0.9257,1.1706,1.0377,1.0739,1.291,0.9278,0.967,1.2187,0.9754,0.9907,1.2655
1748798646.847185,1.3931,1.3702,1.5521,0.8948,0.941,1.1811,1.0347,1.0734,1.2845,0.9321,0.9678,1.2273,0.9805,0.9939,1.2593
1748798646.960308,1.3855,1.367,1.5499,0.8891,0.9243,1.176,1.0455,1.0801,1.291,0.9316,0.9665,1.2217,0.9861,0.9885,1.2464
1748798647.073192,1.3944,1.3616,1.5491,0.9001,0.9214,1.1669,1.0334,1.0605,1.2913,0.9313,0.9721,1.2201,0.9754,0.9856,1.2652
1748798647.188129,1.385,1.3627,1.5516,0.9015,0.9391,1.172,1.039,1.0573,1.2999,0.9353,0.967,1.2244,0.9676,1.0022,1.2461
1748798647.299728,1.3949,1.3751,1.5443,0.9079,0.9326,1.1787,1.0323,1.0715,1.2886,0.9286,0.9627,1.2155,0.9646,0.9856,1.2553
1748798647.412373,1.3861,1.3721,1.5513,0.9026,0.9404,1.1602,1.0452,1.0659,1.2762,0.9326,0.9657,1.2056,0.9721,0.9837,1.2367
1748798647.5254889,1.4011,1.3751,1.5451,0.9034,0.9305,1.1596,1.0412,1.0578,1.2706,0.9388,0.9681,1.2005,0.9791,0.9917,1.2383
1748798647.639808,1.3971,1.3769,1.5467,0.9053,0.9289,1.1631,1.0377,1.0546,1.2759,0.9211,0.9713,1.205,0.9767,0.9874,1.2421
1748798647.751429,1.3928,1.3665,1.543,0.8913,0.9262,1.1661,1.0409,1.0594,1.2743,0.9275,0.9686,1.2115,0.9643,0.9939,1.2386
1748798647.864228,1.3869,1.3735,1.5416,0.8985,0.9267,1.1655,1.0342,1.0696,1.2872,0.9321,0.9737,1.212,0.9643,0.9856,1.2432
1748798647.977361,1.3794,1.3692,1.5464,0.9128,0.9273,1.1736,1.0449,1.0648,1.2792,0.9189,0.9681,1.2177,0.9574,0.9866,1.2442
1748798648.090267,1.3855,1.3571,1.5545,0.9063,0.9335,1.1787,1.0414,1.0487,1.2896,0.9434,0.9576,1.216,0.9665,0.9794,1.2523
1748798648.2070248,1.3796,1.3622,1.5454,0.9058,0.9305,1.1674,1.0366,1.0576,1.277,0.9335,0.9598,1.2069,0.9673,0.9807,1.2432
1748798648.316343,1.3764,1.3708,1.5462,0.9044,0.9305,1.1766,1.0366,1.0554,1.2768,0.9189,0.9617,1.2211,0.9627,0.9874,1.2354
1748798648.429261,1.3826,1.363,1.5397,0.9098,0.9359,1.1744,1.0342,1.0632,1.2741,0.927,0.9552,1.2211,0.9614,0.9842,1.2327
1748798648.5423832,1.3804,1.3522,1.5314,0.8999,0.9294,1.169,1.0422,1.0629,1.2582,0.9286,0.9482,1.208,0.9641,0.985,1.2357
1748798648.655972,1.3753,1.3544,1.5322,0.898,0.9227,1.1596,1.0291,1.0581,1.2566,0.9224,0.9646,1.2056,0.9541,0.9834,1.2244
1748798648.768238,1.3692,1.3512,1.5327,0.8969,0.9165,1.147,1.0358,1.0594,1.2582,0.9149,0.9584,1.2045,0.967,0.9829,1.2311
1748798648.88126,1.374,1.3552,1.5317,0.8988,0.9195,1.1521,1.0328,1.06,1.2622,0.9289,0.9625,1.2061,0.9627,0.977,1.2276
1748798648.994422,1.3673,1.3595,1.5242,0.9085,0.9224,1.1529,1.0312,1.0551,1.2499,0.923,0.9528,1.2069,0.9619,0.9767,1.2405
1748798649.1074162,1.3702,1.353,1.5172,0.9061,0.9254,1.1567,1.0307,1.0565,1.2604,0.9187,0.9627,1.2018,0.9555,0.9775,1.2348
1748798649.224919,1.37,1.3436,1.5201,0.9004,0.9318,1.1535,1.0224,1.0543,1.2609,0.9332,0.9614,1.1892,0.959,0.9883,1.2257
1748798649.333334,1.3702,1.3407,1.5239,0.9133,0.9318,1.1492,1.0331,1.0535,1.237,0.9262,0.9652,1.201,0.967,0.981,1.223
1748798649.4463181,1.3622,1.3495,1.5225,0.8991,0.9281,1.1532,1.0371,1.0543,1.262,0.9292,0.9598,1.197,0.9576,0.9716,1.2319
1748798649.5594969,1.3678,1.352,1.522,0.9058,0.9232,1.1481,1.0369,1.0632,1.2512,0.9386,0.9619,1.1967,0.9563,0.9848,1.2249
1748798649.672368,1.3555,1.3396,1.5231,0.912,0.9273,1.1529,1.035,1.0538,1.266,0.9241,0.9568,1.19,0.9686,0.9866,1.222
1748798649.785559,1.3651,1.3463,1.5236,0.9087,0.9294,1.1489,1.0358,1.0487,1.2502,0.9259,0.9566,1.1989,0.9646,0.981,1.2252
1748798649.898239,1.3611,1.3495,1.5207,0.9039,0.9251,1.1602,1.0463,1.0613,1.2682,0.9198,0.9555,1.1903,0.9584,0.9746,1.2241
1748798650.011301,1.3692,1.3444,1.5266,0.9028,0.931,1.1569,1.0366,1.0541,1.2665,0.9308,0.9686,1.2069,0.9617,0.9864,1.2268
1748798650.1242938,1.3713,1.3383,1.5145,0.9079,0.9214,1.1653,1.0326,1.0498,1.2472,0.9241,0.9592,1.1997,0.9649,0.9724,1.2375
1748798650.238173,1.3619,1.3522,1.5242,0.9034,0.9243,1.1629,1.0296,1.0522,1.2445,0.931,0.9713,1.204,0.9584,0.9818,1.2193
1748798650.3503628,1.3547,1.3485,1.5239,0.9042,0.9313,1.1596,1.0404,1.0422,1.251,0.9329,0.9617,1.1924,0.9482,0.9799,1.2249
1748798650.46349,1.3547,1.3329,1.5212,0.8937,0.9321,1.1513,1.0353,1.0557,1.2348,0.9262,0.9509,1.1862,0.9576,0.9751,1.2096
1748798650.576372,1.36,1.3391,1.5123,0.9095,0.9292,1.1529,1.0242,1.0474,1.2389,0.9232,0.9579,1.1924,0.9627,0.9727,1.2093
1748798650.6892118,1.3635,1.3436,1.5177,0.9074,0.9294,1.1424,1.0288,1.0417,1.2365,0.9219,0.9472,1.1924,0.963,0.9762,1.2045
1748798650.8065002,1.3544,1.341,1.5147,0.905,0.9321,1.1446,1.0261,1.0355,1.237,0.9246,0.9525,1.1919,0.9539,0.9772,1.215
1748798650.915987,1.3579,1.3348,1.5048,0.9031,0.9294,1.1478,1.0283,1.0541,1.2357,0.9335,0.9563,1.1763,0.9641,0.9711,1.2115
1748798651.0284731,1.3641,1.3375,1.5145,0.8999,0.9326,1.1543,1.0264,1.057,1.2563,0.9259,0.9555,1.204,0.9592,0.9737,1.216
1748798651.141504,1.3522,1.3385,1.5172,0.8996,0.9222,1.1451,1.0288,1.0568,1.2389,0.9316,0.9539,1.1908,0.9638,0.9737,1.2099
1748798651.254359,1.3587,1.3396,1.5056,0.9044,0.9249,1.1387,1.0353,1.0592,1.2437,0.927,0.9579,1.1948,0.9625,0.9872,1.2131
1748798651.369845,1.3557,1.3482,1.5102,0.9034,0.9235,1.1373,1.02,1.0602,1.234,0.9249,0.9496,1.1927,0.9681,0.9759,1.2179
1748798651.480435,1.3622,1.3407,1.5078,0.8972,0.9353,1.1363,1.0208,1.0455,1.2327,0.9259,0.949,1.18,0.9641,0.9711,1.2185
1748798651.593484,1.3469,1.3316,1.508,0.8918,0.923,1.1432,1.0248,1.0525,1.2316,0.9259,0.9372,1.1725,0.9568,0.9767,1.1983
1748798651.706292,1.3514,1.3426,1.4994,0.9104,0.9313,1.1416,1.017,1.0439,1.2327,0.9152,0.9488,1.1814,0.9595,0.9665,1.2083
1748798651.819674,1.3495,1.3377,1.5078,0.9034,0.9243,1.1344,1.0334,1.042,1.2292,0.9246,0.9498,1.1776,0.9617,0.9713,1.1962
1748798651.93424,1.3509,1.3358,1.5059,0.913,0.9321,1.14,1.032,1.0371,1.2365,0.9241,0.9504,1.183,0.9619,0.9686,1.2069
1748798652.0453918,1.353,1.3377,1.5099,0.8953,0.9222,1.1336,1.0267,1.0441,1.2354,0.9219,0.9603,1.1736,0.9455,0.9767,1.2023
1748798652.1584399,1.356,1.3458,1.5051,0.905,0.9337,1.1333,1.024,1.0471,1.2284,0.9278,0.9496,1.1758,0.9721,0.9689,1.1954
1748798652.271337,1.3616,1.3364,1.5078,0.8918,0.9284,1.1349,1.0363,1.0412,1.2389,0.9286,0.9544,1.1758,0.9517,0.9708,1.1935
1748798652.387223,1.3552,1.3372,1.5005,0.9074,0.9278,1.1352,1.0283,1.0414,1.2263,0.9243,0.9525,1.1704,0.9619,0.9732,1.2029
1748798652.497509,1.3533,1.338,1.504,0.916,0.931,1.1322,1.0339,1.0401,1.2241,0.9219,0.9582,1.1747,0.9566,0.9727,1.2002
1748798652.6105359,1.3453,1.3256,1.4941,0.9066,0.9286,1.133,1.0294,1.0586,1.2316,0.9235,0.9439,1.1688,0.9563,0.9703,1.2053
1748798652.7233338,1.3471,1.331,1.5024,0.8967,0.9173,1.1422,1.0181,1.0396,1.2303,0.9257,0.9617,1.1817,0.9617,0.9713,1.2109
1748798652.8365922,1.3506,1.3173,1.4968,0.8975,0.9262,1.1379,1.024,1.0452,1.2322,0.9203,0.9482,1.1776,0.9555,0.9764,1.2034
1748798652.950525,1.3431,1.3256,1.5043,0.9015,0.9326,1.1349,1.0202,1.0358,1.226,0.9297,0.9525,1.1752,0.9533,0.9729,1.1997
1748798653.06242,1.3522,1.3345,1.5024,0.8999,0.9251,1.1269,1.0259,1.0444,1.2287,0.9318,0.9515,1.1704,0.9533,0.9754,1.2018
1748798653.1754339,1.3302,1.3286,1.5027,0.8969,0.9313,1.1481,1.0218,1.0388,1.2343,0.9168,0.9463,1.1814,0.9614,0.9592,1.2123
1748798653.288497,1.3571,1.3299,1.5013,0.9071,0.9316,1.1368,1.0256,1.0433,1.2311,0.9292,0.9431,1.1827,0.9531,0.9746,1.2053
1748798653.402194,1.36,1.3289,1.4959,0.8958,0.9208,1.1282,1.0253,1.0468,1.2305,0.916,0.9466,1.1827,0.9544,0.963,1.2104
1748798653.515376,1.3426,1.3278,1.4933,0.8958,0.9284,1.1454,1.0226,1.0404,1.2273,0.9195,0.9442,1.1723,0.9485,0.9654,1.198
1748798653.6274502,1.3458,1.3316,1.5096,0.9034,0.9273,1.1349,1.0318,1.0331,1.2228,0.9211,0.9463,1.1672,0.9544,0.9635,1.1962
1748798653.740351,1.3528,1.3428,1.5016,0.9173,0.9257,1.1338,1.0189,1.0366,1.2276,0.9211,0.9566,1.1843,0.9496,0.9689,1.2061
1748798653.853437,1.3608,1.341,1.5072,0.9136,0.9249,1.1467,1.0267,1.0431,1.2416,0.9257,0.9461,1.1768,0.9614,0.9716,1.2015
1748798653.970994,1.3654,1.3477,1.5196,0.905,0.9224,1.1274,1.0326,1.0573,1.24,0.9316,0.9493,1.1758,0.952,0.9708,1.2096
1748798654.079865,1.371,1.3506,1.5002,0.8996,0.9345,1.1277,1.0302,1.0538,1.2354,0.9286,0.9592,1.1774,0.9579,0.9633,1.198
1748798654.192681,1.3651,1.3487,1.5086,0.8967,0.9243,1.1365,1.0355,1.0474,1.2319,0.9165,0.9439,1.1669,0.9552,0.9665,1.2029
1748798654.305367,1.3654,1.3563,1.5078,0.9128,0.9321,1.1336,1.0302,1.0374,1.2206,0.9211,0.9453,1.176,0.9568,0.9515,1.2034
1748798654.4491122,1.3581,1.3466,1.5115,0.9018,0.9173,1.1201,1.0277,1.0584,1.2171,0.9235,0.9472,1.1717,0.9455,0.9721,1.1989
1748798654.535233,1.3716,1.352,1.5051,0.9071,0.9318,1.1218,1.0323,1.0476,1.2136,0.9324,0.9466,1.1747,0.9566,0.9751,1.1932
1748798654.644565,1.3616,1.3487,1.504,0.912,0.934,1.1293,1.0291,1.0476,1.2225,0.9222,0.9463,1.1626,0.9576,0.9729,1.1999
1748798654.757449,1.3678,1.3504,1.5011,0.9085,0.9267,1.1263,1.0299,1.0377,1.2066,0.9074,0.9506,1.1655,0.9566,0.9689,1.2034
1748798654.8704278,1.3743,1.3401,1.5002,0.9077,0.9224,1.118,1.0326,1.0498,1.2244,0.9171,0.9378,1.1701,0.9525,0.9668,1.2021
1748798654.983537,1.3592,1.3348,1.5094,0.8988,0.9351,1.1285,1.0302,1.0511,1.2083,0.9216,0.9429,1.1822,0.945,0.9689,1.1886
1748798655.098327,1.356,1.3482,1.5019,0.9106,0.9305,1.1196,1.0216,1.039,1.2136,0.9232,0.9528,1.1639,0.9574,0.967,1.1913
1748798655.209675,1.3654,1.3383,1.493,0.9053,0.9251,1.1199,1.0326,1.039,1.2155,0.9281,0.9558,1.1766,0.9445,0.9711,1.1838
1748798655.322458,1.3622,1.3404,1.4949,0.8993,0.9278,1.1218,1.0369,1.0385,1.2228,0.9275,0.952,1.1621,0.9461,0.9705,1.1924
1748798655.435499,1.3675,1.349,1.5064,0.9082,0.9198,1.1161,1.0202,1.0371,1.2225,0.9082,0.9434,1.1682,0.9461,0.9665,1.1937
1748798655.552308,1.371,1.3504,1.4997,0.9026,0.9241,1.1271,1.0269,1.0476,1.2203,0.9238,0.9501,1.1693,0.956,0.9778,1.1897
1748798655.661917,1.3651,1.3504,1.5113,0.9095,0.9267,1.1255,1.0363,1.0393,1.2217,0.9265,0.9515,1.1685,0.9568,0.9646,1.1873
1748798655.774527,1.3694,1.3557,1.5099,0.9085,0.9335,1.1239,1.0229,1.0514,1.222,0.9265,0.9402,1.1749,0.9496,0.9697,1.1782
1748798655.887533,1.3732,1.3434,1.4989,0.8958,0.9192,1.118,1.024,1.0511,1.2177,0.9249,0.9515,1.1602,0.9485,0.9719,1.1787
1748798656.000834,1.3702,1.3506,1.5137,0.9055,0.9181,1.1199,1.0331,1.0457,1.2096,0.9238,0.9568,1.1645,0.9547,0.96,1.1878
1748798656.1145852,1.3673,1.3482,1.5096,0.9095,0.9136,1.1239,1.0342,1.0363,1.2115,0.9144,0.9509,1.1685,0.9474,0.9676,1.176
1748798656.2265868,1.3646,1.3565,1.5199,0.901,0.9335,1.1204,1.0259,1.0584,1.2198,0.9243,0.9442,1.1642,0.9437,0.9649,1.1929
1748798656.339437,1.3729,1.3477,1.5107,0.8958,0.9316,1.1371,1.0197,1.0396,1.23,0.9152,0.9412,1.1817,0.9455,0.9737,1.1967
1748798656.452563,1.3512,1.3444,1.5145,0.912,0.9348,1.1492,1.0251,1.0465,1.2394,0.9157,0.9463,1.1881,0.9515,0.9582,1.2131
1748798656.566659,1.3654,1.3512,1.5244,0.9087,0.9302,1.1419,1.0234,1.0436,1.2579,0.9324,0.9528,1.1927,0.9504,0.9732,1.205
1748798656.67903,1.3651,1.3418,1.519,0.9023,0.9262,1.1494,1.0337,1.0422,1.2418,0.9168,0.9412,1.1835,0.9549,0.9695,1.215
1748798656.79156,1.3641,1.3428,1.5123,0.905,0.9241,1.1508,1.0167,1.0495,1.237,0.927,0.9531,1.1782,0.9423,0.967,1.2174
1748798656.904531,1.3606,1.341,1.5201,0.9079,0.9246,1.1489,1.0275,1.035,1.2472,0.9275,0.9431,1.1989,0.9477,0.9571,1.2064
1748798657.017819,1.3522,1.335,1.5102,0.9044,0.9407,1.1594,1.0361,1.0382,1.2405,0.9147,0.9517,1.1964,0.9582,0.9713,1.2177
1748798657.131208,1.3487,1.342,1.508,0.9018,0.9224,1.1414,1.0285,1.0358,1.2357,0.9238,0.9463,1.1873,0.9498,0.9662,1.2155
1748798657.2436311,1.3444,1.3401,1.5147,0.9063,0.9292,1.1422,1.0218,1.0482,1.2343,0.9198,0.9592,1.1706,0.9431,0.9657,1.2042
1748798657.3564851,1.3544,1.3377,1.5147,0.9093,0.9257,1.1462,1.0294,1.046,1.2287,0.9203,0.9421,1.1755,0.9485,0.9576,1.1962
1748798657.4695501,1.3606,1.3455,1.5094,0.9138,0.9216,1.1371,1.0269,1.0428,1.2362,0.923,0.9364,1.1862,0.9539,0.9716,1.2021
1748798657.5829551,1.3641,1.3439,1.5118,0.901,0.9297,1.1261,1.0296,1.0385,1.2295,0.9206,0.9418,1.1784,0.9477,0.9576,1.1983
1748798657.697397,1.3592,1.3396,1.5105,0.9047,0.9259,1.1411,1.0256,1.0471,1.2236,0.9192,0.9485,1.183,0.9517,0.9681,1.1946
1748798657.808647,1.3544,1.3447,1.5134,0.9125,0.9206,1.1336,1.035,1.0347,1.2303,0.9257,0.9498,1.1838,0.956,0.9587,1.194
1748798657.9215481,1.3603,1.3316,1.5083,0.9087,0.9294,1.14,1.0183,1.0425,1.2281,0.9257,0.9544,1.1715,0.949,0.9778,1.1878
1748798658.034693,1.3487,1.3383,1.5113,0.9101,0.9249,1.1381,1.0296,1.0436,1.2163,0.9265,0.9348,1.1776,0.9582,0.9531,1.1865
1748798658.1474948,1.3665,1.3369,1.5045,0.9079,0.9369,1.1223,1.0296,1.0398,1.219,0.916,0.9536,1.1696,0.9429,0.9587,1.187
1748798658.26112,1.3544,1.3334,1.5037,0.9055,0.9181,1.125,1.0315,1.0441,1.216,0.9198,0.9523,1.1741,0.959,0.9582,1.1921
1748798658.3735528,1.3563,1.3434,1.5035,0.9053,0.9189,1.1317,1.0315,1.0404,1.2209,0.9364,0.9515,1.1784,0.9496,0.9592,1.1892
1748798658.486563,1.363,1.3453,1.5051,0.909,0.9251,1.136,1.031,1.0495,1.2276,0.9173,0.9558,1.1736,0.9523,0.9646,1.1962
1748798658.599591,1.3573,1.3407,1.5011,0.9044,0.9235,1.1357,1.0186,1.0436,1.2252,0.9147,0.9463,1.1795,0.9458,0.9598,1.1946
1748798658.712846,1.3595,1.3383,1.5051,0.9074,0.9224,1.132,1.0232,1.0369,1.2305,0.9192,0.9587,1.1741,0.945,0.9576,1.1962
1748798658.826102,1.3528,1.3383,1.5102,0.9095,0.9316,1.1317,1.0242,1.0431,1.2284,0.9184,0.9477,1.1715,0.9533,0.949,1.1962
1748798658.9385018,1.353,1.3361,1.5086,0.9133,0.9281,1.1416,1.024,1.035,1.2174,0.9155,0.9506,1.172,0.9421,0.9547,1.1908
1748798659.051711,1.3557,1.3385,1.5177,0.9093,0.9273,1.1328,1.0272,1.0379,1.2265,0.9138,0.9469,1.1717,0.9426,0.9579,1.201
1748798659.164596,1.3565,1.3307,1.5091,0.8983,0.9179,1.1352,1.021,1.0353,1.2273,0.9243,0.952,1.1935,0.9595,0.9552,1.2015
1748798659.28038,1.3584,1.3358,1.519,0.9069,0.927,1.1427,1.0175,1.0412,1.2271,0.9198,0.9386,1.179,0.9549,0.9697,1.2147
1748798659.390638,1.3563,1.3385,1.5078,0.8988,0.9224,1.133,1.0288,1.0447,1.2335,0.9179,0.9383,1.183,0.9549,0.9676,1.2037
1748798659.503555,1.3458,1.3364,1.5064,0.9044,0.9372,1.1414,1.024,1.0444,1.2297,0.9222,0.9517,1.1803,0.9512,0.9697,1.1954
1748798659.61662,1.3579,1.3423,1.5153,0.9122,0.9192,1.1427,1.0213,1.0406,1.2249,0.9254,0.9477,1.1725,0.9437,0.9643,1.1884
1748798659.733505,1.3571,1.3383,1.5096,0.9042,0.9326,1.1403,1.0291,1.0414,1.2289,0.9249,0.9474,1.1881,0.9447,0.9724,1.2007
1748798659.842762,1.3469,1.3367,1.5115,0.9063,0.9246,1.1392,1.0237,1.0353,1.2276,0.9165,0.9466,1.1959,0.9582,0.9595,1.1986
1748798659.955588,1.3595,1.3383,1.5002,0.9018,0.9138,1.1478,1.0205,1.0457,1.2254,0.923,0.949,1.1897,0.9549,0.9713,1.2069
1748798660.0686579,1.3547,1.3318,1.5059,0.9042,0.9249,1.1457,1.0178,1.0406,1.2233,0.9251,0.9429,1.1645,0.9453,0.963,1.2053
1748798660.181814,1.345,1.3412,1.4984,0.9004,0.9286,1.1384,1.0256,1.0457,1.2228,0.9198,0.9493,1.1709,0.9461,0.9547,1.1868
1748798660.295181,1.3453,1.3318,1.4925,0.9047,0.9232,1.1384,1.0234,1.0342,1.2198,0.9238,0.9407,1.1631,0.9402,0.9635,1.1959
1748798660.40776,1.3549,1.3396,1.5027,0.9085,0.9251,1.1258,1.0202,1.0433,1.2195,0.9289,0.9515,1.1631,0.9394,0.9657,1.1948
1748798660.520591,1.3439,1.3291,1.493,0.8996,0.9241,1.1312,1.0197,1.0422,1.226,0.927,0.9466,1.1655,0.9466,0.9528,1.1833
1748798660.633655,1.3453,1.3216,1.4852,0.9036,0.9243,1.1218,1.0267,1.0326,1.1999,0.9206,0.9388,1.1599,0.9447,0.9649,1.1776
1748798660.74789,1.3458,1.327,1.5002,0.9071,0.9189,1.1298,1.0261,1.0449,1.2185,0.9275,0.9434,1.1653,0.9461,0.9627,1.1868
1748798660.860262,1.3498,1.3423,1.4874,0.9015,0.9329,1.1228,1.0288,1.0471,1.2139,0.9222,0.9488,1.1661,0.9547,0.9676,1.1843
1748798660.972618,1.3533,1.3329,1.4957,0.9023,0.9251,1.1193,1.0251,1.0404,1.2171,0.9181,0.9399,1.1653,0.9463,0.9643,1.1809
1748798661.0857458,1.342,1.334,1.5032,0.9077,0.9246,1.1185,1.0291,1.0296,1.2093,0.923,0.9466,1.1698,0.9391,0.9598,1.1792
1748798661.198638,1.3485,1.3361,1.4978,0.8921,0.9259,1.1207,1.021,1.0318,1.2064,0.9232,0.9399,1.1572,0.9485,0.9455,1.1766
1748798661.315012,1.3538,1.3248,1.4968,0.9079,0.9321,1.1253,1.0162,1.0412,1.2061,0.9157,0.9407,1.1744,0.9429,0.9625,1.1803
1748798661.424932,1.352,1.3251,1.4882,0.9012,0.9171,1.1188,1.0175,1.0369,1.2099,0.9163,0.9587,1.1739,0.9426,0.9617,1.1806
1748798661.537695,1.3463,1.3216,1.4935,0.9053,0.9179,1.1298,1.0191,1.0345,1.2045,0.9187,0.9485,1.1618,0.9458,0.9587,1.1771
1748798661.6507678,1.3463,1.334,1.4994,0.9069,0.9176,1.125,1.0162,1.0457,1.2142,0.9262,0.9418,1.1578,0.9461,0.9517,1.1723
1748798661.763926,1.3426,1.3345,1.497,0.9031,0.9149,1.1099,1.0213,1.0342,1.2136,0.9198,0.9407,1.1535,0.9455,0.9611,1.1776
1748798661.877342,1.3444,1.3337,1.4962,0.9122,0.9313,1.1148,1.0208,1.0425,1.212,0.9184,0.952,1.1693,0.9528,0.9582,1.1825
1748798661.9896781,1.3533,1.3434,1.5019,0.912,0.9189,1.1204,1.0342,1.0393,1.2142,0.9227,0.9485,1.1591,0.9361,0.9574,1.1895
1748798662.102772,1.3667,1.3525,1.5129,0.9071,0.9343,1.1212,1.0261,1.049,1.2128,0.9155,0.9402,1.165,0.9378,0.949,1.1725
1748798662.2159119,1.3769,1.3522,1.5145,0.913,0.9254,1.1261,1.0347,1.0653,1.2163,0.916,0.9383,1.1548,0.9477,0.952,1.1774
1748798662.3306088,1.3681,1.3501,1.5013,0.9053,0.9286,1.1148,1.0277,1.0406,1.2048,0.9176,0.9549,1.1586,0.9566,0.9523,1.1865
1748798662.442496,1.3665,1.3573,1.5078,0.9061,0.9179,1.1169,1.0291,1.0468,1.2152,0.9216,0.9348,1.1588,0.9345,0.9595,1.1733
1748798662.5546591,1.3659,1.3493,1.515,0.9125,0.9313,1.1204,1.0288,1.0431,1.2128,0.9152,0.945,1.1543,0.9463,0.9549,1.1747
1748798662.6678772,1.3678,1.3544,1.5096,0.9069,0.9265,1.1145,1.0283,1.0519,1.2139,0.9149,0.9372,1.1642,0.9447,0.9574,1.176
1748798662.7806458,1.3735,1.3595,1.5188,0.8996,0.9249,1.1107,1.0353,1.031,1.2201,0.9206,0.9485,1.1612,0.9445,0.952,1.1865
1748798662.898465,1.3769,1.3614,1.519,0.9128,0.9326,1.1185,1.0331,1.0541,1.222,0.9203,0.9528,1.1599,0.9622,0.963,1.19
1748798663.00728,1.3818,1.359,1.515,0.9055,0.9243,1.1218,1.0369,1.0379,1.215,0.9232,0.9407,1.1688,0.9453,0.96,1.1792
1748798663.1197782,1.3888,1.3643,1.5182,0.9136,0.9292,1.1137,1.039,1.0398,1.2201,0.9189,0.9447,1.169,0.9498,0.9697,1.1908
1748798663.232842,1.3834,1.3595,1.5215,0.905,0.9284,1.1183,1.0328,1.0498,1.1999,0.9278,0.948,1.1572,0.9359,0.9498,1.1814
1748798663.34587,1.3909,1.3581,1.5174,0.9071,0.9216,1.1073,1.0307,1.0449,1.2126,0.9179,0.9431,1.1569,0.9566,0.9549,1.1787
1748798663.460177,1.3855,1.3786,1.5158,0.9136,0.9412,1.1121,1.0353,1.0428,1.2093,0.916,0.9437,1.1604,0.9426,0.9539,1.1766
1748798663.571717,1.3858,1.3675,1.5185,0.9136,0.9378,1.1167,1.0355,1.0506,1.2101,0.9267,0.9533,1.1669,0.9512,0.9662,1.1779
1748798663.684833,1.3812,1.37,1.5182,0.9106,0.9251,1.1124,1.0259,1.0554,1.2214,0.9128,0.9447,1.1645,0.9482,0.9523,1.1854
1748798663.7977338,1.3885,1.3657,1.5177,0.9069,0.9278,1.1218,1.0253,1.0516,1.2254,0.9087,0.945,1.1596,0.941,0.9617,1.1817
1748798663.914148,1.4108,1.3826,1.536,0.9082,0.9289,1.1191,1.0382,1.0554,1.2163,0.9316,0.949,1.1682,0.952,0.9619,1.1962
1748798664.0239182,1.4151,1.3979,1.5491,0.9101,0.9348,1.1236,1.0398,1.0417,1.2289,0.9262,0.9466,1.1736,0.9434,0.9558,1.1878
1748798664.13669,1.4293,1.4062,1.5567,0.923,0.9267,1.1347,1.0637,1.0785,1.2469,0.934,0.9399,1.1798,0.9453,0.9625,1.2069
1748798664.2497249,1.4194,1.4049,1.5558,0.9077,0.9297,1.1368,1.0586,1.0721,1.2574,0.9292,0.9482,1.1792,0.9463,0.9697,1.1999
1748798664.362993,1.4237,1.3976,1.5499,0.9039,0.9412,1.1312,1.0702,1.0686,1.2408,0.9257,0.9504,1.1763,0.9466,0.9549,1.1959
1748798664.477105,1.4258,1.406,1.5432,0.9047,0.9356,1.1261,1.0541,1.0702,1.2238,0.923,0.9509,1.179,0.9361,0.9603,1.1905
1748798664.588667,1.4172,1.3869,1.5344,0.9168,0.9246,1.1261,1.0431,1.0557,1.2241,0.9214,0.9533,1.169,0.9369,0.9498,1.1999
1748798664.701805,1.4135,1.3939,1.5456,0.9136,0.9359,1.1242,1.05,1.057,1.2284,0.9171,0.9512,1.179,0.9388,0.9429,1.2015
1748798664.814807,1.3987,1.3761,1.5317,0.9036,0.9391,1.1309,1.0557,1.0643,1.2332,0.9211,0.9412,1.1798,0.9439,0.9549,1.1903
1748798664.9293592,1.3963,1.3697,1.5314,0.9138,0.927,1.1381,1.0476,1.0549,1.2413,0.9232,0.9463,1.1672,0.9528,0.9555,1.204
1748798665.04187,1.4,1.3692,1.5311,0.9206,0.9267,1.1441,1.0412,1.0616,1.2332,0.9284,0.9445,1.1886,0.9447,0.9566,1.1962
1748798665.153738,1.3877,1.371,1.5268,0.9012,0.931,1.1242,1.0358,1.0624,1.2233,0.9117,0.9391,1.1677,0.9367,0.9552,1.1916
1748798665.266779,1.3863,1.3705,1.5395,0.9104,0.9318,1.1295,1.0328,1.0511,1.2279,0.9203,0.941,1.1755,0.9466,0.956,1.1854
1748798665.379957,1.3974,1.3659,1.5327,0.9055,0.9313,1.121,1.0318,1.053,1.2289,0.9203,0.9536,1.1792,0.9369,0.9531,1.1895
1748798665.49336,1.3915,1.3694,1.5158,0.9117,0.9171,1.1191,1.0409,1.0602,1.2292,0.9275,0.938,1.1604,0.9453,0.9472,1.1838
1748798665.6057432,1.3855,1.3592,1.518,0.9069,0.927,1.1312,1.0291,1.0543,1.2187,0.9219,0.9429,1.1774,0.9404,0.9646,1.1946
1748798665.719017,1.3834,1.3673,1.5287,0.9136,0.9262,1.1188,1.0412,1.0519,1.2222,0.9238,0.9367,1.1583,0.9318,0.9455,1.1728
1748798665.831906,1.3877,1.3659,1.5107,0.9015,0.923,1.1282,1.0439,1.0519,1.2209,0.919,0.9375,1.1655,0.9351,0.956,1.1787
1748798665.9477792,1.3845,1.3662,1.5188,0.8999,0.9262,1.1132,1.0355,1.0576,1.2198,0.9286,0.9418,1.1604,0.948,0.9461,1.1838
1748798666.058812,1.3839,1.363,1.5156,0.9098,0.9345,1.1207,1.042,1.0522,1.2297,0.9195,0.9431,1.1559,0.9442,0.9525,1.1755
1748798666.170725,1.3877,1.3627,1.5209,0.9055,0.9335,1.1263,1.032,1.06,1.2198,0.9184,0.9383,1.1688,0.934,0.9523,1.1921
1748798666.283752,1.3888,1.3627,1.5212,0.9066,0.9227,1.1344,1.0379,1.0476,1.2203,0.9176,0.9404,1.1723,0.9426,0.9582,1.1822
1748798666.3967848,1.3872,1.363,1.5217,0.9069,0.9278,1.1239,1.0339,1.046,1.2249,0.9243,0.9501,1.1583,0.9412,0.9515,1.1892
1748798666.514645,1.388,1.3686,1.5239,0.9104,0.9378,1.1091,1.0363,1.0479,1.2128,0.92,0.9544,1.1575,0.9485,0.9579,1.1811
1748798666.6233118,1.3858,1.363,1.5134,0.9152,0.931,1.1228,1.0345,1.0495,1.2177,0.9192,0.9482,1.1621,0.9394,0.9498,1.1787
1748798666.735851,1.3928,1.3729,1.5142,0.9044,0.9273,1.1196,1.0398,1.0554,1.2109,0.9211,0.9517,1.1457,0.9426,0.9584,1.179
1748798666.849014,1.3882,1.367,1.5182,0.9053,0.9249,1.1158,1.0304,1.0514,1.2042,0.9251,0.9482,1.1559,0.9482,0.9654,1.1766
1748798666.962249,1.389,1.3716,1.525,0.9071,0.9364,1.1094,1.031,1.0457,1.2144,0.9187,0.9402,1.1532,0.9485,0.9539,1.1661
1748798667.0768461,1.3796,1.3745,1.5199,0.916,0.9184,1.1185,1.0283,1.0417,1.2109,0.9198,0.9506,1.1634,0.9558,0.9549,1.1782
