timestamp,R0C0,R0C1,R0C2,R1C0,R1C1,R1C2,R2C0,R2C1,R2C2,R3C0,R3C1,R3C2,R4C0,R4C1,R4C2
1748905879.511132,2.5951,2.5422,2.6663,2.6403,2.6139,2.6489,2.7252,2.7031,2.7638,2.679,2.7152,2.8686,2.6674,2.7329,2.8772
1748905879.513279,2.6005,2.5433,2.6653,2.6419,2.6139,2.6486,2.7243,2.7029,2.7649,2.6768,2.7171,2.8718,2.669,2.737,2.8839
1748905879.519679,2.597,2.5411,2.6674,2.6408,2.6169,2.6483,2.7252,2.7053,2.7657,2.6816,2.7152,2.8683,2.6677,2.7375,2.8783
1748905879.59747,2.5954,2.5417,2.6626,2.6387,2.6129,2.6489,2.7217,2.6969,2.7593,2.6755,2.7128,2.8648,2.6671,2.7359,2.8756
1748905879.710778,2.5965,2.5425,2.6626,2.6408,2.6174,2.6502,2.7238,2.6967,2.7606,2.6824,2.7133,2.8673,2.6687,2.7329,2.8764
1748905879.8248162,2.5968,2.5438,2.6658,2.6387,2.6147,2.6494,2.723,2.6975,2.7646,2.6798,2.7149,2.8726,2.6698,2.7372,2.8801
1748905879.940125,2.5941,2.5422,2.6658,2.6397,2.6131,2.6518,2.7217,2.701,2.7663,2.6792,2.7141,2.867,2.6679,2.7346,2.8767
1748905880.052778,2.5927,2.542,2.6615,2.6381,2.6158,2.6491,2.7292,2.7018,2.7628,2.6784,2.7123,2.8707,2.6666,2.7362,2.8818
1748905880.167835,2.5962,2.5433,2.6631,2.6365,2.6172,2.6473,2.7235,2.6994,2.7636,2.6808,2.7176,2.8697,2.6741,2.7402,2.8853
1748905880.2808719,2.5959,2.5411,2.6604,2.6373,2.6129,2.6483,2.7265,2.7004,2.7663,2.6838,2.7182,2.8673,2.6712,2.7364,2.8858
1748905880.399648,2.5922,2.5403,2.6601,2.6362,2.6142,2.6475,2.7233,2.7004,2.7705,2.6835,2.719,2.8683,2.6712,2.741,2.8828
1748905880.508883,2.5949,2.5403,2.6618,2.64,2.6174,2.6507,2.7268,2.7029,2.7609,2.6795,2.7206,2.8729,2.6798,2.752,2.8992
1748905880.6228218,2.593,2.5395,2.6615,2.6384,2.6174,2.6475,2.7281,2.7018,2.7646,2.6827,2.7203,2.8716,2.6749,2.7445,2.8917
1748905880.736802,2.5938,2.5403,2.6642,2.6384,2.6166,2.6475,2.7225,2.7015,2.7654,2.6814,2.7195,2.8758,2.6741,2.7483,2.8963
1748905880.85118,2.593,2.5379,2.6644,2.6319,2.6096,2.644,2.7227,2.7021,2.7641,2.6768,2.7155,2.8694,2.6631,2.7284,2.8767
1748905880.9649868,2.5919,2.5409,2.6607,2.6327,2.6094,2.6438,2.7276,2.7034,2.7689,2.6744,2.7093,2.8667,2.6596,2.727,2.8753
1748905881.07895,2.5943,2.5411,2.6666,2.6317,2.6107,2.6464,2.7276,2.7061,2.7652,2.6798,2.7184,2.8742,2.6596,2.7252,2.8767
1748905881.1928818,2.5925,2.5401,2.6644,2.6341,2.6096,2.6435,2.7262,2.7029,2.7622,2.679,2.7176,2.8732,2.6618,2.7241,2.8745
1748905881.312632,2.5935,2.5382,2.661,2.6346,2.6105,2.6443,2.7241,2.7007,2.7654,2.6811,2.7158,2.8705,2.6631,2.7243,2.8761
1748905881.421682,2.5938,2.5382,2.6628,2.636,2.6123,2.647,2.727,2.6991,2.7628,2.6819,2.7195,2.8761,2.6596,2.7219,2.8753
1748905881.534917,2.593,2.5409,2.6626,2.6336,2.6107,2.6454,2.7209,2.6956,2.7617,2.6843,2.7222,2.8769,2.6615,2.7276,2.8826
1748905881.648937,2.5925,2.5395,2.6599,2.6311,2.611,2.6446,2.7233,2.6999,2.7617,2.6832,2.72,2.8761,2.6615,2.7265,2.8769
1748905881.7630851,2.5895,2.5401,2.6588,2.6317,2.6064,2.6432,2.7278,2.7015,2.7628,2.6884,2.7227,2.8758,2.6596,2.7268,2.8758
1748905881.8781152,2.5919,2.5385,2.661,2.6352,2.611,2.647,2.7284,2.7031,2.7644,2.687,2.7233,2.8783,2.6593,2.7268,2.8775
1748905881.991064,2.5919,2.5398,2.6588,2.6322,2.608,2.6432,2.7276,2.6983,2.7628,2.6892,2.7265,2.8756,2.6577,2.7252,2.8742
1748905882.1048808,2.5914,2.5382,2.658,2.6344,2.6094,2.6435,2.7262,2.7037,2.7652,2.6886,2.7289,2.8777,2.658,2.7286,2.8721
1748905882.2188952,2.593,2.5398,2.6604,2.6373,2.6105,2.6456,2.7222,2.7004,2.7625,2.6916,2.7311,2.8793,2.6567,2.7286,2.8745
1748905882.3329248,2.5908,2.5371,2.662,2.6346,2.6118,2.6446,2.7227,2.6951,2.7587,2.69,2.7324,2.8863,2.6591,2.7297,2.8823
1748905882.447458,2.5906,2.5385,2.6601,2.6368,2.608,2.6443,2.7214,2.698,2.759,2.6908,2.7273,2.8826,2.6577,2.726,2.8801
1748905882.5610828,2.5919,2.5374,2.6601,2.6319,2.6086,2.6427,2.72,2.6964,2.7574,2.6862,2.7246,2.8761,2.6561,2.7214,2.8753
1748905882.67505,2.5908,2.5368,2.6596,2.6357,2.6091,2.6424,2.7246,2.701,2.7633,2.6827,2.7209,2.8758,2.6591,2.7257,2.8764
1748905882.7890508,2.5871,2.5342,2.6585,2.6325,2.6102,2.6411,2.7238,2.7031,2.7625,2.6859,2.72,2.8793,2.6567,2.7233,2.8745
1748905882.905913,2.5898,2.5339,2.6553,2.6325,2.6053,2.6424,2.7273,2.7045,2.7644,2.6749,2.7131,2.8721,2.6537,2.72,2.8737
1748905883.017571,2.5919,2.5377,2.6583,2.6376,2.6129,2.643,2.7262,2.701,2.7617,2.6795,2.7192,2.8732,2.6569,2.7222,2.8726
1748905883.130927,2.5908,2.5358,2.6588,2.6357,2.6113,2.643,2.723,2.7012,2.7577,2.6835,2.7214,2.8769,2.6521,2.7211,2.8753
1748905883.244992,2.5898,2.5387,2.6545,2.6322,2.6096,2.643,2.7227,2.6986,2.7617,2.6822,2.7206,2.8745,2.6577,2.7238,2.8745
1748905883.3592472,2.5911,2.5355,2.6569,2.6354,2.6096,2.6424,2.7211,2.6978,2.756,2.6849,2.723,2.8772,2.6575,2.7289,2.8793
1748905883.47715,2.5935,2.5409,2.6593,2.6424,2.6196,2.6491,2.726,2.7015,2.7606,2.6886,2.7286,2.8826,2.6661,2.7421,2.885
1748905883.58751,2.5908,2.5371,2.6542,2.6322,2.6078,2.6336,2.7214,2.6959,2.7542,2.6854,2.7217,2.875,2.6577,2.7276,2.8724
1748905883.70092,2.5916,2.5344,2.6548,2.629,2.6083,2.6384,2.7203,2.6926,2.7469,2.6881,2.7238,2.8745,2.661,2.7257,2.8721
1748905883.814977,2.5927,2.5377,2.6553,2.6301,2.6043,2.6352,2.7174,2.6924,2.748,2.6857,2.7249,2.8721,2.6556,2.7235,2.8713
1748905883.929132,2.5933,2.5385,2.6567,2.6322,2.6035,2.6373,2.7182,2.694,2.7483,2.6859,2.7222,2.8729,2.6583,2.7246,2.8729
1748905884.043797,2.5919,2.539,2.6572,2.6293,2.6021,2.6349,2.7098,2.6916,2.7466,2.6835,2.7252,2.8769,2.6558,2.7273,2.8756
1748905884.1571898,2.5925,2.5363,2.655,2.6282,2.6011,2.633,2.7112,2.6873,2.7491,2.6851,2.7246,2.8721,2.6553,2.7227,2.8729
1748905884.271123,2.5925,2.5385,2.6548,2.6276,2.5986,2.6336,2.7149,2.6875,2.7466,2.6824,2.7206,2.8729,2.655,2.7246,2.8729
1748905884.3849459,2.5922,2.539,2.6521,2.6266,2.6005,2.6341,2.7192,2.6908,2.7485,2.6816,2.7211,2.8734,2.6558,2.7227,2.8686
1748905884.5005388,2.5919,2.5377,2.6532,2.6255,2.6013,2.6336,2.7136,2.6926,2.7477,2.6843,2.7219,2.8745,2.6591,2.7227,2.8756
1748905884.613539,2.5911,2.5395,2.655,2.6276,2.6013,2.6387,2.7171,2.6889,2.7477,2.6811,2.7214,2.8748,2.6558,2.7268,2.8726
1748905884.727284,2.5916,2.5385,2.658,2.6247,2.6016,2.637,2.7152,2.6937,2.7472,2.6822,2.7203,2.8724,2.6575,2.7252,2.8745
1748905884.841088,2.5941,2.5377,2.6556,2.6266,2.6045,2.6344,2.7152,2.6841,2.7445,2.6824,2.7214,2.874,2.655,2.7276,2.8737
1748905884.954983,2.5914,2.5368,2.6529,2.626,2.6021,2.6317,2.7109,2.6867,2.7464,2.683,2.719,2.8716,2.6553,2.7227,2.874
1748905885.076351,2.5908,2.5395,2.6564,2.6228,2.5997,2.6325,2.7066,2.6846,2.7456,2.6849,2.7209,2.8713,2.6567,2.7268,2.8702
1748905885.183159,2.5935,2.5395,2.658,2.6247,2.6027,2.6352,2.7109,2.6846,2.7466,2.6792,2.7192,2.8702,2.6558,2.7209,2.8705
1748905885.296992,2.5938,2.5393,2.6567,2.6255,2.6032,2.6327,2.7082,2.6849,2.7461,2.6795,2.7141,2.8627,2.654,2.7241,2.8729
1748905885.4111202,2.5922,2.5398,2.6567,2.6255,2.6019,2.6344,2.7101,2.687,2.7453,2.6747,2.7133,2.8643,2.6561,2.7214,2.8718
1748905885.5251021,2.5916,2.5377,2.6529,2.6255,2.6013,2.6349,2.708,2.6878,2.7466,2.6749,2.7166,2.863,2.6558,2.723,2.8721
1748905885.639387,2.5922,2.5374,2.6521,2.6247,2.6011,2.633,2.7109,2.6865,2.7423,2.6741,2.7125,2.8608,2.6545,2.7209,2.8683
1748905885.753005,2.5908,2.5393,2.658,2.6282,2.604,2.6327,2.7125,2.6878,2.7469,2.6717,2.7088,2.8611,2.6556,2.7233,2.8732
1748905885.867072,2.5922,2.5403,2.6548,2.6282,2.6013,2.6354,2.7093,2.6881,2.7445,2.6738,2.7115,2.8621,2.6564,2.7233,2.8724
1748905885.981048,2.5927,2.5374,2.6545,2.6287,2.6035,2.637,2.709,2.6803,2.7445,2.673,2.7141,2.8611,2.6564,2.7281,2.8702
1748905886.09616,2.5916,2.5347,2.6556,2.629,2.6027,2.6319,2.7061,2.6843,2.7423,2.6701,2.7112,2.8597,2.6548,2.7254,2.8697
1748905886.209182,2.5925,2.5395,2.6545,2.6274,2.6059,2.6314,2.709,2.6862,2.7429,2.6709,2.7155,2.8619,2.6553,2.7252,2.871
1748905886.323071,2.5938,2.5403,2.6534,2.6287,2.6035,2.6333,2.7082,2.6867,2.7448,2.6733,2.712,2.8611,2.6567,2.7219,2.8694
1748905886.437145,2.5911,2.5379,2.6558,2.629,2.6029,2.6327,2.7109,2.6838,2.7466,2.6749,2.7203,2.8635,2.6548,2.7238,2.8659
1748905886.552335,2.5927,2.5401,2.6524,2.629,2.6053,2.6336,2.7106,2.6892,2.7464,2.6765,2.716,2.8624,2.6553,2.7241,2.8697
1748905886.665216,2.5959,2.5406,2.6564,2.6303,2.604,2.6333,2.7104,2.6857,2.7458,2.6792,2.7192,2.8683,2.6558,2.7214,2.8664
1748905886.7791271,2.5954,2.5409,2.6561,2.6295,2.6037,2.6341,2.7117,2.6902,2.7426,2.6811,2.7206,2.8662,2.655,2.7238,2.8699
1748905886.893297,2.5927,2.5379,2.6545,2.6266,2.6029,2.6338,2.7098,2.6857,2.745,2.6827,2.7209,2.8659,2.6558,2.7276,2.8659
1748905887.007864,2.5933,2.5403,2.6564,2.6276,2.604,2.6322,2.7072,2.6854,2.7448,2.6768,2.7182,2.8611,2.6583,2.7238,2.8689
1748905887.122498,2.5941,2.5379,2.6583,2.6295,2.6043,2.6376,2.7117,2.6875,2.7431,2.6765,2.7187,2.8632,2.6564,2.7262,2.8702
1748905887.235224,2.5951,2.5406,2.6593,2.6279,2.6043,2.633,2.7128,2.6902,2.748,2.6768,2.7171,2.8632,2.6583,2.7252,2.8667
1748905887.349109,2.5962,2.5406,2.6572,2.6271,2.6002,2.6338,2.7088,2.6875,2.7461,2.6765,2.7187,2.8643,2.6548,2.7219,2.8654
1748905887.463168,2.5994,2.546,2.661,2.6247,2.6013,2.6314,2.7171,2.694,2.7483,2.68,2.7198,2.8745,2.6524,2.7268,2.8726
1748905887.580404,2.6005,2.5452,2.6593,2.6276,2.6027,2.6336,2.7139,2.6892,2.7483,2.68,2.7195,2.8707,2.6558,2.7241,2.8729
1748905887.6915479,2.5973,2.5417,2.662,2.6268,2.6008,2.6341,2.7117,2.6902,2.7458,2.6795,2.7195,2.8726,2.6572,2.7252,2.8721
1748905887.805228,2.6005,2.5449,2.6631,2.6284,2.6029,2.6352,2.7152,2.6892,2.7448,2.6806,2.7217,2.8699,2.6564,2.7268,2.8718
1748905887.919147,2.5959,2.5446,2.6596,2.6244,2.597,2.6303,2.7112,2.6873,2.745,2.6755,2.72,2.8667,2.6537,2.7219,2.8724
1748905888.033205,2.6008,2.5468,2.6585,2.6231,2.6002,2.6306,2.7149,2.6929,2.7456,2.673,2.7139,2.8662,2.6532,2.7262,2.8694
1748905888.148381,2.5994,2.543,2.6583,2.6199,2.5978,2.6311,2.701,2.6843,2.7399,2.6747,2.7149,2.8627,2.6534,2.7225,2.8681
1748905888.2618911,2.5962,2.5425,2.6596,2.6217,2.5973,2.6325,2.7072,2.6838,2.738,2.673,2.7141,2.8635,2.6601,2.7268,2.8702
1748905888.375285,2.5976,2.5433,2.6591,2.6242,2.5997,2.633,2.708,2.68,2.7351,2.6757,2.716,2.8689,2.6583,2.7235,2.8697
1748905888.4895868,2.5997,2.542,2.662,2.6217,2.5992,2.6327,2.7055,2.6846,2.7394,2.6773,2.7176,2.8686,2.6553,2.7249,2.8707
1748905888.609248,2.5984,2.5446,2.661,2.6215,2.6019,2.633,2.7066,2.6795,2.7378,2.6776,2.72,2.8705,2.6567,2.7246,2.8732
1748905888.7173162,2.6011,2.5444,2.661,2.6193,2.5997,2.6346,2.7063,2.6843,2.741,2.68,2.7179,2.8689,2.6561,2.7243,2.8683
1748905888.831251,2.5965,2.5425,2.6612,2.6231,2.6013,2.6319,2.7055,2.6811,2.7407,2.6787,2.719,2.8699,2.6561,2.7243,2.8681
1748905888.94524,2.6056,2.5446,2.6604,2.6244,2.6021,2.6317,2.7055,2.6851,2.741,2.6814,2.7198,2.875,2.6572,2.7257,2.8713
1748905889.059416,2.6024,2.546,2.6618,2.6217,2.597,2.6306,2.7061,2.6841,2.7415,2.6771,2.7115,2.8699,2.6591,2.7262,2.8758
1748905889.174145,2.6013,2.5446,2.6572,2.622,2.6002,2.6303,2.708,2.6865,2.7421,2.673,2.7101,2.867,2.6567,2.7243,2.8675
1748905889.287457,2.5984,2.5417,2.6572,2.6236,2.597,2.6311,2.7063,2.6832,2.7442,2.6706,2.7098,2.8638,2.6577,2.7257,2.8724
1748905889.401197,2.5965,2.5401,2.6583,2.6244,2.6002,2.6333,2.7037,2.6865,2.7421,2.6695,2.7106,2.8632,2.6556,2.7262,2.8716
1748905889.515177,2.5978,2.5457,2.6569,2.6215,2.5986,2.6317,2.7069,2.6862,2.7378,2.6698,2.709,2.8608,2.6553,2.7235,2.8683
1748905889.631828,2.6027,2.5471,2.6588,2.6212,2.5986,2.6325,2.7012,2.6822,2.7378,2.6749,2.7133,2.8654,2.6561,2.723,2.8686
1748905889.74326,2.6043,2.5473,2.6644,2.6217,2.5992,2.6338,2.7055,2.6849,2.7442,2.6752,2.7117,2.8632,2.655,2.7233,2.8675
1748905889.857471,2.6035,2.5463,2.6626,2.6255,2.6011,2.6357,2.7023,2.6846,2.7445,2.669,2.7085,2.8664,2.6588,2.7286,2.8721
1748905889.972149,2.6032,2.5522,2.6644,2.6236,2.5994,2.6314,2.7047,2.6841,2.7461,2.6687,2.7053,2.8673,2.6642,2.7243,2.8734
1748905890.085475,2.6029,2.5505,2.6626,2.6233,2.5992,2.6354,2.7026,2.6832,2.7423,2.669,2.7069,2.86,2.6604,2.7252,2.8734
1748905890.1993668,2.6045,2.5481,2.6661,2.6252,2.6021,2.6368,2.7039,2.6832,2.7448,2.6706,2.7104,2.8662,2.6596,2.7276,2.8729
1748905890.313359,2.6037,2.5492,2.6599,2.6252,2.5994,2.6344,2.7066,2.6835,2.744,2.6712,2.7123,2.8697,2.6577,2.726,2.8745
1748905890.427317,2.6045,2.55,2.6612,2.6236,2.6021,2.6336,2.7058,2.6849,2.7434,2.6706,2.7085,2.8646,2.6601,2.7273,2.8699
1748905890.541354,2.6043,2.5497,2.6644,2.6247,2.6021,2.636,2.7074,2.69,2.7461,2.6704,2.7155,2.8724,2.6569,2.727,2.8721
1748905890.659816,2.6078,2.5487,2.6634,2.6247,2.6021,2.6397,2.7063,2.687,2.7464,2.673,2.7152,2.8694,2.6583,2.7281,2.8713
1748905890.769834,2.6045,2.5487,2.6644,2.626,2.6024,2.6389,2.708,2.6905,2.7488,2.6728,2.7182,2.8702,2.658,2.7265,2.8718
1748905890.883296,2.6016,2.55,2.662,2.6284,2.604,2.6338,2.7096,2.6889,2.7466,2.6706,2.7088,2.8654,2.6564,2.7219,2.8748
1748905890.9972649,2.604,2.5495,2.6628,2.6266,2.6048,2.6368,2.7077,2.6894,2.7464,2.6693,2.7098,2.8683,2.655,2.7254,2.8761
1748905891.111291,2.6008,2.5452,2.6596,2.6268,2.6029,2.6376,2.7058,2.6886,2.7453,2.6695,2.7096,2.8648,2.6537,2.7241,2.875
1748905891.230516,2.6037,2.5444,2.6583,2.6231,2.6005,2.6338,2.7066,2.6841,2.7448,2.6712,2.7144,2.8673,2.654,2.7227,2.8729
1748905891.3395278,2.6005,2.5457,2.6596,2.6276,2.6043,2.636,2.708,2.6873,2.7458,2.672,2.7128,2.8673,2.6556,2.7268,2.8745
1748905891.4533179,2.5989,2.5481,2.6604,2.6255,2.6002,2.6362,2.709,2.6867,2.7464,2.6725,2.7117,2.8651,2.6556,2.7235,2.8707
1748905891.5673459,2.6024,2.5481,2.6631,2.6263,2.6008,2.6352,2.7088,2.6916,2.7464,2.6744,2.7117,2.8667,2.6537,2.7257,2.8748
1748905891.6820202,2.6037,2.5516,2.6647,2.6263,2.6005,2.6362,2.7066,2.6892,2.7466,2.6781,2.7174,2.8667,2.6532,2.723,2.8716
1748905891.7955992,2.6045,2.5503,2.6615,2.6284,2.6005,2.637,2.7098,2.6886,2.7469,2.6787,2.7174,2.867,2.6572,2.7249,2.8764
1748905891.909503,2.6107,2.5511,2.6604,2.6284,2.6045,2.6387,2.7117,2.6881,2.7466,2.6763,2.7206,2.8707,2.6583,2.7257,2.8748
1748905892.023478,2.6075,2.5487,2.662,2.6274,2.6048,2.636,2.7106,2.6878,2.7472,2.6717,2.7171,2.8656,2.658,2.7252,2.874
1748905892.1374211,2.6032,2.5473,2.6626,2.6282,2.6043,2.636,2.7093,2.6886,2.7461,2.673,2.7168,2.8683,2.6585,2.73,2.8734
1748905892.252278,2.6051,2.546,2.6623,2.626,2.6048,2.6376,2.7096,2.687,2.7456,2.6687,2.7125,2.8678,2.6513,2.726,2.8742
1748905892.365319,2.6059,2.5497,2.6612,2.6266,2.6043,2.6352,2.7077,2.6875,2.7461,2.6725,2.7128,2.8678,2.6564,2.7262,2.8761
1748905892.479379,2.6013,2.5465,2.6599,2.6274,2.5997,2.637,2.7101,2.6854,2.7464,2.6706,2.7131,2.8624,2.655,2.7262,2.8748
1748905892.593348,2.6027,2.5468,2.6604,2.6274,2.6043,2.6346,2.7069,2.687,2.7453,2.669,2.7106,2.863,2.6591,2.7289,2.8748
1748905892.708056,2.6029,2.5465,2.6601,2.6274,2.6032,2.6352,2.7063,2.6854,2.7458,2.6679,2.7085,2.8659,2.6572,2.7295,2.8742
1748905892.822145,2.6051,2.5457,2.6601,2.6274,2.6016,2.6354,2.7066,2.6865,2.7477,2.669,2.7082,2.8587,2.6572,2.7292,2.8742
1748905892.9354172,2.6032,2.5417,2.6567,2.6293,2.604,2.6346,2.7074,2.6873,2.7456,2.6698,2.7131,2.8611,2.6556,2.7278,2.8697
1748905893.0494149,2.6011,2.5409,2.6572,2.6293,2.6053,2.6333,2.7082,2.687,2.7461,2.6728,2.712,2.867,2.6585,2.7276,2.8761
1748905893.163415,2.6021,2.5436,2.6623,2.6298,2.6032,2.6368,2.7149,2.6897,2.7472,2.6714,2.7136,2.8678,2.6575,2.7316,2.8732
1748905893.2774248,2.6019,2.5452,2.662,2.6263,2.6013,2.6344,2.7136,2.6849,2.7472,2.6738,2.7096,2.8664,2.6567,2.7262,2.8761
1748905893.391509,2.6019,2.5438,2.6588,2.6274,2.5992,2.6357,2.7133,2.6894,2.7469,2.6722,2.7155,2.8664,2.6542,2.7292,2.8742
1748905893.5056021,2.6024,2.5436,2.6591,2.6295,2.604,2.6354,2.7123,2.6865,2.748,2.6695,2.7147,2.8678,2.6534,2.7268,2.8724
1748905893.619543,2.6016,2.5438,2.6612,2.6252,2.6027,2.6333,2.7074,2.69,2.7466,2.6695,2.7101,2.8635,2.651,2.7262,2.8748
1748905893.734005,2.6027,2.5463,2.6615,2.6231,2.6005,2.6319,2.7093,2.6873,2.745,2.6682,2.7096,2.86,2.6556,2.7243,2.8716
1748905893.849226,2.6021,2.5465,2.6607,2.6282,2.6005,2.6349,2.7098,2.6875,2.7448,2.6741,2.7109,2.8659,2.6518,2.726,2.8756
1748905893.961519,2.6043,2.5438,2.6588,2.6295,2.6019,2.6357,2.7104,2.6851,2.7472,2.6722,2.712,2.8659,2.6545,2.7268,2.8724
1748905894.075572,2.6029,2.5476,2.6636,2.6268,2.6027,2.6311,2.7085,2.6841,2.7461,2.6714,2.7152,2.8654,2.6529,2.723,2.875
1748905894.189524,2.6064,2.5497,2.661,2.629,2.6019,2.6341,2.7106,2.6859,2.7431,2.6738,2.7155,2.8699,2.6556,2.726,2.8713
1748905894.305884,2.6032,2.543,2.6583,2.6279,2.6005,2.6327,2.7085,2.6838,2.7461,2.6744,2.7182,2.8716,2.6591,2.7276,2.871
1748905894.418077,2.6062,2.5484,2.6599,2.6314,2.6024,2.6333,2.7034,2.6849,2.745,2.6741,2.7168,2.8694,2.6567,2.7257,2.8737
1748905894.531418,2.6032,2.5484,2.6618,2.6298,2.6029,2.6349,2.709,2.6838,2.7488,2.6749,2.7179,2.8683,2.658,2.7273,2.8721
1748905894.645525,2.6075,2.5465,2.6655,2.6303,2.6013,2.6341,2.709,2.6862,2.7458,2.6736,2.7152,2.8659,2.6583,2.7278,2.8753
1748905894.7594502,2.6045,2.5441,2.6639,2.6276,2.6027,2.6333,2.7101,2.6878,2.7472,2.6722,2.7166,2.8716,2.6553,2.7273,2.875
1748905894.877385,2.6045,2.5479,2.6591,2.6231,2.6024,2.6327,2.7088,2.6843,2.7461,2.6741,2.7174,2.8729,2.6556,2.726,2.8729
1748905894.987519,2.6032,2.5471,2.6615,2.6284,2.6016,2.6354,2.705,2.6838,2.7464,2.6744,2.716,2.8656,2.6569,2.726,2.874
1748905895.1017668,2.6056,2.5511,2.6618,2.629,2.6043,2.6379,2.7074,2.6841,2.7456,2.6744,2.7198,2.8664,2.6564,2.7235,2.871
1748905895.2154508,2.6053,2.5471,2.6569,2.6279,2.6011,2.6338,2.7037,2.6859,2.7461,2.673,2.7155,2.8627,2.654,2.7219,2.8686
1748905895.32972,2.6045,2.5471,2.6583,2.6239,2.6016,2.6333,2.7085,2.6857,2.7429,2.6725,2.7144,2.8651,2.6502,2.7225,2.8664
1748905895.443757,2.6013,2.5468,2.6607,2.6274,2.6048,2.6341,2.7085,2.6886,2.7464,2.6749,2.7176,2.8654,2.6516,2.7225,2.8675
1748905895.5575879,2.6045,2.5449,2.6575,2.6236,2.6011,2.6295,2.7026,2.6822,2.7429,2.6706,2.7109,2.8605,2.6483,2.72,2.8654
1748905895.671547,2.6053,2.5446,2.658,2.6279,2.6045,2.6336,2.708,2.6881,2.7458,2.6738,2.7155,2.8632,2.6507,2.7203,2.8627
1748905895.785772,2.5997,2.5433,2.6575,2.6258,2.6002,2.6306,2.7047,2.6841,2.7423,2.6706,2.7093,2.8627,2.6491,2.7219,2.8638
1748905895.900175,2.6045,2.5449,2.6561,2.6284,2.6027,2.6319,2.7069,2.6851,2.7464,2.672,2.7136,2.8635,2.6542,2.7252,2.867
1748905896.014067,2.6035,2.5452,2.658,2.6255,2.6013,2.6327,2.708,2.6862,2.7461,2.6714,2.7171,2.867,2.6545,2.7225,2.867
1748905896.128649,2.6011,2.5465,2.6575,2.6287,2.6021,2.6298,2.7069,2.6884,2.7464,2.672,2.7123,2.8619,2.6532,2.7203,2.8681
1748905896.241533,2.6019,2.5422,2.6575,2.6284,2.6027,2.6338,2.7088,2.6902,2.7466,2.6728,2.7123,2.8621,2.6513,2.7203,2.8659
1748905896.355694,2.6035,2.542,2.6567,2.629,2.6019,2.6317,2.7112,2.6884,2.748,2.6728,2.7125,2.8638,2.6473,2.7206,2.8683
1748905896.472151,2.6016,2.5409,2.6545,2.6247,2.6011,2.6327,2.7085,2.6851,2.7474,2.6717,2.7131,2.8654,2.6481,2.7219,2.8675
1748905896.584182,2.6013,2.5403,2.6577,2.6287,2.5994,2.633,2.7072,2.6843,2.7448,2.6741,2.712,2.8651,2.6529,2.7211,2.8675
1748905896.69753,2.6029,2.5403,2.6545,2.6293,2.6032,2.633,2.7077,2.6843,2.744,2.6698,2.7066,2.8581,2.6507,2.7195,2.8638
1748905896.811512,2.6002,2.543,2.6558,2.6309,2.5994,2.6338,2.7085,2.6835,2.7458,2.6682,2.7106,2.8573,2.6467,2.72,2.8656
1748905896.925554,2.6008,2.5446,2.6577,2.6317,2.6024,2.6336,2.7058,2.687,2.7413,2.6712,2.7101,2.8651,2.6491,2.7219,2.8616
1748905897.042592,2.6037,2.5425,2.6545,2.6298,2.6021,2.6357,2.7109,2.6854,2.7442,2.6695,2.7125,2.8662,2.6537,2.7203,2.8654
1748905897.154367,2.5986,2.543,2.6537,2.6274,2.6045,2.6319,2.7101,2.687,2.7442,2.6698,2.7128,2.8605,2.6526,2.7227,2.8654
1748905897.267605,2.6019,2.5422,2.6537,2.6298,2.6051,2.6311,2.7072,2.6827,2.7423,2.6695,2.7123,2.8568,2.651,2.7211,2.8624
1748905897.381551,2.5992,2.5428,2.6529,2.6298,2.6019,2.6327,2.7093,2.683,2.7405,2.6712,2.7082,2.8624,2.6491,2.7214,2.8667
1748905897.496022,2.5986,2.5417,2.6529,2.6298,2.6021,2.6322,2.7117,2.6824,2.7437,2.6706,2.7123,2.8597,2.6513,2.7195,2.8635
1748905897.6120331,2.5968,2.5414,2.6553,2.629,2.6005,2.633,2.7104,2.6854,2.7437,2.669,2.7082,2.8546,2.6483,2.7203,2.8621
1748905897.724074,2.6,2.5446,2.6556,2.6279,2.6029,2.6325,2.709,2.6908,2.7445,2.6674,2.709,2.8549,2.6475,2.7209,2.8662
1748905897.8374982,2.6032,2.5433,2.6548,2.6282,2.6027,2.6333,2.7085,2.6857,2.7469,2.6695,2.712,2.8581,2.6534,2.7219,2.8694
1748905897.951741,2.6005,2.5446,2.6567,2.6293,2.6005,2.6341,2.7045,2.6827,2.7413,2.6666,2.7082,2.857,2.6524,2.7214,2.864
1748905898.0656111,2.5992,2.5417,2.6507,2.629,2.6029,2.6311,2.705,2.6824,2.7372,2.6693,2.7074,2.8565,2.6553,2.7211,2.8662
1748905898.180827,2.5994,2.542,2.6548,2.626,2.6029,2.6319,2.7088,2.6849,2.7421,2.6693,2.7104,2.8584,2.6556,2.7211,2.8648
1748905898.29432,2.6016,2.5446,2.6516,2.6255,2.5973,2.6319,2.7037,2.6814,2.7337,2.6698,2.7085,2.8554,2.6561,2.7235,2.8638
1748905898.4075809,2.6029,2.5481,2.6532,2.6287,2.6019,2.6325,2.7023,2.68,2.7407,2.6682,2.7096,2.856,2.6532,2.7241,2.867
1748905898.521803,2.5976,2.5433,2.6486,2.6244,2.5994,2.6314,2.7029,2.6814,2.7364,2.6669,2.7072,2.8511,2.6505,2.7235,2.8619
1748905898.635799,2.6019,2.5446,2.6548,2.6255,2.5994,2.6295,2.7031,2.6795,2.7335,2.6685,2.7104,2.8514,2.655,2.7227,2.8651
1748905898.7543948,2.6016,2.5433,2.6516,2.6239,2.5976,2.6303,2.7023,2.6822,2.7364,2.6685,2.7077,2.8527,2.6483,2.7198,2.8608
1748905898.863832,2.6037,2.5446,2.651,2.6255,2.5981,2.6301,2.7077,2.6832,2.7415,2.6693,2.7082,2.8554,2.6507,2.7198,2.8638
1748905898.977556,2.607,2.5433,2.6548,2.6271,2.5957,2.6266,2.7039,2.6814,2.7394,2.6671,2.7077,2.8525,2.651,2.7219,2.8613
1748905899.091628,2.6019,2.5481,2.6521,2.622,2.6024,2.6303,2.7029,2.6832,2.7362,2.6658,2.7085,2.8519,2.6513,2.7195,2.8635
1748905899.208113,2.6027,2.5476,2.6529,2.6228,2.5997,2.6295,2.7058,2.6841,2.7415,2.6653,2.7066,2.8511,2.6513,2.723,2.8648
1748905899.320239,2.6062,2.5436,2.6526,2.6228,2.597,2.6295,2.709,2.6827,2.7402,2.6677,2.7066,2.8522,2.6507,2.7195,2.8592
1748905899.433748,2.6016,2.5444,2.6494,2.6196,2.5951,2.6284,2.705,2.6838,2.7375,2.6666,2.7045,2.8509,2.6521,2.72,2.8581
1748905899.547761,2.6043,2.5438,2.6526,2.6215,2.5957,2.6284,2.7055,2.6816,2.7402,2.6644,2.7031,2.8503,2.6507,2.7211,2.863
1748905899.661742,2.6045,2.5438,2.6518,2.6225,2.5976,2.6298,2.7039,2.6806,2.7375,2.6682,2.7039,2.8511,2.6534,2.7214,2.8608
1748905899.7792268,2.6043,2.5463,2.6545,2.622,2.5957,2.6311,2.7037,2.6798,2.7367,2.6687,2.7069,2.856,2.6513,2.7195,2.8624
1748905899.890073,2.6029,2.543,2.6513,2.625,2.6002,2.6298,2.7047,2.6822,2.7364,2.6679,2.7077,2.8552,2.6507,2.7211,2.8616
1748905900.003715,2.6021,2.5454,2.654,2.6225,2.5946,2.6271,2.7039,2.679,2.7356,2.6669,2.7055,2.8514,2.6502,2.7214,2.8605
1748905900.1177511,2.6016,2.5449,2.6537,2.6225,2.5943,2.6274,2.7037,2.6787,2.7359,2.6634,2.7082,2.8562,2.6516,2.7203,2.8624
1748905900.232082,2.6032,2.5465,2.6513,2.6217,2.593,2.6233,2.7031,2.6806,2.7367,2.6677,2.7058,2.8527,2.6491,2.7209,2.8616
1748905900.3489869,2.6053,2.5417,2.6556,2.6182,2.593,2.625,2.7021,2.6795,2.7367,2.6642,2.7063,2.8557,2.6524,2.7206,2.8611
1748905900.4597912,2.6029,2.5436,2.6548,2.6188,2.5922,2.6263,2.708,2.6811,2.7364,2.6682,2.7074,2.8552,2.6542,2.7209,2.8627
1748905900.5736651,2.6056,2.5425,2.6518,2.6215,2.5925,2.626,2.7055,2.6806,2.7364,2.6671,2.7066,2.856,2.6537,2.7203,2.8646
1748905900.687698,2.6075,2.5428,2.6516,2.619,2.5919,2.6276,2.7034,2.6816,2.7383,2.6661,2.7042,2.8554,2.6537,2.7225,2.864
1748905900.801961,2.6051,2.5441,2.6499,2.6193,2.593,2.6266,2.7069,2.6808,2.7402,2.6661,2.7066,2.8517,2.6516,2.7206,2.8611
1748905900.916647,2.6037,2.5417,2.6521,2.6188,2.5919,2.6236,2.7063,2.683,2.737,2.6669,2.7004,2.853,2.6518,2.7233,2.8613
1748905901.029946,2.6035,2.5436,2.6537,2.6164,2.5925,2.6225,2.7072,2.6822,2.737,2.6663,2.7042,2.8527,2.6478,2.7206,2.8562
1748905901.14383,2.6019,2.542,2.6516,2.6185,2.5922,2.6242,2.7109,2.6854,2.7402,2.6631,2.6999,2.8503,2.6462,2.7203,2.86
1748905901.25776,2.6011,2.5425,2.6516,2.6236,2.593,2.6231,2.7058,2.6814,2.7386,2.6661,2.705,2.853,2.6505,2.7219,2.8595
1748905901.3719292,2.6,2.5433,2.6524,2.6231,2.5943,2.625,2.7096,2.6841,2.7415,2.6644,2.7034,2.8503,2.6513,2.7198,2.8651
1748905901.487848,2.5973,2.5401,2.651,2.619,2.5946,2.6276,2.7112,2.6846,2.7418,2.6693,2.7026,2.8557,2.6529,2.7222,2.8624
1748905901.59978,2.5978,2.5401,2.6489,2.6217,2.5933,2.6301,2.709,2.6849,2.7397,2.6644,2.7053,2.8546,2.6497,2.7195,2.8619
1748905901.714239,2.5994,2.539,2.6513,2.6239,2.5965,2.6279,2.7131,2.6859,2.7386,2.6642,2.7029,2.8544,2.6507,2.7203,2.8632
1748905901.827741,2.5973,2.539,2.6502,2.6204,2.5941,2.6266,2.7115,2.6851,2.7426,2.6636,2.7074,2.8554,2.6483,2.7206,2.8621
1748905901.942993,2.5978,2.5406,2.6481,2.6204,2.5933,2.6287,2.709,2.683,2.7394,2.6674,2.7072,2.853,2.6464,2.72,2.8632
1748905902.0561762,2.5978,2.5393,2.6505,2.6223,2.593,2.6274,2.7093,2.6822,2.7415,2.6661,2.7088,2.8557,2.6499,2.7211,2.8702
1748905902.169931,2.5981,2.5398,2.6532,2.6182,2.5946,2.6255,2.7039,2.6838,2.7364,2.6682,2.7045,2.8549,2.6526,2.7227,2.8627
1748905902.2838268,2.6011,2.5403,2.6532,2.6188,2.5925,2.6271,2.7096,2.68,2.7386,2.6626,2.7063,2.8573,2.6524,2.723,2.8691
1748905902.3978581,2.6008,2.5409,2.6532,2.6174,2.5922,2.6244,2.7096,2.6835,2.7405,2.6679,2.7074,2.8525,2.6558,2.7227,2.8675
1748905902.514872,2.6016,2.5409,2.6513,2.6204,2.5935,2.6258,2.709,2.6827,2.7426,2.6674,2.7026,2.8592,2.6521,2.726,2.8686
1748905902.626139,2.5992,2.5385,2.6516,2.6207,2.5903,2.6236,2.7101,2.6849,2.7394,2.6674,2.7074,2.8587,2.655,2.7227,2.8713
1748905902.739794,2.5984,2.539,2.6526,2.6182,2.5925,2.6239,2.7053,2.6824,2.7421,2.6671,2.7012,2.8538,2.6572,2.7254,2.8697
1748905902.8538198,2.5962,2.5377,2.6521,2.618,2.593,2.6276,2.7088,2.6792,2.7372,2.6661,2.7039,2.8597,2.6556,2.7254,2.8699
1748905902.9678001,2.5994,2.5403,2.6524,2.6204,2.5927,2.6263,2.7034,2.6738,2.7383,2.6658,2.708,2.857,2.6526,2.7249,2.871
1748905903.085145,2.5968,2.5393,2.6491,2.6201,2.5908,2.6268,2.7047,2.6757,2.7364,2.665,2.7072,2.8587,2.6532,2.7225,2.8705
1748905903.196349,2.6013,2.5385,2.6486,2.6188,2.5927,2.6279,2.7047,2.6768,2.7362,2.669,2.7063,2.8621,2.6561,2.7222,2.8721
1748905903.30984,2.6,2.5374,2.6516,2.6201,2.5943,2.6287,2.7066,2.6787,2.7397,2.6615,2.705,2.8584,2.6569,2.7254,2.8724
1748905903.4238322,2.5976,2.5387,2.6454,2.6172,2.5908,2.6201,2.7002,2.676,2.7343,2.6647,2.7023,2.8536,2.6524,2.7211,2.8681
1748905903.539351,2.5946,2.5358,2.6478,2.6182,2.5892,2.622,2.6961,2.6709,2.7343,2.6607,2.7029,2.8552,2.6481,2.7249,2.8702
1748905903.652322,2.5946,2.532,2.6478,2.6169,2.5879,2.6199,2.7039,2.6784,2.7367,2.6658,2.6999,2.8584,2.651,2.7195,2.8675
1748905903.7658958,2.5925,2.5342,2.6502,2.6185,2.5903,2.6242,2.7015,2.6763,2.7335,2.6618,2.7023,2.8595,2.6556,2.7238,2.8716
1748905903.879889,2.5925,2.532,2.647,2.6177,2.5908,2.622,2.698,2.6714,2.734,2.6601,2.7045,2.8568,2.6526,2.7235,2.8707
1748905903.99421,2.5922,2.5358,2.6448,2.6185,2.5908,2.626,2.6975,2.6736,2.734,2.6591,2.7029,2.8573,2.6524,2.7211,2.8656
1748905904.108104,2.5959,2.5379,2.6486,2.6201,2.5911,2.6276,2.6943,2.6685,2.7303,2.6644,2.6996,2.8595,2.6532,2.7235,2.8729
1748905904.222074,2.5949,2.5374,2.6462,2.6169,2.5925,2.6223,2.6935,2.669,2.73,2.6583,2.701,2.8536,2.6526,2.7227,2.8689
1748905904.336027,2.5943,2.5368,2.6446,2.6188,2.5925,2.626,2.701,2.6706,2.7321,2.6607,2.6988,2.856,2.6518,2.7227,2.8721
1748905904.4499478,2.5911,2.5307,2.6438,2.6177,2.5908,2.6242,2.6945,2.6709,2.7305,2.655,2.6978,2.8511,2.6502,2.7225,2.8675
1748905904.5641532,2.5943,2.5347,2.6456,2.6182,2.5919,2.6244,2.6953,2.6701,2.7289,2.6593,2.7007,2.8525,2.6518,2.7235,2.8718
1748905904.679182,2.5941,2.5363,2.6505,2.6185,2.5919,2.6274,2.6953,2.672,2.734,2.6601,2.6999,2.8557,2.654,2.7222,2.871
1748905904.791939,2.5949,2.5358,2.6467,2.618,2.59,2.6247,2.7023,2.6709,2.7362,2.6561,2.7045,2.8557,2.6548,2.7227,2.8737
1748905904.9060302,2.5962,2.5366,2.6446,2.6169,2.59,2.622,2.6988,2.6728,2.7378,2.6593,2.6991,2.8544,2.6548,2.7219,2.871
1748905905.019999,2.5933,2.5344,2.6435,2.618,2.5903,2.6223,2.6994,2.6728,2.7337,2.6631,2.7026,2.8554,2.6494,2.7195,2.8648
1748905905.135494,2.5976,2.5363,2.6438,2.6172,2.5908,2.6209,2.6969,2.6706,2.7354,2.6612,2.7023,2.8554,2.6497,2.72,2.8648
1748905905.2479942,2.5973,2.5355,2.644,2.6174,2.5908,2.6223,2.698,2.6763,2.7343,2.6596,2.7037,2.8544,2.6513,2.72,2.8659
1748905905.362561,2.5954,2.536,2.6456,2.6174,2.5927,2.6212,2.6959,2.6717,2.7303,2.665,2.7047,2.8501,2.6494,2.7198,2.864
1748905905.4759638,2.6002,2.5398,2.6464,2.6204,2.5951,2.6276,2.6988,2.6744,2.7337,2.6661,2.7047,2.8519,2.655,2.7227,2.8678
1748905905.5900211,2.5976,2.5393,2.647,2.6196,2.5927,2.626,2.6991,2.6763,2.7375,2.6671,2.7101,2.8525,2.655,2.7233,2.867
1748905905.70471,2.6005,2.5403,2.6507,2.622,2.5957,2.6255,2.7015,2.6795,2.7346,2.6647,2.709,2.8511,2.6521,2.7222,2.8694
1748905905.8186471,2.604,2.5382,2.6483,2.6207,2.5957,2.6255,2.7021,2.6787,2.7364,2.6687,2.7042,2.856,2.6561,2.727,2.8678
1748905905.9320378,2.6021,2.5393,2.6505,2.6215,2.5938,2.625,2.7045,2.6765,2.7378,2.6642,2.7058,2.8573,2.6548,2.7252,2.8675
1748905906.046263,2.6056,2.5403,2.6473,2.6212,2.5935,2.6268,2.7045,2.6773,2.7348,2.6658,2.7055,2.8546,2.6532,2.7238,2.8705
1748905906.1600041,2.6048,2.542,2.6499,2.6209,2.5935,2.6279,2.701,2.6784,2.7375,2.6663,2.7082,2.8568,2.6542,2.7227,2.867
1748905906.27873,2.6016,2.5401,2.6494,2.6185,2.5959,2.6258,2.7002,2.6768,2.7389,2.6693,2.709,2.8581,2.6545,2.726,2.8656
1748905906.388072,2.6045,2.5398,2.6526,2.6209,2.593,2.6303,2.7037,2.6784,2.7356,2.6679,2.7093,2.8533,2.654,2.7262,2.8675
1748905906.502164,2.6027,2.5411,2.6542,2.6174,2.5927,2.6266,2.6969,2.6755,2.7335,2.6685,2.7112,2.8568,2.6507,2.7225,2.8624
1748905906.6160069,2.6045,2.5414,2.6505,2.6196,2.5943,2.6287,2.7018,2.6747,2.7311,2.6682,2.709,2.8592,2.6558,2.726,2.867
1748905906.730079,2.6035,2.5465,2.6534,2.6188,2.5919,2.6268,2.7034,2.6792,2.7351,2.6655,2.709,2.8525,2.6577,2.7225,2.8667
1748905906.846255,2.6021,2.5403,2.6516,2.618,2.593,2.6247,2.6986,2.6717,2.7313,2.6674,2.7104,2.8562,2.6583,2.7233,2.8667
1748905906.95804,2.6029,2.5401,2.6521,2.6196,2.5925,2.6301,2.698,2.6714,2.7343,2.6679,2.7074,2.8533,2.6516,2.7219,2.8659
1748905907.072125,2.5994,2.5409,2.651,2.619,2.5927,2.6284,2.6999,2.6776,2.7335,2.6701,2.7117,2.8603,2.6518,2.7217,2.867
1748905907.1860359,2.6011,2.5395,2.6516,2.618,2.5919,2.6266,2.7015,2.6768,2.7321,2.6653,2.7085,2.857,2.6537,2.7206,2.8654
1748905907.300231,2.6027,2.5398,2.6483,2.6174,2.5922,2.626,2.6975,2.6744,2.7348,2.6687,2.7085,2.8557,2.6548,2.7225,2.8691
1748905907.414312,2.6045,2.5401,2.6494,2.6185,2.5938,2.6274,2.7029,2.6768,2.7324,2.6682,2.7072,2.8587,2.6537,2.7217,2.8686
1748905907.528158,2.6016,2.5395,2.6534,2.6188,2.5927,2.6276,2.6988,2.6763,2.7321,2.6669,2.7098,2.8579,2.6524,2.723,2.8678
1748905907.642126,2.6032,2.5409,2.6499,2.6182,2.5941,2.6247,2.6983,2.6728,2.7327,2.669,2.7112,2.863,2.6572,2.727,2.8705
1748905907.756098,2.5984,2.5406,2.647,2.619,2.5927,2.6287,2.6994,2.6728,2.7311,2.6636,2.7053,2.8536,2.6564,2.7238,2.8702
1748905907.873166,2.6011,2.5401,2.6513,2.6199,2.5925,2.6274,2.6972,2.6714,2.7329,2.6679,2.709,2.8605,2.6599,2.7303,2.8707
1748905907.9843462,2.5968,2.5401,2.6532,2.6225,2.5951,2.6271,2.6969,2.6736,2.7332,2.6693,2.7147,2.8568,2.6572,2.7284,2.8734
1748905908.0980859,2.6021,2.5417,2.6499,2.6201,2.593,2.6274,2.6948,2.6722,2.7281,2.6701,2.7149,2.8589,2.6575,2.7268,2.8699
1748905908.2120562,2.5992,2.5387,2.6502,2.618,2.5927,2.6274,2.6953,2.6712,2.7313,2.669,2.708,2.8549,2.6518,2.7227,2.8694
1748905908.32638,2.6016,2.5401,2.651,2.6236,2.5957,2.6311,2.6964,2.6693,2.7305,2.6674,2.709,2.8573,2.6542,2.7222,2.8651
1748905908.445803,2.5959,2.5377,2.6507,2.6223,2.5949,2.6284,2.6945,2.6744,2.7305,2.669,2.7096,2.8643,2.6534,2.7209,2.8686
1748905908.554623,2.5986,2.539,2.6467,2.6223,2.5941,2.6266,2.6999,2.6712,2.7324,2.6679,2.7123,2.8624,2.6524,2.7268,2.8675
1748905908.668215,2.6002,2.5398,2.647,2.6215,2.5941,2.6276,2.6961,2.6709,2.7311,2.6695,2.7077,2.8592,2.6532,2.7243,2.8705
1748905908.782159,2.5992,2.5393,2.6499,2.6217,2.5946,2.6284,2.6961,2.6714,2.73,2.6717,2.7098,2.86,2.6526,2.7225,2.8659
1748905908.89613,2.6008,2.539,2.6483,2.6204,2.5941,2.6298,2.6961,2.6704,2.7292,2.6704,2.7096,2.8613,2.6505,2.7214,2.864
1748905909.013363,2.6016,2.5398,2.6499,2.6223,2.5949,2.6287,2.6948,2.6695,2.7273,2.6695,2.7115,2.86,2.6545,2.7209,2.8686
1748905909.124615,2.5978,2.5363,2.6478,2.6188,2.5933,2.629,2.6961,2.6693,2.7276,2.6717,2.7115,2.8608,2.6558,2.7211,2.8619
1748905909.238137,2.6019,2.5403,2.6459,2.6196,2.5938,2.6282,2.7002,2.6728,2.7281,2.6717,2.7133,2.8619,2.6534,2.7235,2.8678
