timestamp,R0C0,R0C1,R0C2,R1C0,R1C1,R1C2,R2C0,R2C1,R2C2,R3C0,R3C1,R3C2,R4C0,R4C1,R4C2
1748905549.558073,2.2924,2.2295,0.8924,2.6,2.5914,2.5562,2.6352,2.6357,2.6781,2.6679,2.7214,2.7934,2.6647,2.7526,2.8229
1748905549.5660732,2.2911,2.2304,0.8897,2.6005,2.5898,2.5508,2.636,2.6322,2.6784,2.6706,2.7252,2.7945,2.6612,2.7566,2.8264
1748905549.582861,2.2935,2.2298,0.8891,2.6011,2.5879,2.5535,2.6419,2.6419,2.6832,2.6653,2.7211,2.7928,2.665,2.7582,2.8272
1748905549.624341,2.2913,2.2285,0.8899,2.6005,2.5906,2.5505,2.6408,2.64,2.6816,2.6663,2.7211,2.7963,2.6674,2.7558,2.8248
1748905549.646712,2.29,2.2314,0.891,2.6013,2.5882,2.55,2.6365,2.6314,2.676,2.6709,2.7209,2.7939,2.6653,2.7552,2.8307
1748905549.6531992,2.2932,2.2293,0.8897,2.6011,2.5876,2.5463,2.6408,2.6389,2.6811,2.6695,2.72,2.788,2.6679,2.7547,2.8245
1748905549.6892958,2.2903,2.2314,0.8918,2.5954,2.5884,2.5492,2.6381,2.6338,2.6741,2.6695,2.7225,2.792,2.6669,2.7585,2.8237
1748905549.7199948,2.2929,2.2309,0.8889,2.597,2.5892,2.5505,2.6405,2.6336,2.6752,2.6674,2.7206,2.7947,2.6674,2.7611,2.8323
1748905549.744417,2.2916,2.2285,0.8899,2.5989,2.5871,2.5489,2.6381,2.6298,2.6738,2.6685,2.7209,2.7942,2.6658,2.7601,2.8259
1748905549.757167,2.2948,2.2309,0.8897,2.5973,2.5906,2.5535,2.6419,2.6344,2.6838,2.6628,2.7209,2.7974,2.6671,2.7614,2.8291
1748905549.764113,2.2967,2.2293,0.8902,2.6008,2.5884,2.5508,2.6384,2.637,2.6757,2.6669,2.7171,2.791,2.6669,2.7628,2.8275
1748905549.7739499,2.2943,2.2298,0.8891,2.5959,2.5871,2.5524,2.6368,2.6357,2.6803,2.6623,2.72,2.7888,2.6685,2.7552,2.8267
1748905549.782336,2.2954,2.2304,0.8902,2.5978,2.5863,2.5489,2.6397,2.636,2.6784,2.6658,2.7203,2.792,2.6628,2.7531,2.8251
1748905549.8181179,2.2924,2.2244,0.8875,2.5986,2.5892,2.5535,2.6341,2.6336,2.679,2.665,2.7203,2.7931,2.6631,2.7555,2.8253
1748905549.931881,2.2937,2.2287,0.8891,2.5973,2.5865,2.5508,2.6427,2.6325,2.6857,2.6658,2.7192,2.7918,2.6634,2.7566,2.824
1748905550.046081,2.2929,2.2277,0.8902,2.597,2.59,2.5465,2.6416,2.6408,2.6873,2.6639,2.7184,2.795,2.6644,2.7539,2.8232
1748905550.159507,2.2937,2.2295,0.8881,2.5989,2.5898,2.5476,2.64,2.6408,2.6784,2.6687,2.7214,2.7896,2.6618,2.7571,2.8229
1748905550.273509,2.2916,2.2309,0.8907,2.5986,2.59,2.5497,2.6346,2.637,2.676,2.6666,2.7203,2.792,2.6661,2.7577,2.8264
1748905550.3874838,2.29,2.2298,0.8905,2.5978,2.5871,2.5497,2.64,2.6362,2.679,2.6655,2.7192,2.7926,2.6671,2.7539,2.8259
1748905550.5032609,2.2929,2.2309,0.8899,2.6,2.5839,2.5492,2.6379,2.633,2.6752,2.6636,2.7149,2.7912,2.665,2.7555,2.8264
1748905550.6164322,2.2927,2.2295,0.8934,2.5994,2.5884,2.55,2.6362,2.6295,2.6712,2.6623,2.7139,2.7896,2.6644,2.7585,2.8286
1748905550.733452,2.2959,2.2301,0.8894,2.5997,2.5884,2.5522,2.637,2.6322,2.6717,2.6658,2.7174,2.7934,2.6639,2.7571,2.827
1748905550.843436,2.2989,2.2314,0.8897,2.6,2.5855,2.5452,2.6379,2.6322,2.6776,2.6655,2.7166,2.7899,2.6653,2.7552,2.8326
1748905550.95748,2.2967,2.2295,0.8934,2.5994,2.5868,2.5473,2.6379,2.636,2.6749,2.6674,2.7166,2.7883,2.6661,2.7539,2.8205
1748905551.075883,2.2927,2.2282,0.8899,2.6021,2.5903,2.5489,2.6368,2.636,2.6803,2.6661,2.7184,2.7915,2.6647,2.7526,2.8288
1748905551.185466,2.2964,2.2301,0.8918,2.5959,2.589,2.5479,2.6373,2.6362,2.6835,2.6636,2.7133,2.7904,2.6679,2.7515,2.8237
1748905551.2994812,2.294,2.2295,0.8902,2.6002,2.586,2.5476,2.6432,2.6373,2.6822,2.6674,2.7155,2.7888,2.661,2.7517,2.824
1748905551.4135628,2.2943,2.2277,0.8897,2.597,2.5874,2.5489,2.6416,2.6389,2.6808,2.665,2.7187,2.7945,2.6642,2.7488,2.824
1748905551.5326521,2.2943,2.2279,0.8929,2.6037,2.5857,2.5489,2.6365,2.6344,2.6781,2.6628,2.719,2.7918,2.6661,2.7488,2.8229
1748905551.641608,2.2897,2.2258,0.8894,2.5935,2.5771,2.5428,2.6349,2.6317,2.6749,2.658,2.7106,2.7872,2.6577,2.7515,2.8221
1748905551.7563992,2.2905,2.2253,0.8883,2.5962,2.5809,2.5406,2.629,2.6322,2.6717,2.6604,2.7176,2.7888,2.6572,2.7485,2.821
1748905551.870003,2.29,2.2269,0.8897,2.5976,2.5871,2.5363,2.6327,2.6327,2.6765,2.6601,2.7128,2.7883,2.6537,2.7477,2.8178
1748905551.984333,2.2913,2.2263,0.8897,2.5976,2.5887,2.5444,2.6403,2.64,2.6784,2.665,2.7176,2.7875,2.6537,2.7469,2.8213
1748905552.097514,2.2903,2.2247,0.8897,2.5951,2.5841,2.5449,2.6365,2.6395,2.6779,2.6634,2.7152,2.7883,2.6564,2.7442,2.82
1748905552.211833,2.2927,2.2223,0.8891,2.5938,2.5876,2.5436,2.6333,2.6317,2.6709,2.662,2.7115,2.7891,2.6529,2.7456,2.8159
1748905552.326005,2.2916,2.2301,0.8894,2.6002,2.5882,2.5463,2.6403,2.6384,2.6803,2.6642,2.7176,2.7912,2.6567,2.7445,2.8184
1748905552.439711,2.2921,2.2279,0.8897,2.5973,2.5833,2.5452,2.6346,2.6325,2.6773,2.6661,2.7163,2.7875,2.658,2.7474,2.8221
1748905552.553612,2.2916,2.2277,0.891,2.5959,2.5857,2.5471,2.6344,2.6322,2.6752,2.6666,2.7192,2.7912,2.6569,2.7483,2.8197
1748905552.6675541,2.2937,2.2287,0.8889,2.5949,2.5844,2.5449,2.6354,2.6357,2.6808,2.6661,2.7179,2.7961,2.662,2.7539,2.8235
1748905552.781791,2.2919,2.2287,0.891,2.6037,2.5892,2.5484,2.6365,2.6379,2.676,2.6663,2.72,2.7947,2.6593,2.7485,2.8251
1748905552.895591,2.2954,2.2247,0.8907,2.6011,2.5911,2.5495,2.6357,2.6341,2.6749,2.6647,2.7184,2.7912,2.6577,2.7493,2.8232
1748905553.009582,2.2946,2.2263,0.8889,2.6043,2.5863,2.5505,2.6384,2.6322,2.6803,2.6607,2.7182,2.7877,2.6583,2.7509,2.8235
1748905553.123631,2.2913,2.2218,0.8905,2.6,2.586,2.5484,2.6338,2.6336,2.6781,2.6596,2.7179,2.7883,2.6601,2.748,2.824
1748905553.240779,2.2878,2.2244,0.8891,2.5959,2.5833,2.5492,2.6354,2.6336,2.6765,2.6655,2.7144,2.7912,2.6628,2.7466,2.8235
1748905553.351687,2.2908,2.2228,0.8905,2.5976,2.5865,2.5497,2.6325,2.6271,2.6706,2.6618,2.7141,2.7883,2.6604,2.7474,2.821
1748905553.465573,2.2897,2.2261,0.8902,2.5951,2.5879,2.5468,2.6338,2.6301,2.6779,2.6626,2.7176,2.791,2.6567,2.7466,2.8251
1748905553.579552,2.2929,2.2258,0.8913,2.6,2.5844,2.5489,2.6338,2.6314,2.6763,2.6631,2.7149,2.7888,2.6596,2.7491,2.8237
1748905553.693714,2.2924,2.2269,0.891,2.5994,2.5865,2.5454,2.6381,2.6325,2.6781,2.665,2.7184,2.7923,2.6636,2.7555,2.8232
1748905553.80888,2.2892,2.2261,0.8905,2.5994,2.5865,2.546,2.6314,2.6341,2.6771,2.6671,2.7182,2.7915,2.6604,2.7523,2.824
1748905553.921782,2.2913,2.2247,0.8918,2.5984,2.5844,2.5446,2.6405,2.6336,2.6798,2.6663,2.716,2.7931,2.6631,2.7528,2.8248
1748905554.035646,2.2924,2.2261,0.8913,2.5959,2.5868,2.543,2.6534,2.6432,2.6843,2.6661,2.7174,2.7896,2.662,2.7515,2.8237
1748905554.1500869,2.2929,2.2287,0.8902,2.5976,2.5828,2.5457,2.6451,2.647,2.6878,2.6655,2.712,2.7853,2.658,2.7477,2.8224
1748905554.263608,2.29,2.2271,0.8899,2.5906,2.5841,2.5433,2.6486,2.647,2.6932,2.6636,2.716,2.7915,2.6636,2.7485,2.8256
1748905554.382924,2.2908,2.2269,0.8905,2.5946,2.5833,2.542,2.6494,2.6448,2.6937,2.6679,2.7203,2.7915,2.6677,2.7601,2.8329
1748905554.492299,2.2946,2.2301,0.8897,2.5938,2.5852,2.5422,2.6459,2.6475,2.6878,2.6658,2.7203,2.7931,2.6738,2.7684,2.8385
1748905554.6070452,2.2921,2.2285,0.8897,2.5946,2.5796,2.5417,2.655,2.647,2.694,2.6596,2.7141,2.7894,2.662,2.7523,2.8248
1748905554.755297,2.2921,2.2282,0.8902,2.5916,2.5798,2.5422,2.6464,2.6435,2.6851,2.665,2.7171,2.791,2.6623,2.7501,2.824
1748905554.833807,2.2908,2.2242,0.8897,2.5954,2.5822,2.5436,2.6467,2.6427,2.6835,2.6607,2.7131,2.7861,2.6634,2.7531,2.8267
1748905554.948094,2.2911,2.2247,0.8891,2.5927,2.5796,2.5406,2.647,2.6427,2.6827,2.6577,2.7139,2.7894,2.6642,2.7526,2.8221
1748905555.064808,2.2908,2.2269,0.8881,2.5976,2.579,2.5438,2.6443,2.6413,2.6806,2.662,2.7128,2.7845,2.6666,2.7536,2.8229
1748905555.1756768,2.2876,2.2226,0.891,2.5933,2.582,2.542,2.6454,2.6408,2.6822,2.6601,2.7117,2.7869,2.6644,2.7496,2.8221
1748905555.289772,2.2911,2.2242,0.8902,2.5965,2.5798,2.5411,2.643,2.6389,2.6773,2.6623,2.7163,2.788,2.6655,2.7523,2.8243
1748905555.4036858,2.4501,2.4678,0.8932,2.8452,2.8968,2.9403,2.8944,2.9674,3.0534,2.8519,2.9435,3.0464,2.763,2.9062,3.0169
1748905555.5221162,2.8168,2.7923,2.9156,2.8232,2.8243,2.8651,2.8425,2.8734,2.979,2.8111,2.9102,3.0633,2.7692,2.9145,3.0693
1748905555.631694,2.5154,2.467,0.8918,2.7249,2.6929,2.6892,2.7826,2.8103,2.881,2.7464,2.8356,2.9613,2.7233,2.8726,2.9811
1748905555.745995,2.4915,2.4345,0.8964,2.72,2.6924,2.6964,2.8197,2.8275,2.907,2.7515,2.8417,2.9524,2.7364,2.885,2.9838
1748905555.8596501,2.6086,2.5554,0.8905,2.8576,2.8275,2.8227,2.9097,2.9387,3.0488,2.7791,2.892,3.0201,2.7359,2.9212,3.0467
1748905555.983372,2.5441,2.4662,0.8907,2.7485,2.7004,2.7018,2.8296,2.8157,2.9486,2.7859,2.8812,3.0051,2.7329,2.8861,3.0107
1748905556.087866,2.5132,2.442,0.8907,2.6948,2.6403,2.6115,2.7867,2.7821,2.8965,2.8321,2.9156,3.0158,2.744,2.8855,3.0013
1748905556.201665,2.3405,2.3762,0.8924,2.6486,2.6268,2.6169,2.7206,2.6636,2.7907,2.8176,2.9022,2.9328,2.3343,2.4063,1.2996
1748905556.31569,2.5906,2.5409,0.8956,2.9006,2.8783,2.857,2.8012,2.777,2.9274,2.8522,2.9476,3.0507,2.7681,2.9282,3.0325
1748905556.431406,2.5368,2.4976,0.8897,2.7577,2.7176,2.7112,2.7474,2.7029,2.8726,2.7894,2.8793,3.0056,2.7324,2.8785,3.0048
1748905556.546263,2.3644,2.4592,0.8897,2.7289,2.7198,2.6738,2.8168,2.8536,2.8979,2.7644,2.8584,2.9081,2.3582,2.4388,1.1312
1748905556.6594229,2.3773,2.4769,0.8916,2.7166,2.7445,2.6725,2.9065,2.9779,2.9884,2.8189,2.9043,2.9352,2.3843,2.4877,1.2432
1748905556.77201,2.5261,2.5108,0.8864,2.7069,2.7101,2.6706,2.8836,2.9317,2.9709,2.806,2.885,2.982,2.7405,2.8815,2.9782
1748905556.887415,2.3174,2.38,0.8899,2.6526,2.6849,2.6161,2.839,2.8758,2.8834,2.7853,2.8536,2.8844,2.3429,2.3853,1.0576
1748905557.0006888,2.2822,2.3214,0.891,2.6244,2.6387,2.5814,2.8084,2.8345,2.8463,2.7671,2.8235,2.8589,2.2948,2.334,0.9837
1748905557.1150231,2.662,2.6685,2.6368,2.6153,2.6349,2.5769,2.7861,2.8052,2.8262,2.7636,2.827,2.8718,2.3332,2.3837,0.9797
1748905557.2292411,2.7004,2.7351,2.6209,2.7507,2.8049,2.7448,2.8844,2.9293,2.9677,2.8095,2.9057,2.9261,2.3832,2.4697,1.032
1748905557.343264,2.6542,2.6843,2.586,2.7289,2.7547,2.698,2.8474,2.8769,2.9382,2.7851,2.8656,2.9094,2.384,2.4708,0.9496
1748905557.457639,2.7617,2.7453,2.7509,2.7491,2.7531,2.6983,2.8302,2.8667,2.9586,2.7842,2.8651,3.0029,2.7558,2.9019,3.0373
1748905557.571646,2.7354,2.6999,2.846,2.7198,2.7093,2.6341,2.8141,2.8425,2.9229,2.7598,2.8364,2.9709,2.7276,2.8603,3.0024
1748905557.684584,2.7021,2.6577,2.791,2.6967,2.6757,2.607,2.7947,2.8138,2.8724,2.7472,2.8213,2.9556,2.7214,2.8479,2.9914
1748905557.799079,2.7225,2.6798,2.7826,2.6862,2.6685,2.5908,2.784,2.8162,2.8807,2.7512,2.8237,2.9645,2.7491,2.8785,3.0161
1748905557.914277,2.7684,2.7767,2.8361,2.6483,2.6814,2.6129,2.7869,2.8313,2.8737,2.7378,2.7998,2.8562,2.3821,2.4461,1.132
1748905558.027853,2.2688,2.2959,0.8905,2.6459,2.6494,2.5753,2.7579,2.7977,2.8004,2.7421,2.8055,2.8364,2.2897,2.3308,1.2719
1748905558.1410902,2.6798,2.6685,2.7015,2.6419,2.6674,2.6021,2.7577,2.8033,2.831,2.7222,2.7891,2.8595,2.3644,2.4348,1.0414
1748905558.254606,2.6822,2.6661,2.6854,2.6397,2.6604,2.579,2.7262,2.7654,2.7832,2.7252,2.7842,2.838,2.3563,2.4068,0.9552
1748905558.369451,2.6674,2.6416,2.6897,2.6242,2.6545,2.5865,2.6999,2.7415,2.7485,2.7305,2.7894,2.8471,2.3598,2.4203,1.1422
1748905558.482736,2.6405,2.586,2.6728,2.618,2.6322,2.5626,2.6744,2.705,2.6892,2.7268,2.7762,2.8372,2.3488,2.3931,1.1199
1748905558.597506,2.6121,2.5546,2.6725,2.6156,2.6298,2.5535,2.6945,2.7238,2.7252,2.7483,2.7974,2.8603,2.3531,2.3894,1.0079
1748905558.71138,2.5315,2.417,2.5943,2.5922,2.597,2.528,2.6956,2.7286,2.7375,2.7418,2.7872,2.8374,2.3367,2.359,0.9958
1748905558.8246021,2.5143,2.4025,2.5919,2.5844,2.5911,2.536,2.7512,2.788,2.8302,2.7429,2.7937,2.8565,2.3526,2.3813,1.0906
1748905558.938473,2.56,2.4885,2.6612,2.5943,2.5737,2.514,2.72,2.7321,2.7912,2.7601,2.8116,2.9527,2.737,2.8433,2.9841
1748905559.0531368,2.5581,2.4678,2.6712,2.5986,2.59,2.5315,2.7305,2.7625,2.8431,2.7673,2.8347,2.9758,2.738,2.8573,2.9895
1748905559.166534,2.5769,2.4863,2.7544,2.673,2.6548,2.6322,2.7705,2.8001,2.8807,2.7534,2.8208,2.9787,2.7254,2.8557,3.004
1748905559.279937,2.6443,2.6172,2.7509,2.633,2.6287,2.5702,2.7176,2.7448,2.813,2.7488,2.8237,2.958,2.745,2.874,3.0013
1748905559.396014,2.6507,2.6217,2.7265,2.607,2.5903,2.5414,2.7321,2.7705,2.8356,2.7402,2.8133,2.95,2.7354,2.8686,2.986
1748905559.511117,2.3593,2.3029,0.8926,2.5591,2.5363,2.4616,2.6964,2.7203,2.7421,2.7241,2.7907,2.8721,2.723,2.8442,2.9153
1748905559.622494,2.3725,2.3246,0.8883,2.59,2.5694,2.496,2.6943,2.7128,2.73,2.7179,2.7883,2.8745,2.719,2.839,2.9223
1748905559.736118,2.4101,2.3539,0.8907,2.6166,2.5968,2.5202,2.6776,2.7021,2.7187,2.7125,2.7896,2.8761,2.7098,2.8369,2.9226
1748905559.850157,2.4345,2.4015,0.8899,2.6653,2.662,2.557,2.6835,2.7026,2.6889,2.7168,2.7918,2.8917,2.7069,2.8509,2.9376
1748905559.9640908,2.402,2.3722,0.8891,2.6295,2.6284,2.5299,2.636,2.6513,2.5933,2.7168,2.7875,2.8767,2.7018,2.8315,2.9223
1748905560.0782158,2.4248,2.4101,0.8916,2.6577,2.6612,2.5653,2.6975,2.7249,2.7018,2.7085,2.7869,2.8949,2.7074,2.8407,2.9382
1748905560.192197,2.5403,2.5728,0.8918,2.8047,2.8611,2.8012,2.9731,3.0343,3.0717,2.8726,3.0034,3.0617,2.7955,2.9642,3.0408
1748905560.305921,2.6851,2.7644,0.8902,3.0042,3.0934,3.0421,2.9529,3.0397,3.101,2.8509,3.0034,3.1125,2.8407,3.0338,3.1222
1748905560.420187,2.5618,2.5844,0.891,2.8799,2.9247,2.9186,2.82,2.8729,2.9495,2.7233,2.8047,2.9387,2.7147,2.8761,2.993
1748905560.534337,2.521,2.5234,0.8907,2.8436,2.8587,2.8667,2.7593,2.8031,2.892,2.6832,2.7569,2.8783,2.7037,2.839,2.9575
1748905560.64802,2.5121,2.4931,0.8899,2.8691,2.8842,2.8801,2.7708,2.7955,2.8804,2.6634,2.7249,2.8603,2.6892,2.8307,2.9529
1748905560.763127,2.499,2.4987,0.8894,2.8605,2.9081,2.8785,2.8014,2.8425,2.9247,2.6558,2.7423,2.8611,2.6916,2.8452,2.9441
1748905560.87741,2.5272,2.5398,0.8905,2.8366,2.8823,2.8801,2.7985,2.8334,2.9172,2.6615,2.7509,2.882,2.6932,2.8374,2.9653
1748905560.9905322,2.5041,2.4888,0.8913,2.8522,2.8826,2.8683,2.7606,2.8092,2.8874,2.6596,2.7378,2.8659,2.7098,2.8527,2.9715
1748905561.1048052,2.442,2.4273,0.8902,2.7824,2.8039,2.7818,2.748,2.7789,2.8431,2.6349,2.6996,2.8168,2.6661,2.7985,2.8981
1748905561.218295,2.4334,2.398,0.8897,2.7765,2.7808,2.7679,2.7386,2.7625,2.8377,2.6172,2.6835,2.7988,2.6671,2.7974,2.8963
1748905561.332373,2.4084,2.3657,0.8907,2.7235,2.7268,2.7308,2.7168,2.7367,2.8125,2.6153,2.6749,2.784,2.6623,2.7708,2.8764
1748905561.457914,2.413,2.3684,0.8905,2.719,2.7311,2.7276,2.7096,2.7308,2.8074,2.6107,2.6728,2.7891,2.6631,2.7765,2.8815
1748905561.560438,2.4184,2.3719,0.8902,2.7238,2.7319,2.7458,2.7131,2.7348,2.82,2.6134,2.6741,2.7859,2.6655,2.7904,2.8861
1748905561.675321,2.4122,2.3821,0.8897,2.7077,2.723,2.7303,2.7074,2.7351,2.8146,2.6091,2.6749,2.7923,2.6593,2.7786,2.8839
1748905561.788546,2.4047,2.3593,0.8897,2.7195,2.7184,2.7238,2.6978,2.7123,2.7961,2.6086,2.6679,2.78,2.6583,2.7724,2.8756
1748905561.9019442,2.445,2.4068,0.8891,2.7499,2.7711,2.7732,2.7407,2.7652,2.8409,2.6239,2.6857,2.8092,2.6679,2.7963,2.8976
1748905562.016507,2.4095,2.3601,0.8862,2.6841,2.69,2.7082,2.7063,2.7214,2.8057,2.6156,2.6674,2.7885,2.6556,2.7743,2.8801
1748905562.130165,2.489,2.4748,0.8905,2.7996,2.8358,2.8221,2.7585,2.7869,2.8767,2.6365,2.7042,2.8358,2.6704,2.8205,2.9341
1748905562.245408,2.4614,2.442,0.8894,2.7977,2.8439,2.792,2.7657,2.8025,2.881,2.6534,2.7343,2.846,2.683,2.8307,2.9274
1748905562.3589382,2.4173,2.3926,0.8883,2.7464,2.7684,2.7335,2.7109,2.752,2.8057,2.6451,2.719,2.8127,2.6959,2.8278,2.9121
1748905562.4727108,2.4487,2.4345,0.8883,2.7663,2.7923,2.7665,2.7273,2.7544,2.8213,2.6298,2.7031,2.8278,2.6819,2.8248,2.9355
1748905562.58706,2.4726,2.442,0.8891,2.8074,2.8151,2.7899,2.7386,2.7601,2.8262,2.6421,2.7106,2.8229,2.6835,2.82,2.9247
1748905562.700454,2.3853,2.334,0.8899,2.7227,2.7214,2.6918,2.6959,2.708,2.7558,2.6083,2.6728,2.7732,2.6615,2.7842,2.8742
1748905562.814216,2.3829,2.3297,0.887,2.7192,2.7109,2.6803,2.694,2.7074,2.7609,2.6105,2.6701,2.7719,2.6532,2.7727,2.8643
1748905562.928329,2.3762,2.3206,0.8897,2.7155,2.7101,2.6913,2.6873,2.6991,2.7517,2.6075,2.6698,2.77,2.6537,2.7697,2.8549
1748905563.0420978,2.3781,2.3252,0.8894,2.7184,2.7203,2.694,2.691,2.7069,2.7603,2.6099,2.6671,2.7692,2.6475,2.7727,2.8587
1748905563.156422,2.4238,2.3746,0.8894,2.7877,2.781,2.7456,2.737,2.762,2.8068,2.6387,2.7002,2.8036,2.6838,2.8162,2.9078
1748905563.271292,2.4356,2.3993,0.8902,2.7845,2.7926,2.7526,2.7671,2.7789,2.8245,2.6478,2.7109,2.8205,2.6843,2.8114,2.9102
1748905563.38543,2.4109,2.3657,0.8875,2.7442,2.7426,2.7077,2.7268,2.7445,2.7904,2.6137,2.6763,2.7746,2.6548,2.7765,2.8659
1748905563.499454,2.3719,2.3187,0.8897,2.7214,2.7168,2.6867,2.7031,2.72,2.7574,2.5954,2.6593,2.7577,2.6309,2.7469,2.8377
1748905563.6128151,2.3859,2.3469,0.9249,2.7324,2.744,2.7636,2.7074,2.7235,2.8074,2.604,2.6618,2.8194,2.6279,2.744,2.9014
1748905563.726242,2.7168,2.7278,2.82,2.8245,2.8433,2.8796,2.7235,2.7466,2.8412,2.6072,2.6693,2.853,2.6478,2.7789,2.9473
1748905563.8411489,2.7544,2.7636,2.9086,2.8844,2.9258,3.0319,2.8065,2.8468,2.9704,2.6765,2.7622,2.9602,2.7023,2.8509,3.0311
1748905563.956144,2.7979,2.7993,2.9102,2.9231,2.9529,3.0263,2.7993,2.8307,2.9468,2.6741,2.7606,2.9272,2.6803,2.8256,2.993
1748905564.069375,2.7724,2.7633,2.8632,2.8296,2.8407,2.9344,2.7907,2.8176,2.9425,2.6843,2.7703,2.9379,2.6701,2.8237,2.9903
1748905564.183485,2.7442,2.7337,2.8541,2.8049,2.8253,2.9272,2.7614,2.7945,2.9169,2.6634,2.7383,2.9169,2.6811,2.8216,2.9932
1748905564.297923,2.7332,2.7434,2.8399,2.7692,2.7748,2.8527,2.7448,2.7692,2.8871,2.6438,2.7246,2.8804,2.6722,2.8125,2.9768
1748905564.411171,2.6808,2.6875,2.7869,2.7837,2.8028,2.8584,2.7501,2.7732,2.8936,2.636,2.7034,2.8699,2.6564,2.7875,2.9546
1748905564.5249548,2.6956,2.6991,2.7928,2.7818,2.799,2.8527,2.788,2.8221,2.9419,2.6741,2.7657,2.9207,2.6835,2.8315,2.9876
1748905564.64011,2.6983,2.7026,2.7942,2.7445,2.7654,2.8133,2.7867,2.8224,2.9419,2.7684,2.8458,3.0061,2.7112,2.8399,3.0045
1748905564.7534971,2.7029,2.6959,2.8184,2.7684,2.7703,2.8356,2.7805,2.8138,2.9143,2.7426,2.8267,2.9895,2.7069,2.8372,2.9916
1748905564.86797,2.676,2.6591,2.7727,2.7265,2.7383,2.7982,2.7434,2.7692,2.8697,2.7002,2.7773,2.9194,2.7088,2.8396,2.979
1748905564.981832,2.6682,2.6647,2.7775,2.7515,2.7708,2.8229,2.7544,2.7791,2.8769,2.6814,2.7579,2.9024,2.6908,2.827,2.9731
1748905565.0948632,2.6591,2.6556,2.7638,2.7601,2.7697,2.8337,2.7413,2.7547,2.8635,2.6951,2.7663,2.9277,2.6926,2.8208,2.9768
1748905565.210203,2.6827,2.6704,2.7869,2.8186,2.8455,2.8871,2.7367,2.7566,2.8664,2.6781,2.7703,2.9462,2.6935,2.8264,2.9911
1748905565.32427,2.7174,2.7093,2.8369,2.8493,2.8686,2.9315,2.7421,2.7687,2.8949,2.7426,2.8243,2.9924,2.7206,2.8525,3.0034
1748905565.437378,2.7429,2.7499,2.8697,2.849,2.8834,2.9366,2.7816,2.8162,2.9352,2.727,2.7998,2.9637,2.7305,2.8734,3.03
1748905565.5516028,2.6884,2.6822,2.7998,2.7979,2.8165,2.8801,2.7375,2.7786,2.889,2.698,2.77,2.9231,2.7254,2.8554,3.0042
1748905565.664822,2.6784,2.6695,2.7851,2.7979,2.8181,2.8619,2.7397,2.7697,2.8721,2.694,2.7577,2.9086,2.7128,2.8484,2.9857
1748905565.779588,2.6706,2.6615,2.7775,2.777,2.7971,2.846,2.7246,2.7569,2.8595,2.6945,2.7598,2.903,2.7222,2.8466,2.9916
1748905565.89344,2.6682,2.6526,2.7727,2.7791,2.802,2.8409,2.7324,2.752,2.8619,2.6926,2.756,2.9024,2.7136,2.8366,2.9841
1748905566.0078568,2.6502,2.6349,2.7563,2.7641,2.784,2.8251,2.7284,2.7571,2.8544,2.694,2.752,2.8949,2.7039,2.8259,2.9656
1748905566.121588,2.6599,2.6411,2.7657,2.7668,2.7891,2.8361,2.7321,2.7531,2.8527,2.6961,2.7614,2.9081,2.7053,2.8283,2.9747
1748905566.234926,2.7158,2.6926,2.82,2.8581,2.9135,2.9288,2.8912,2.9599,3.0596,2.8839,2.9476,3.0679,2.9814,3.0491,3.1678
1748905566.349837,2.6532,2.629,2.792,2.8039,2.8487,2.8842,2.8468,2.8998,2.9908,2.9245,3.0209,3.1316,2.8471,2.9035,3.0878
1748905566.462243,2.6513,2.6139,2.7483,2.7829,2.8122,2.8361,2.8616,2.9183,2.979,2.8702,2.9535,3.0985,2.9349,3.022,3.1434
1748905566.576191,2.6478,2.6139,2.7523,2.8047,2.8361,2.8745,2.8237,2.8745,2.9707,2.8141,2.8968,3.0813,2.921,3.0279,3.156
1748905566.6905391,2.6768,2.637,2.7646,2.8133,2.8275,2.8579,2.8173,2.8732,2.9524,2.8861,2.9363,3.0937,2.9191,3.0166,3.1294
1748905566.806239,2.6357,2.59,2.7203,2.7757,2.7942,2.8178,2.7628,2.8138,2.8992,2.9196,2.9814,3.1286,2.9785,3.0612,3.1926
1748905566.9203641,2.6467,2.6172,2.756,2.7595,2.7888,2.8028,2.7569,2.8047,2.8758,2.8834,2.9347,3.0881,2.9272,3.0155,3.1423
1748905567.0334778,2.6462,2.6217,2.752,2.7778,2.7971,2.813,2.7708,2.8229,2.9043,2.863,2.9554,3.0899,2.91,3.0335,3.1351
1748905567.146389,2.687,2.6491,2.8151,2.8619,2.8855,2.9151,2.7996,2.8479,2.9355,2.874,2.9457,3.065,2.8318,2.9559,3.0881
1748905567.260643,2.5793,2.5409,2.6669,2.6956,2.7203,2.7069,2.7106,2.7321,2.8116,2.7794,2.8579,2.9683,2.7705,2.8898,3.0002
1748905567.374772,2.5731,2.5344,2.6467,2.6663,2.6725,2.679,2.6773,2.679,2.762,2.7491,2.8345,2.9341,2.7472,2.875,2.9811
1748905567.489036,2.94,2.9247,3.0547,3.0714,3.131,3.1106,2.9728,3.0349,3.1149,2.9024,3.0153,3.1222,2.882,3.0574,3.1087
1748905567.602381,2.59,2.5675,0.8913,2.874,2.8611,2.8404,2.9049,2.9468,2.9946,2.8361,2.9707,3.041,2.7918,2.972,3.0523
1748905567.716393,2.8718,2.8474,2.9645,2.8189,2.7939,2.8745,2.8471,2.8705,2.9567,2.8154,2.921,3.0556,2.7649,2.9347,3.0636
1748905567.830358,2.8168,2.8173,2.9384,2.8455,2.857,2.9199,2.8565,2.8836,2.9715,2.8232,2.9199,3.0687,2.7687,2.9293,3.0601
