timestamp,R0C0,R0C1,R0C2,R1C0,R1C1,R1C2,R2C0,R2C1,R2C2,R3C0,R3C1,R3C2,R4C0,R4C1,R4C2
1748566074.352202,1.4414,1.2647,1.4879,1.3259,1.2875,1.3931,1.7812,1.8108,1.6872,1.2246,1.3369,0.8789,1.2327,1.3436,0.8862
1748566074.4626691,1.6907,1.6853,1.7031,1.6509,1.5088,1.6072,1.6679,1.7068,1.5317,1.1747,1.295,0.8773,1.1827,1.3031,0.8862
1748566074.589684,1.728,1.7519,1.7439,1.6609,1.5244,1.6085,1.5822,1.6389,1.4315,1.1502,1.2894,0.8744,1.1612,1.2999,0.8859
1748566074.693314,1.6829,1.6993,1.7025,1.6601,1.5217,1.6109,1.5585,1.62,1.3949,1.1637,1.3009,0.8765,1.1733,1.3093,0.8867
1748566074.843594,1.702,1.7307,1.7235,1.623,1.4777,1.5773,1.5432,1.6039,1.3804,1.1553,1.2864,0.8768,1.1658,1.2937,0.8856
1748566074.918962,1.7116,1.72,1.7149,1.5293,1.4449,1.4822,1.4393,1.4143,1.3522,1.0073,0.9746,0.8754,1.0135,0.9786,0.8851
1748566075.055159,1.67,1.6738,1.6759,1.3455,1.3066,1.3232,1.1462,1.1188,1.1048,0.9273,0.9018,0.8752,0.9386,0.9133,0.8848
1748566075.146181,1.7202,1.7216,1.7237,1.2045,1.172,1.1784,1.0218,0.9912,0.9848,0.9176,0.8905,0.8741,0.9281,0.9023,0.8846
1748566075.260226,1.7084,1.7071,1.7049,1.1169,1.0766,1.0871,0.9826,0.9463,0.9421,0.9189,0.8905,0.8741,0.9294,0.9012,0.8856
1748566075.374601,1.3493,1.3157,1.3278,1.0221,0.9762,0.9891,0.9678,0.9265,0.9181,0.9316,0.8961,0.8717,0.9415,0.9101,0.8864
1748566075.488139,1.0901,1.0124,1.0525,0.9684,0.9101,0.9286,0.9904,0.927,0.9155,0.9684,0.916,0.8768,0.9815,0.9275,0.8867
1748566075.602617,0.9799,0.9157,0.9985,0.9222,0.891,0.9378,1.0699,1.0465,0.9912,0.974,0.9536,0.8765,0.9848,0.9633,0.8862
1748566076.3011682,1.0694,0.9095,1.1435,1.0508,1.0186,1.0772,1.4387,1.4326,1.2907,1.1473,1.1387,0.8977,1.1489,1.1475,0.8864
1748566076.364327,1.8973,1.8433,1.8863,1.735,1.583,1.662,1.7347,1.7439,1.5556,1.2899,1.3549,0.8819,1.2969,1.3622,0.8862
1748566076.380492,1.8726,1.829,1.8693,1.7678,1.6252,1.7149,1.6469,1.6955,1.4514,1.2639,1.3772,0.8795,1.27,1.381,0.8856
1748566076.4300811,1.9505,1.9676,1.9682,1.7938,1.6531,1.7455,1.6117,1.6824,1.3796,1.287,1.4304,0.877,1.2939,1.442,0.8854
1748566076.4394119,1.9642,1.9983,1.9744,1.8253,1.7014,1.778,1.5666,1.6609,1.3111,1.2819,1.4454,0.8781,1.2907,1.4551,0.8867
1748566076.454303,1.9752,1.9781,1.976,1.7407,1.7205,1.7315,1.3208,1.2945,1.266,0.9353,0.9061,0.8746,0.9415,0.9155,0.8856
1748566076.462412,1.0288,0.9856,1.0178,0.9222,0.9042,0.92,0.941,0.9189,0.9211,0.9155,0.9066,0.8768,0.9238,0.9147,0.8862
1748566076.525343,0.9517,0.9082,0.9998,0.9018,0.8891,0.9531,1.0879,1.082,1.0433,0.974,0.9695,0.877,0.9883,0.9791,0.8878
1748566076.6282299,1.2652,1.0414,1.3028,1.1878,1.1854,1.176,1.6896,1.6966,1.5612,1.2155,1.2859,0.8897,1.2265,1.2905,0.8864
1748566076.741908,1.9851,1.9918,1.9983,1.8135,1.6875,1.7772,1.7549,1.8054,1.5693,1.3533,1.5344,0.9281,1.3469,1.5263,0.8854
1748566076.855979,1.9515,1.9615,1.9684,1.7936,1.6568,1.7536,1.728,1.7917,1.5134,1.3751,1.5381,0.9528,1.3538,1.5314,0.8827
1748566076.9736042,1.9738,2.0058,1.9967,1.8701,1.7651,1.839,1.6724,1.7694,1.4086,1.4433,1.6356,1.028,1.3821,1.5838,0.8827
1748566077.084136,1.962,2.0007,1.9881,1.8852,1.7562,1.8306,1.6063,1.6434,1.2209,1.3815,1.4352,0.8741,1.3536,1.3826,0.883
1748566077.198029,1.0165,0.9799,1.0022,0.927,0.9063,0.9157,0.9292,0.9085,0.9122,0.9023,0.8899,0.876,0.9141,0.9012,0.8832
1748566077.312043,0.9525,0.9079,0.9966,0.9018,0.8889,0.9431,1.1064,1.0962,1.0393,1.0087,1.0146,0.9104,0.9818,0.9724,0.8846
1748566077.426374,1.7103,1.6015,1.7546,1.6407,1.5583,1.6045,1.7533,1.782,1.5618,1.3804,1.4946,0.902,1.3912,1.5083,0.8827
1748566077.541159,1.9727,1.9937,1.9921,1.7917,1.663,1.7554,1.7291,1.7863,1.5309,1.3536,1.519,0.9066,1.3528,1.5209,0.8851
1748566077.6540449,1.9582,1.9862,1.9797,1.8035,1.6681,1.7673,1.6767,1.753,1.4344,1.3649,1.5757,0.9308,1.3487,1.5344,0.8835
1748566077.7680519,1.9494,2.0001,1.9741,1.8664,1.7724,1.8374,1.5865,1.702,1.284,1.3367,1.5438,0.8779,1.3401,1.5494,0.8827
1748566077.882188,1.9558,1.9684,1.9612,1.8183,1.7844,1.7944,1.302,1.2604,1.2002,0.966,0.9211,0.8754,0.9582,0.9203,0.8824
1748566077.9994009,0.9746,0.9407,0.9673,0.9122,0.8934,0.9074,0.9275,0.9079,0.913,0.9015,0.8953,0.8749,0.9152,0.9066,0.8846
1748566078.1104739,0.9711,0.9082,1.0237,0.9176,0.9114,0.967,1.2289,1.2249,1.1524,1.0291,1.035,0.8813,1.0334,1.0326,0.8838
1748566078.2240021,1.9354,1.9378,1.9561,1.8084,1.6958,1.7702,1.7587,1.7928,1.5666,1.3743,1.4973,0.8945,1.3702,1.4957,0.8838
1748566078.3379672,1.9397,1.9698,1.9695,1.8014,1.6711,1.7662,1.7149,1.7662,1.471,1.3874,1.5279,0.8964,1.4027,1.5344,0.8846
1748566078.452033,1.9346,1.9736,1.9599,1.8178,1.6904,1.7783,1.6335,1.7275,1.3756,1.3375,1.5236,0.8784,1.3453,1.5352,0.8835
1748566078.567668,1.9325,1.9792,1.9601,1.8742,1.7801,1.8433,1.5376,1.6665,1.1876,1.3461,1.5524,0.8821,1.3541,1.5572,0.8832
1748566078.680265,1.475,1.4307,1.4154,1.3023,1.2655,1.2625,0.9724,0.9474,0.9421,0.9114,0.8929,0.8722,0.9195,0.9039,0.8827
1748566078.794038,0.9515,0.9147,0.9673,0.9023,0.8891,0.92,0.9517,0.9348,0.9404,0.9407,0.9278,0.8744,0.9501,0.9404,0.884
1748566078.908139,1.143,0.9558,1.1774,1.1368,1.1191,1.0433,1.3428,1.3461,1.1658,1.1395,1.1588,0.877,1.1521,1.1733,0.8843
1748566079.023884,1.9341,1.9513,1.9531,1.7917,1.6947,1.738,1.7463,1.7879,1.5601,1.3788,1.5072,0.9273,1.3686,1.5016,0.8821
1748566079.136003,1.9338,1.9577,1.9572,1.7928,1.6442,1.7439,1.7283,1.7675,1.4774,1.443,1.5572,0.9646,1.4049,1.5314,0.8824
1748566079.250134,1.93,1.9676,1.9553,1.8323,1.7237,1.7912,1.638,1.7272,1.3697,1.3584,1.5322,0.9007,1.3598,1.5344,0.8832
1748566079.364017,1.9507,1.9937,1.9706,1.8465,1.7439,1.8057,1.519,1.6391,1.1736,1.338,1.5284,0.8883,1.3377,1.5268,0.8821
1748566079.478237,1.0952,1.0468,1.0694,0.9947,0.9665,0.9716,0.9439,0.9173,0.916,0.9082,0.8897,0.8725,0.9157,0.9012,0.8843
1748566079.593162,0.9421,0.9063,0.9711,0.8985,0.8867,0.9265,1.0071,0.9936,0.9713,0.9541,0.9498,0.8883,0.9619,0.948,0.884
1748566079.706058,1.327,1.1105,1.3538,1.2891,1.2322,1.2077,1.4879,1.5123,1.2692,1.237,1.306,0.912,1.2555,1.3221,0.8835
1748566079.8200698,1.922,1.948,1.9486,1.7842,1.6692,1.7538,1.6813,1.7479,1.4629,1.3356,1.5056,0.8988,1.3316,1.5078,0.8805
1748566079.934283,1.9295,1.9671,1.9604,1.796,1.6738,1.7651,1.662,1.7364,1.406,1.3603,1.5236,0.8929,1.3606,1.5284,0.8821
1748566080.052865,1.9349,1.9722,1.9558,1.8543,1.76,1.8239,1.6069,1.7149,1.3187,1.3641,1.5679,0.9541,1.3522,1.5491,0.8827
1748566080.1626859,1.9725,2.0278,2.0018,1.8973,1.7796,1.8438,1.6297,1.6644,1.1921,1.4339,1.4997,0.8749,1.3772,1.4403,0.8846
1748566080.276286,1.0337,0.9923,1.0175,0.9348,0.9095,0.9189,0.9386,0.9141,0.9141,0.9055,0.8916,0.8752,0.9168,0.9047,0.8827
1748566080.390142,0.9426,0.9031,0.9783,0.8972,0.8867,0.9286,1.0828,1.0739,1.0382,0.9584,0.9485,0.8795,0.9646,0.9544,0.8846
1748566080.504055,1.7049,1.5894,1.7377,1.5736,1.5019,1.4809,1.7031,1.7159,1.4871,1.3796,1.4605,0.9077,1.3998,1.4785,0.8846
1748566080.6231308,1.9171,1.9427,1.9405,1.8067,1.6845,1.7678,1.7264,1.7823,1.5217,1.37,1.5177,0.8956,1.37,1.5239,0.8851
1748566080.732199,1.9316,1.9612,1.9574,1.8183,1.7006,1.7654,1.6985,1.7501,1.4336,1.3912,1.5244,0.88,1.3944,1.5336,0.8854
1748566080.84608,1.9311,1.9752,1.9569,1.8914,1.8102,1.8613,1.5926,1.7022,1.2743,1.352,1.5478,0.8792,1.3576,1.5494,0.8843
1748566080.9602728,1.9445,1.9518,1.9424,1.8304,1.8067,1.8161,1.3071,1.2606,1.2117,0.9705,0.92,0.8752,0.9584,0.9157,0.8862
1748566081.076031,0.9708,0.9324,0.9635,0.9157,0.8958,0.9079,0.9302,0.9117,0.9117,0.9104,0.9001,0.8765,0.9222,0.9101,0.8843
1748566081.1887622,0.9807,0.9112,1.0175,0.9359,0.9173,0.9574,1.2142,1.2029,1.1277,1.0328,1.0202,0.8886,1.0436,1.0379,0.8864
1748566081.30211,1.8986,1.9021,1.9126,1.7573,1.6625,1.6598,1.7834,1.7944,1.6031,1.3724,1.4602,0.877,1.3821,1.4745,0.8846
1748566081.416308,1.9018,1.9341,1.9327,1.782,1.6668,1.7068,1.7447,1.7772,1.5078,1.4223,1.5088,0.88,1.443,1.5193,0.8873
1748566081.530381,1.908,1.9566,1.9394,1.821,1.6928,1.7887,1.6383,1.7162,1.36,1.3724,1.5258,0.8881,1.3783,1.5322,0.8873
1748566081.645607,1.9115,1.965,1.9443,1.8946,1.8081,1.8605,1.5381,1.6587,1.1978,1.3522,1.5405,0.8993,1.3541,1.5464,0.8859
1748566081.758326,1.9217,1.8398,1.7992,1.648,1.6037,1.5752,1.0073,0.9791,0.9708,0.9018,0.8913,0.8776,0.9117,0.901,0.8854
1748566081.872224,0.9579,0.923,0.9606,0.9109,0.8897,0.9117,0.9434,0.9187,0.9275,0.9281,0.9147,0.8789,0.9402,0.9238,0.8873
1748566081.986165,1.0941,0.9219,1.129,1.096,1.0876,1.0068,1.3447,1.341,1.1989,1.1467,1.1422,0.9222,1.1234,1.1328,0.8864
1748566082.1001952,1.8948,1.9118,1.9209,1.7533,1.6383,1.6692,1.7345,1.7495,1.5287,1.3654,1.457,0.8757,1.3716,1.4667,0.887
1748566082.2170482,1.8981,1.9282,1.9241,1.7804,1.6356,1.7323,1.6969,1.7342,1.4411,1.3888,1.5,0.8897,1.3837,1.5045,0.887
1748566082.328776,1.8962,1.9483,1.9314,1.8409,1.7251,1.807,1.6394,1.7173,1.3616,1.3624,1.5252,0.8988,1.3614,1.5311,0.8859
1748566082.442235,1.9451,1.9838,1.9784,1.9053,1.8084,1.8481,1.5749,1.5884,1.1817,1.388,1.4178,0.8854,1.3646,1.3772,0.8862
1748566082.556319,1.0124,0.9584,0.9826,0.9493,0.9152,0.9235,0.9539,0.9305,0.931,0.9208,0.9034,0.8827,0.9294,0.9063,0.8945
1748566082.670295,0.9665,0.9155,1.0105,0.9023,0.8996,0.9544,1.3638,1.3842,1.3504,1.6069,1.6219,1.6391,1.0084,0.995,0.8902
1748566082.786507,1.5421,1.3949,1.5803,1.5231,1.4616,1.363,1.7734,1.7737,1.6243,1.2993,1.3399,0.8706,1.2921,1.3246,0.8824
1748566082.898506,1.59,1.5623,1.6139,1.662,1.5674,1.6037,1.6872,1.7063,1.5408,1.2185,1.3044,0.8744,1.2268,1.3162,0.8846
1748566083.012141,1.7664,1.825,1.8215,1.8035,1.6762,1.7683,1.7127,1.757,1.507,1.3461,1.4855,0.8784,1.3611,1.4884,0.8883
1748566083.126356,1.8425,1.9069,1.8916,1.8903,1.789,1.8637,1.6101,1.6762,1.3179,1.3641,1.5247,0.8843,1.3726,1.5341,0.8859
1748566083.240333,1.8465,1.8452,1.84,1.839,1.8172,1.825,1.3294,1.2926,1.2805,0.9404,0.902,0.8744,0.9386,0.909,0.8862
1748566083.358451,1.0028,0.9587,0.9926,0.9369,0.9173,0.9195,0.952,0.9281,0.9284,0.9171,0.8967,0.8779,0.9232,0.9133,0.883
1748566083.468493,0.9668,0.9184,1.0157,0.9047,0.9063,0.9547,1.183,1.1766,1.1298,0.9821,0.9794,0.8789,0.9974,0.9874,0.8813
1748566083.582196,1.0688,0.9345,1.1535,1.0374,1.0312,1.0503,1.5204,1.5032,1.406,1.1266,1.1266,0.8765,1.1381,1.1422,0.8832
1748566083.696254,1.573,1.4363,1.544,1.6305,1.533,1.5687,1.692,1.713,1.5373,1.2254,1.2977,0.8805,1.2228,1.3119,0.8972
1748566083.810213,1.7646,1.7613,1.7748,1.7151,1.5781,1.6783,1.6397,1.6945,1.4728,1.2684,1.3735,0.8717,1.2609,1.3705,0.8891
1748566083.927528,1.8118,1.865,1.8621,1.7541,1.5967,1.7227,1.6571,1.6845,1.4,1.3254,1.4591,0.8773,1.3235,1.4659,0.8773
1748566084.038413,1.775,1.7831,1.7922,1.7858,1.6601,1.7251,1.58,1.6399,1.3501,1.2636,1.4052,0.8789,1.2824,1.3974,0.8975
1748566084.152137,1.8258,1.8478,1.828,1.7965,1.7541,1.7718,1.4463,1.4433,1.3888,1.0068,0.9568,0.8668,0.9877,0.9582,0.8988
1748566084.266237,1.8309,1.8457,1.8427,1.4038,1.3404,1.3632,1.0683,1.0629,1.0277,0.9189,0.894,0.851,0.9458,0.9063,0.8864
1748566084.380265,1.3525,1.291,1.3326,1.1188,1.0731,1.0323,0.9853,0.9821,0.9576,0.97,0.898,0.8695,0.9523,0.9192,0.8781
1748566084.509152,1.0562,0.995,1.0379,0.9711,0.9104,0.9579,1.0076,0.9837,0.9305,0.9676,0.952,0.8644,1.0076,0.9316,0.8991
1748566084.6085372,0.9582,0.8985,1.0076,0.9007,0.8862,0.956,1.2077,1.1924,1.1333,0.9971,0.9775,0.8846,0.9904,0.984,0.8991
1748566084.89822,1.1921,0.9686,1.2622,1.1244,1.1113,1.1843,1.5908,1.5908,1.4411,1.2289,1.2507,0.8843,1.244,1.2738,0.8867
1748566085.229494,1.7904,1.6265,1.7605,1.8288,1.7071,1.7767,1.7501,1.7742,1.5736,1.3063,1.4057,0.8838,1.3119,1.4113,0.8851
1748566085.3375869,1.9311,1.9488,1.9518,1.8443,1.7318,1.8086,1.6805,1.7546,1.4771,1.2754,1.4484,0.8698,1.3068,1.4476,0.913
1748566085.524011,1.9464,1.9609,1.9625,1.9,1.81,1.8634,1.6002,1.7076,1.3262,1.3187,1.5295,0.873,1.3281,1.5346,0.883
1748566085.866126,1.9682,1.9693,1.9905,1.8618,1.8339,1.8443,1.1347,1.1164,1.0761,0.9302,0.9061,0.8795,0.9378,0.9214,0.8945
1748566085.875201,0.9703,0.949,0.9743,0.9206,0.8977,0.9144,0.9214,0.9082,0.9241,0.9165,0.8873,0.873,0.9187,0.9098,0.8851
1748566085.89027,0.9539,0.901,1.0256,0.8975,0.9152,0.9643,1.3568,1.3616,1.3246,1.0267,1.0148,0.8722,1.0046,1.0261,0.8913
1748566085.941366,1.6501,1.5107,1.7022,1.5854,1.5604,1.6233,1.8352,1.8613,1.7296,1.3581,1.4943,0.8803,1.3638,1.5193,0.8838
1748566086.4468212,1.9561,1.9542,1.958,1.7721,1.659,1.7468,1.7455,1.8097,1.5867,1.3117,1.4874,0.8749,1.3165,1.497,0.8835
1748566086.5044758,1.9488,1.962,1.9604,1.7901,1.6746,1.7659,1.6423,1.7211,1.4285,1.3039,1.4997,0.8859,1.3076,1.5005,0.8835
1748566086.5137532,1.9615,1.9768,1.9725,1.8852,1.8024,1.8648,1.5588,1.6877,1.2647,1.3176,1.5349,0.8789,1.3267,1.5435,0.8843
1748566086.528286,2.0241,2.0297,2.0361,1.7342,1.6966,1.6644,1.0277,0.9931,0.9942,0.9289,0.8975,0.8738,0.9273,0.8932,0.8856
1748566086.5370119,0.966,0.9278,0.9638,0.9122,0.8873,0.9071,0.9318,0.9087,0.9155,0.9122,0.8996,0.8811,0.9227,0.9122,0.8835
1748566086.5447848,1.0433,0.9147,1.0756,1.0122,0.9842,0.9834,1.2862,1.2797,1.15,1.0842,1.0992,1.014,1.1145,1.1083,0.8832
1748566086.579493,1.9714,1.9547,1.9805,1.8207,1.728,1.7785,1.7917,1.8245,1.6125,1.3673,1.5118,0.8655,1.367,1.5137,0.8827
1748566086.590562,1.9666,1.9663,1.9838,1.8143,1.7036,1.7681,1.7729,1.8175,1.5714,1.3888,1.5306,0.8821,1.4022,1.5384,0.8811
1748566086.597913,1.9472,1.9564,1.9663,1.8344,1.7224,1.8019,1.662,1.7549,1.4186,1.3358,1.5362,0.8816,1.3466,1.5419,0.8821
1748566086.6607308,1.9682,2.0087,2.0058,1.9002,1.7998,1.8691,1.5518,1.6915,1.23,1.3439,1.558,0.8773,1.3584,1.5636,0.8838
1748566086.774664,1.1263,1.0753,1.0968,1.0425,1.003,1.0049,0.9611,0.931,0.9246,0.9195,0.8894,0.8835,0.9163,0.8999,0.8813
1748566086.888641,0.9434,0.9044,0.9713,0.9074,0.8854,0.9181,0.9611,0.9482,0.941,0.9348,0.9265,0.8816,0.9461,0.9391,0.887
1748566087.002597,1.2249,0.9899,1.2348,1.1862,1.158,1.0938,1.3971,1.4178,1.1932,1.1927,1.2083,0.8972,1.2139,1.2289,0.8803
1748566087.187691,1.9402,1.9381,1.9513,1.7694,1.7025,1.6947,1.731,1.7796,1.5279,1.341,1.4981,0.8851,1.3493,1.5059,0.884
1748566087.2394838,1.9419,1.9556,1.9564,1.792,1.7219,1.7296,1.7474,1.8032,1.5424,1.3826,1.5432,0.9595,1.363,1.5341,0.8813
1748566087.344654,1.9303,1.9494,1.9521,1.8892,1.8178,1.8674,1.6654,1.7643,1.4183,1.3447,1.5534,0.894,1.3495,1.5585,0.8862
1748566087.5007622,1.9327,1.9585,1.9521,1.8717,1.8092,1.8478,1.5325,1.663,1.1975,1.3791,1.6066,0.9195,1.4473,1.6469,0.8878
1748566087.5726788,1.0256,0.985,1.0111,0.9388,0.9144,0.9238,0.9326,0.9109,0.9117,0.9069,0.8916,0.8757,0.9144,0.9015,0.8811
1748566087.688627,0.9463,0.9028,0.9837,0.8993,0.8902,0.9292,1.1116,1.1137,1.0817,0.9533,0.9603,0.8945,0.9576,0.9517,0.8838
1748566088.085323,1.6316,1.5064,1.6665,1.5317,1.4814,1.4043,1.7133,1.7296,1.5107,1.3654,1.443,0.8873,1.3866,1.471,0.884
1748566088.1344728,1.9233,1.9349,1.9448,1.8245,1.7291,1.7936,1.7369,1.7823,1.5475,1.3423,1.5075,0.8795,1.3498,1.5118,0.8843
1748566088.551486,1.919,1.9376,1.9432,1.8204,1.7082,1.7861,1.7108,1.771,1.482,1.3702,1.5346,0.9031,1.3713,1.5336,0.8843
1748566088.68502,1.9198,1.9472,1.9381,1.8723,1.7952,1.8457,1.5959,1.7055,1.2945,1.3418,1.5395,0.88,1.3458,1.5459,0.8883
1748566088.756623,1.9075,1.9075,1.9051,1.8392,1.8315,1.8358,1.2367,1.2101,1.1959,0.923,0.8942,0.8744,0.9278,0.9039,0.8843
1748566088.880329,0.9627,0.9246,0.9571,0.9055,0.8897,0.9044,0.927,0.9077,0.9141,0.9106,0.9015,0.8835,0.9192,0.9114,0.8819
1748566088.888294,1.0401,0.9074,1.0621,0.999,1.0001,0.9606,1.3023,1.2985,1.1905,1.0691,1.0739,0.8779,1.0847,1.096,0.8854
1748566088.896258,1.9158,1.9166,1.9325,1.7667,1.6937,1.6902,1.7681,1.793,1.5964,1.3506,1.4672,0.8784,1.3587,1.4782,0.8811
1748566088.9104068,1.9112,1.9287,1.9319,1.8054,1.6961,1.7705,1.7267,1.7844,1.5161,1.3641,1.5161,0.8738,1.3812,1.5236,0.8819
1748566088.9242089,1.9128,1.9357,1.9368,1.8212,1.7154,1.7869,1.6633,1.7407,1.4202,1.3426,1.5209,0.8859,1.3463,1.5276,0.884
1748566088.948537,1.9505,1.9926,1.9738,1.9204,1.8433,1.8943,1.5618,1.6902,1.237,1.3512,1.5561,0.9163,1.3552,1.5601,0.8843
1748566089.054587,1.3294,1.2762,1.2765,1.1962,1.1599,1.15,0.9676,0.9423,0.9412,0.9117,0.8905,0.8752,0.9203,0.9031,0.8824
1748566089.16873,0.9493,0.9061,0.9646,0.9004,0.8894,0.9168,0.9697,0.9552,0.9531,0.941,0.927,0.8768,0.9463,0.9383,0.8864
1748566089.2824929,1.1623,0.9412,1.1715,1.1475,1.1234,1.0095,1.4057,1.3928,1.2322,1.1475,1.1518,0.8768,1.1618,1.1666,0.884
1748566089.399263,1.8967,1.8957,1.911,1.7407,1.6464,1.637,1.7769,1.7925,1.5916,1.3619,1.4659,0.877,1.3686,1.4769,0.883
1748566089.5106938,1.8975,1.9126,1.9228,1.7436,1.6397,1.6249,1.7826,1.7971,1.5749,1.4143,1.5016,0.8969,1.4162,1.5086,0.8862
1748566089.6244612,1.9085,1.9419,1.9378,1.8513,1.7541,1.8175,1.7141,1.7775,1.4828,1.3804,1.5384,0.8958,1.3837,1.5451,0.8851
1748566089.738536,1.9099,1.9362,1.93,1.8446,1.756,1.8059,1.554,1.6657,1.2367,1.3364,1.5276,0.8878,1.3393,1.5341,0.8832
1748566089.8529081,1.0605,1.01,1.0326,0.9735,0.9437,0.9442,0.9437,0.9152,0.9147,0.9104,0.8902,0.8746,0.9173,0.9004,0.8838
1748566089.967208,0.948,0.9066,0.9668,0.901,0.887,0.9155,1.0071,0.9931,0.9673,0.9455,0.9372,0.8781,0.9523,0.9415,0.8835
1748566090.0804741,1.3541,1.0729,1.3286,1.2811,1.237,1.1043,1.4981,1.5086,1.2797,1.284,1.3133,0.9039,1.2515,1.2972,0.8843
1748566090.194505,1.9131,1.9166,1.9268,1.781,1.7076,1.7154,1.7536,1.8011,1.594,1.3246,1.4989,0.9036,1.3248,1.5008,0.8846
1748566090.308822,1.901,1.9091,1.9201,1.7382,1.648,1.6362,1.7638,1.8027,1.5698,1.3694,1.5045,0.8897,1.3713,1.5086,0.8848
1748566090.4227169,1.9029,1.9231,1.9265,1.8696,1.7957,1.8403,1.6894,1.7713,1.457,1.3544,1.547,0.8918,1.3563,1.5491,0.8843
1748566090.53664,1.9459,1.9811,1.9682,1.89,1.8118,1.8419,1.5798,1.6106,1.2311,1.3458,1.3804,0.876,1.2953,1.3007,0.8846
1748566090.650702,0.9963,0.956,0.9815,0.93,0.9112,0.9155,0.9316,0.9109,0.9106,0.9034,0.8913,0.8765,0.9152,0.9031,0.8832
1748566090.764492,0.9525,0.9069,0.9791,0.9015,0.8945,0.9203,1.1962,1.1895,1.1561,0.9592,0.9552,0.8926,0.9652,0.9617,0.884
1748566090.87847,1.8852,1.8328,1.8965,1.7503,1.688,1.6383,1.7863,1.796,1.6088,1.3641,1.4707,0.8897,1.3563,1.472,0.8859
1748566090.992727,1.9107,1.9179,1.9231,1.7412,1.7057,1.6233,1.8895,1.9128,1.7742,1.3458,1.4954,0.884,1.3549,1.5037,0.8875
1748566091.106624,1.9042,1.9206,1.9214,1.7087,1.6633,1.5658,1.7562,1.7971,1.569,1.3538,1.4833,0.8787,1.3649,1.493,0.8873
1748566091.220609,1.8965,1.9228,1.9134,1.6754,1.6904,1.5129,1.5862,1.6931,1.3082,1.3119,1.5096,0.8813,1.3165,1.5164,0.8859
1748566091.33466,1.5247,1.5027,1.4865,1.1604,1.1424,1.1368,1.0022,0.9716,0.9673,0.9147,0.8916,0.8757,0.9251,0.9028,0.8875
1748566091.4485319,0.9579,0.9184,0.9609,0.901,0.8894,0.9069,0.9504,0.9343,0.9369,0.9192,0.9117,0.8768,0.9318,0.9219,0.887
1748566091.562679,1.0178,0.9176,1.0917,0.9477,0.9584,1.0191,1.3759,1.3592,1.2969,1.0777,1.0753,0.8768,1.096,1.0898,0.887
1748566091.678964,1.9182,1.8989,1.9196,1.6509,1.5913,1.424,1.8178,1.807,1.6348,1.3807,1.4608,0.877,1.3882,1.4718,0.8867
1748566091.790924,1.9005,1.886,1.9032,1.6988,1.6625,1.5,1.8462,1.8688,1.6891,1.3732,1.5027,0.8779,1.3799,1.5043,0.887
1748566091.90452,1.9228,1.9413,1.9335,1.7638,1.7095,1.6552,1.7646,1.8046,1.5859,1.3415,1.5013,0.877,1.3504,1.5096,0.8867
1748566092.018867,1.9491,1.9913,1.9709,1.9002,1.828,1.8605,1.6375,1.7103,1.3436,1.3729,1.5467,0.8803,1.3804,1.5572,0.8875
1748566092.132664,1.2029,1.1502,1.1661,1.1731,1.1441,1.1312,0.985,0.9539,0.9539,0.9214,0.8921,0.8757,0.9224,0.9028,0.8859
1748566092.2518861,0.9657,0.9203,0.9582,0.9138,0.8929,0.9063,0.945,0.9171,0.9211,0.9267,0.9101,0.876,0.9402,0.9216,0.8873
1748566092.360647,1.1459,0.9157,1.1282,1.1266,1.0866,0.9673,1.3278,1.3017,1.1352,1.1422,1.1204,0.8787,1.158,1.1365,0.8881
1748566092.47491,1.8207,1.7192,1.8051,1.663,1.6021,1.4868,1.7401,1.7699,1.5712,1.3297,1.4366,0.8797,1.3391,1.4425,0.8862
1748566092.588667,1.8838,1.8591,1.8828,1.6174,1.5671,1.3724,1.836,1.8419,1.6988,1.3606,1.4105,0.8838,1.3651,1.4119,0.8864
1748566092.702862,1.9212,1.9263,1.9247,1.6735,1.5988,1.519,1.6872,1.7146,1.4828,1.3173,1.399,0.8819,1.3264,1.4095,0.887
1748566092.817378,1.9456,1.9703,1.9547,1.6668,1.6372,1.4833,1.6859,1.7452,1.4368,1.3522,1.4976,0.8797,1.356,1.5078,0.8867
1748566092.9306188,1.0331,0.9482,1.0487,0.9348,0.9133,0.9517,1.2217,1.1997,1.1274,0.9845,0.9662,0.876,0.9909,0.9705,0.887
1748566093.044631,0.9477,0.9053,0.967,0.8937,0.8899,0.9163,1.0508,1.0452,1.0315,0.9332,0.9297,0.8757,0.9423,0.9421,0.8867
1748566093.1589172,1.0014,0.9079,1.0807,0.9297,0.9523,1.0081,1.4651,1.4634,1.3933,1.0602,1.0707,0.8768,1.0788,1.0893,0.8862
1748566093.272663,1.9663,1.8358,1.9314,1.7525,1.6896,1.4154,1.9752,1.9609,1.8006,1.5344,1.5838,0.8854,1.5182,1.5798,0.887
1748566093.3880389,1.9222,1.7976,1.8868,1.7587,1.6979,1.5548,1.8443,1.8672,1.6563,1.4699,1.554,0.8768,1.4817,1.5623,0.8878
1748566093.500722,1.9445,1.8572,1.9206,1.7952,1.7399,1.6512,1.7823,1.8183,1.5631,1.4328,1.5462,0.8762,1.4444,1.5553,0.8848
1748566093.6145658,2.0332,2.0101,2.0235,1.94,1.8763,1.8758,1.7098,1.7699,1.3896,1.4589,1.598,0.8776,1.4634,1.6018,0.8864
1748566093.728648,1.9499,1.9359,1.9351,1.8387,1.8137,1.8156,1.4127,1.3823,1.3361,0.9746,0.9343,0.8744,0.9705,0.9326,0.8873
1748566093.842643,1.0275,0.9845,1.014,0.9388,0.9235,0.9294,0.9415,0.916,0.923,0.9095,0.8988,0.8768,0.9195,0.9112,0.887
1748566093.959166,0.9678,0.9224,1.0183,0.9026,0.9012,0.9528,1.1357,1.1325,1.1185,0.9802,0.9772,0.876,0.9926,0.9901,0.8859
1748566094.0706408,1.3753,1.1886,1.4382,1.3466,1.3278,1.3122,1.7707,1.7667,1.6423,1.317,1.3732,0.8937,1.3361,1.3939,0.887
1748566094.184866,1.984,1.9513,1.9752,1.782,1.6375,1.7369,1.7807,1.8204,1.609,1.3866,1.5172,0.9109,1.3842,1.5131,0.8862
1748566094.2988338,1.9754,1.959,1.973,1.8148,1.6692,1.7667,1.71,1.7705,1.4935,1.3619,1.5174,0.8827,1.3692,1.5279,0.887
1748566094.414882,1.9727,1.9615,1.9752,1.9134,1.8242,1.8693,1.6872,1.7552,1.3799,1.4207,1.5607,0.8765,1.4258,1.5685,0.8856
1748566094.526877,1.9921,1.9727,1.9725,1.912,1.8175,1.8409,1.5875,1.482,1.237,1.3264,1.161,0.8746,1.299,1.1126,0.8873
1748566094.640678,1.0114,0.9748,0.9966,0.9498,0.9292,0.9321,0.9369,0.9152,0.916,0.9109,0.894,0.8773,0.916,0.9042,0.8873
1748566094.7546408,0.9874,0.9412,1.0202,0.9238,0.9028,0.9412,1.0799,1.0611,1.0068,0.992,0.9751,0.8907,0.9936,0.978,0.8862
1748566094.8686988,1.5416,1.237,1.5561,1.5752,1.5142,1.4935,1.7901,1.8027,1.6378,1.3992,1.4602,0.884,1.4221,1.4935,0.8875
1748566094.989343,1.9582,1.9333,1.959,1.8261,1.7291,1.789,1.7705,1.8175,1.5789,1.3906,1.5306,0.8779,1.4041,1.5384,0.8873
1748566095.097168,1.9577,1.9475,1.9639,1.8116,1.6888,1.7742,1.6885,1.7638,1.4411,1.378,1.5585,0.877,1.3829,1.5381,0.8867
1748566095.210728,1.959,1.9505,1.9652,1.9037,1.8301,1.876,1.6542,1.7331,1.3281,1.4175,1.5623,0.8792,1.4285,1.5706,0.8878
1748566095.324704,1.9193,1.9166,1.9188,1.8473,1.8368,1.8358,1.1782,1.1228,1.0922,0.9472,0.905,0.8757,0.9512,0.9149,0.887
1748566095.438863,0.9826,0.9477,0.9735,0.9265,0.9015,0.9133,0.93,0.909,0.9112,0.9128,0.8964,0.8787,0.9235,0.9079,0.887
1748566095.554126,1.0237,0.966,1.0656,0.9598,0.9289,0.9614,1.2029,1.1768,1.0954,1.6885,1.6894,1.7146,1.0844,1.0492,0.8878
1748566095.666858,1.984,1.9631,1.9977,1.8492,1.7458,1.807,1.8392,1.8567,1.6611,1.4543,1.5432,0.9004,1.4503,1.5446,0.8862
1748566095.781107,1.9811,1.9717,1.9921,1.8247,1.7251,1.796,1.8121,1.8489,1.6133,1.4309,1.5548,0.8846,1.4363,1.558,0.8838
1748566095.89486,1.9553,1.9472,1.9663,1.8344,1.7149,1.8,1.7154,1.771,1.4505,1.4215,1.5524,0.8848,1.4285,1.5604,0.8856
1748566096.0087712,1.9631,1.9655,1.9727,1.9166,1.8532,1.8887,1.6571,1.7436,1.3264,1.4137,1.576,0.8776,1.4288,1.5851,0.8859
1748566096.128166,1.9333,1.9319,1.9322,1.8543,1.8382,1.8462,1.1247,1.0911,1.0699,0.9235,0.9007,0.8768,0.9313,0.9112,0.8854
1748566096.236843,0.9775,0.9394,0.9732,0.9149,0.8937,0.9152,0.9372,0.9155,0.9165,0.9192,0.909,0.876,0.9329,0.9192,0.8875
1748566096.3508868,1.0323,0.9294,1.0718,0.9861,0.9703,0.978,1.3017,1.2891,1.1744,1.0922,1.0815,0.8779,1.1177,1.107,0.8875
1748566096.464993,1.9464,1.9351,1.9574,1.8054,1.7017,1.7442,1.7812,1.8051,1.5755,1.4073,1.5086,0.8803,1.4156,1.5164,0.887
1748566096.57875,1.9596,1.9693,1.9768,1.8341,1.7243,1.7933,1.7729,1.807,1.5354,1.4296,1.5435,0.8792,1.4422,1.5494,0.8864
1748566096.694026,1.9478,1.9502,1.9572,1.8178,1.7157,1.7694,1.7055,1.7638,1.4449,1.399,1.5344,0.8811,1.4068,1.5432,0.8881
1748566096.806986,1.9494,1.9684,1.9612,1.9061,1.8325,1.8701,1.6195,1.7181,1.277,1.4054,1.5712,0.8792,1.4162,1.5798,0.887
1748566096.920813,1.926,1.926,1.9308,1.4562,1.4215,1.4054,1.0001,0.9695,0.9622,0.9147,0.8902,0.873,0.9259,0.9026,0.887
1748566097.0348852,0.995,0.9404,0.9794,0.9246,0.8967,0.9117,0.9544,0.9206,0.9173,0.9396,0.9149,0.877,0.9504,0.9246,0.8867
1748566097.149003,1.1991,0.9332,1.1747,1.1758,1.0965,1.0449,1.4213,1.3525,1.2023,1.2187,1.1578,0.8754,1.2351,1.1733,0.8848
1748566097.266878,1.955,1.9209,1.9499,1.7296,1.6243,1.4916,1.7914,1.763,1.5728,1.4745,1.472,0.8779,1.4828,1.4828,0.887
1748566097.3769238,1.9091,1.8648,1.9056,1.7493,1.6458,1.5806,1.7366,1.7479,1.4742,1.446,1.5086,0.8787,1.4514,1.5161,0.8864
1748566097.490758,1.959,1.9714,1.9752,1.8844,1.7785,1.8261,1.7253,1.7436,1.4307,1.4828,1.5575,0.8781,1.4925,1.5647,0.887
1748566097.6051478,1.9284,1.9233,1.9335,1.8183,1.7466,1.7353,1.591,1.6109,1.2241,1.4315,1.5059,0.877,1.4406,1.5142,0.8878
1748566097.719488,1.197,1.1389,1.1561,1.0511,1.0194,1.013,0.9858,0.9474,0.9437,0.9265,0.9026,0.8754,0.9367,0.9144,0.8864
1748566097.8328261,0.977,0.9262,0.9818,0.9106,0.8932,0.9211,0.984,0.9635,0.9603,0.949,0.934,0.8773,0.9598,0.9426,0.8878
1748566097.946869,1.1376,0.9265,1.1473,1.1215,1.0691,1.0159,1.4876,1.4411,1.3358,1.1774,1.1336,0.8762,1.1967,1.1494,0.8875
1748566098.06092,1.7033,1.594,1.6896,1.5964,1.5537,1.3804,1.7565,1.7608,1.5859,1.3165,1.3751,0.8757,1.3219,1.3812,0.8862
1748566098.1787279,1.7686,1.7511,1.7748,1.7025,1.6292,1.5956,1.7014,1.724,1.5169,1.2792,1.3796,0.8773,1.2864,1.3888,0.8875
1748566098.289388,1.8618,1.89,1.8871,1.8261,1.7149,1.7517,1.7288,1.7546,1.4669,1.414,1.5134,0.877,1.4248,1.5282,0.887
1748566098.402813,1.8696,1.9075,1.8943,1.843,1.7404,1.7804,1.6152,1.6628,1.3042,1.381,1.508,0.8762,1.3915,1.5166,0.8854
1748566098.516809,1.7643,1.7648,1.7635,1.6209,1.6085,1.6039,1.3294,1.3031,1.2883,0.9214,0.8993,0.8752,0.9316,0.9104,0.887
1748566098.631146,1.0949,1.0449,1.0702,0.9958,0.9678,0.9681,0.9668,0.9318,0.931,0.913,0.891,0.8762,0.923,0.9023,0.8867
1748566098.750082,1.0688,0.9888,1.0275,0.9778,0.9281,0.9308,0.9928,0.9321,0.927,0.9539,0.9136,0.8765,0.967,0.9227,0.8873
1748566098.858999,1.0772,0.9799,1.0296,0.9885,0.9222,0.9313,1.0135,0.9458,0.9286,0.977,0.9275,0.8805,0.9832,0.9372,0.8878
1748566098.9727948,1.197,0.992,1.1226,1.1102,0.9458,0.995,1.2765,1.1494,1.0312,1.2023,1.0629,0.8862,1.2249,1.0836,0.8873
1748566099.08672,1.5653,1.4054,1.5448,1.6117,1.4438,1.4785,1.5849,1.5341,1.2805,1.3281,1.2891,0.8779,1.3358,1.2969,0.8859
1748566099.201086,1.6149,1.5456,1.6337,1.7221,1.5628,1.6346,1.601,1.5634,1.277,1.3662,1.3485,0.8781,1.3761,1.3571,0.8867
1748566099.315295,1.6966,1.6861,1.7157,1.7562,1.627,1.6786,1.6252,1.608,1.3297,1.3514,1.3538,0.8779,1.3576,1.3595,0.8856
1748566099.429045,1.7366,1.7162,1.7318,1.7536,1.6697,1.6845,1.4986,1.4887,1.2571,1.2195,1.237,0.8776,1.2254,1.237,0.8875
1748566099.5431511,1.6636,1.6372,1.6595,1.6802,1.5827,1.6117,1.4377,1.4299,1.2316,1.1545,1.1645,0.8757,1.1658,1.1723,0.8867
1748566099.656874,1.7025,1.7119,1.7044,1.6928,1.6039,1.6354,1.461,1.4691,1.2996,1.1129,1.1406,0.8762,1.1212,1.1475,0.887
1748566099.771039,1.7141,1.7213,1.7165,1.7799,1.7127,1.7256,1.4922,1.4925,1.2746,1.1983,1.2053,0.8768,1.2142,1.2238,0.8862
1748566099.884983,1.7071,1.7232,1.7168,1.7549,1.6816,1.6923,1.5059,1.5078,1.2762,1.2099,1.2327,0.8762,1.2214,1.237,0.8867
1748566099.9993951,1.6891,1.6985,1.6982,1.7455,1.6692,1.6891,1.4817,1.4847,1.2579,1.1946,1.2179,0.8762,1.2013,1.2265,0.8862
1748566100.1130931,1.7329,1.7151,1.7165,1.6808,1.627,1.6321,1.2888,1.2464,1.1733,1.0178,0.9931,0.8762,1.0224,0.9966,0.8881
1748566100.2270741,1.5943,1.5679,1.5781,1.4565,1.4084,1.4113,1.1478,1.1062,1.0699,0.9681,0.9348,0.8749,0.9778,0.9418,0.8856
1748566100.340987,1.3732,1.3267,1.3466,1.2751,1.2249,1.2265,1.0495,1.0063,0.992,0.9418,0.9128,0.8717,0.9517,0.9232,0.8851
1748566100.4575691,1.2622,1.2093,1.2305,1.1666,1.1215,1.125,1.0119,0.9678,0.9579,0.9372,0.9055,0.8706,0.945,0.9157,0.8838
1748566100.5691001,1.151,1.0968,1.1226,1.0812,1.0436,1.0444,0.9842,0.941,0.9369,0.9267,0.8969,0.8722,0.9375,0.9114,0.8832
1748566100.683104,1.0949,1.039,1.067,1.0302,0.9947,0.9971,0.9689,0.9278,0.9267,0.923,0.8945,0.8722,0.9324,0.9071,0.8821
1748566100.797054,1.0611,1.0036,1.0318,0.9891,0.9531,0.9568,0.9638,0.9219,0.9187,0.9219,0.894,0.8733,0.9343,0.9069,0.8848
1748566100.911289,1.0404,0.9845,1.014,0.97,0.9399,0.9415,0.9544,0.9176,0.9179,0.9171,0.8924,0.873,0.9292,0.9044,0.8854
1748566101.027738,1.0355,0.9818,1.0103,0.9684,0.941,0.9461,0.9541,0.9208,0.9187,0.9165,0.8929,0.8725,0.9267,0.9034,0.8832
1748566101.139227,1.0476,0.9952,1.024,0.9926,0.9649,0.9676,0.9609,0.927,0.9265,0.9165,0.8937,0.8736,0.9275,0.9044,0.8846
1748566101.252949,1.0976,1.0455,1.0737,1.0468,1.0226,1.028,0.9799,0.9447,0.9415,0.9163,0.8956,0.8736,0.9286,0.9071,0.8843
1748566101.366931,1.2257,1.1784,1.2096,1.2128,1.1792,1.1935,1.1,1.0656,1.06,0.9329,0.913,0.8722,0.9421,0.9246,0.8835
1748566101.483619,1.663,1.6687,1.6636,1.7004,1.6378,1.6622,1.5921,1.5843,1.4844,1.0965,1.1021,0.8768,1.1094,1.1201,0.8854
1748566101.595144,1.691,1.7114,1.7065,1.7775,1.702,1.7267,1.5838,1.5959,1.3923,1.2007,1.2577,0.8741,1.212,1.2668,0.8851
1748566101.708957,1.6775,1.7017,1.6907,1.7393,1.6633,1.6918,1.5462,1.5687,1.3603,1.1744,1.237,0.876,1.1862,1.2518,0.8846
1748566101.8231301,1.6611,1.6821,1.6735,1.7345,1.662,1.691,1.5276,1.5513,1.345,1.1645,1.2273,0.8762,1.1731,1.237,0.8843
1748566101.9369469,1.6531,1.6748,1.6671,1.7149,1.6332,1.6697,1.5056,1.5373,1.3281,1.1535,1.2265,0.8773,1.1655,1.2365,0.8848
1748566102.053283,1.6418,1.6453,1.6477,1.7788,1.7194,1.7401,1.4871,1.5075,1.3106,1.1424,1.1989,0.8779,1.1454,1.1989,0.8851
1748566102.1654751,1.6066,1.6141,1.6128,1.7315,1.6711,1.6931,1.4841,1.5086,1.3157,1.1317,1.1822,0.877,1.14,1.1876,0.8843
1748566102.279068,1.5969,1.6021,1.6015,1.7326,1.6883,1.7028,1.4452,1.4575,1.298,1.0938,1.1341,0.8762,1.0981,1.1392,0.8846
1748566102.3935292,1.5712,1.5776,1.5752,1.6765,1.6252,1.6407,1.3872,1.403,1.266,1.0551,1.0874,0.877,1.0632,1.0949,0.8832
1748566102.506923,1.5599,1.562,1.561,1.6542,1.6018,1.6198,1.3665,1.3796,1.2464,1.0433,1.0705,0.876,1.0508,1.0796,0.8851
1748566102.6261098,1.555,1.5567,1.5558,1.6582,1.6045,1.6203,1.371,1.3769,1.2542,1.0436,1.0592,0.8727,1.0503,1.0694,0.884
1748566102.734998,1.5881,1.5918,1.5878,1.6947,1.6394,1.6614,1.3745,1.3708,1.2534,1.0511,1.0613,0.8776,1.0557,1.0694,0.8843
1748566102.848949,1.5526,1.5513,1.5537,1.6891,1.6389,1.6614,1.3536,1.3477,1.237,1.032,1.0393,0.8741,1.0428,1.0476,0.884
1748566102.96294,1.5131,1.5062,1.5121,1.6139,1.5695,1.5835,1.3232,1.3039,1.2265,1.0097,1.0114,0.876,1.0189,1.0189,0.8848
1748566103.077143,1.4978,1.4828,1.4927,1.5822,1.5344,1.544,1.299,1.2735,1.2023,0.9993,0.9917,0.876,1.0119,0.9985,0.8848
1748566103.1939359,1.5341,1.5276,1.5271,1.5873,1.5416,1.5516,1.2668,1.237,1.18,0.9869,0.974,0.8736,0.9947,0.9807,0.8824
1748566103.305127,1.5317,1.5258,1.5271,1.58,1.5368,1.5478,1.2582,1.2367,1.1784,0.9748,0.9657,0.8738,0.9864,0.974,0.8862
1748566103.4190311,1.5107,1.5083,1.5088,1.5956,1.554,1.5607,1.2614,1.237,1.18,0.9711,0.96,0.8746,0.9815,0.9695,0.8827
1748566103.53304,1.5199,1.5115,1.5131,1.5626,1.5145,1.5293,1.237,1.2158,1.158,0.9786,0.9627,0.8749,0.9899,0.9716,0.8848
1748566103.6512399,1.5558,1.5518,1.5537,1.5658,1.5284,1.5354,1.2241,1.1975,1.1516,0.9668,0.945,0.8749,0.9764,0.9547,0.8864
1748566103.761216,1.5322,1.5287,1.5341,1.5704,1.5411,1.5462,1.2222,1.1956,1.1629,0.9531,0.9284,0.8746,0.9614,0.9399,0.8838
1748566103.8754911,1.5,1.4906,1.4938,1.4551,1.4199,1.4248,1.1728,1.1457,1.1212,0.9396,0.9173,0.8722,0.9466,0.9273,0.8856
1748566103.9891782,1.4463,1.4299,1.4363,1.4054,1.3692,1.3767,1.1465,1.1223,1.0965,0.9337,0.916,0.8741,0.9431,0.9275,0.8851
1748566104.103401,1.4511,1.4312,1.4417,1.4135,1.3796,1.3858,1.1338,1.1097,1.082,0.9378,0.9198,0.8752,0.9458,0.9305,0.8854
1748566104.2170932,1.3665,1.3286,1.3471,1.3404,1.2988,1.3039,1.1008,1.0718,1.0441,0.941,0.9227,0.8741,0.9523,0.9335,0.8859
1748566104.331083,1.3101,1.2606,1.288,1.2754,1.2249,1.2359,1.0914,1.0616,1.0312,0.9437,0.931,0.8744,0.9547,0.941,0.8846
