timestamp,R0C0,R0C1,R0C2,R1C0,R1C1,R1C2,R2C0,R2C1,R2C2,R3C0,R3C1,R3C2,R4C0,R4C1,R4C2
1748798331.54018,1.8798,1.7262,1.8024,1.4594,1.219,1.1099,1.5878,1.3651,1.2641,1.4661,1.2295,1.4205,1.446,1.1612,0.9012
1748798331.543277,1.8618,1.7401,1.7823,1.4495,1.2335,1.1263,1.5913,1.3595,1.2402,1.4742,1.2448,1.4006,1.4183,1.1731,0.8937
1748798331.558671,1.8717,1.7227,1.8054,1.4565,1.2357,1.1236,1.5937,1.3624,1.2706,1.453,1.2445,1.3923,1.4135,1.1591,0.9007
1748798331.566825,1.8766,1.7047,1.8065,1.4618,1.2365,1.1301,1.5738,1.3735,1.2502,1.461,1.2526,1.4137,1.4229,1.1876,0.9007
1748798331.6757948,1.8726,1.7146,1.7992,1.4508,1.2305,1.1314,1.5865,1.352,1.2357,1.4763,1.2547,1.4017,1.4199,1.1943,0.8999
1748798331.722225,1.8696,1.7143,1.8092,1.4449,1.237,1.1244,1.5991,1.3729,1.2652,1.4758,1.2735,1.4076,1.3874,1.1723,0.8937
1748798331.7338822,1.8532,1.7047,1.7842,1.4342,1.2088,1.1089,1.5773,1.3587,1.2461,1.4739,1.2287,1.3888,1.4154,1.1634,0.8905
1748798331.79361,1.8704,1.7286,1.7877,1.4637,1.2254,1.1081,1.5894,1.3581,1.2614,1.4487,1.2416,1.4277,1.4207,1.154,0.9058
1748798331.906608,1.8777,1.7135,1.8035,1.443,1.2292,1.1158,1.591,1.3571,1.2746,1.4677,1.2647,1.4148,1.4148,1.1698,0.912
1748798332.019325,1.8661,1.7106,1.7984,1.4454,1.2217,1.1062,1.5832,1.3681,1.2577,1.471,1.2512,1.4164,1.4086,1.1666,0.9109
1748798332.132458,1.8486,1.7194,1.7834,1.4358,1.2263,1.1228,1.5902,1.3385,1.2585,1.4669,1.2534,1.4035,1.4041,1.169,0.9179
1748798332.245471,1.8586,1.7227,1.807,1.4559,1.2263,1.1056,1.5717,1.3369,1.2499,1.4516,1.2467,1.3982,1.418,1.1682,0.8975
1748798332.35845,1.8726,1.7138,1.8035,1.4358,1.2193,1.1255,1.5738,1.3614,1.2628,1.4548,1.2483,1.3936,1.4003,1.1865,0.9042
1748798332.478121,1.8548,1.717,1.7804,1.4226,1.2343,1.1169,1.5832,1.3587,1.2442,1.4634,1.255,1.392,1.388,1.176,0.9023
1748798332.5844018,1.8653,1.7245,1.7869,1.4514,1.2421,1.118,1.5808,1.3662,1.2566,1.4602,1.2633,1.4156,1.3906,1.1599,0.923
1748798332.6975071,1.8489,1.7146,1.7933,1.432,1.237,1.1153,1.576,1.3418,1.2518,1.4777,1.2402,1.418,1.4151,1.1795,0.9012
1748798332.810404,1.8597,1.7235,1.8218,1.4487,1.2351,1.1126,1.5892,1.3603,1.2698,1.4694,1.2512,1.4076,1.4143,1.1594,0.9042
1748798332.9253929,1.9566,1.7527,1.8366,1.6227,1.2816,1.1526,1.7597,1.435,1.2977,1.7208,1.3662,1.5653,1.6472,1.2657,0.8856
1748798333.037323,2.0375,1.7981,1.9486,1.7514,1.3909,1.2083,1.9824,1.7944,1.5298,1.9757,1.583,1.8129,1.9123,1.5961,1.6235
1748798333.149394,2.2188,1.9916,2.1337,1.771,1.5448,1.2921,2.1428,2.0031,1.858,2.1546,1.9034,2.0772,1.8822,1.7232,1.1236
1748798333.2626922,2.1135,1.879,2.0472,1.8092,1.6687,1.3705,2.3434,2.2255,2.1186,2.4238,2.2357,2.337,1.9918,1.8016,1.1709
1748798333.3754728,2.1516,1.9198,2.1417,1.7842,1.7404,1.4836,2.4708,2.4431,2.3539,2.6615,2.5755,2.6593,2.0047,1.9206,1.1094
1748798333.490209,2.2602,1.9873,2.2473,1.933,1.8879,1.7001,2.553,2.4665,2.3926,2.6983,2.6397,2.6841,2.1874,2.0609,1.5773
1748798333.601853,2.0907,1.8135,2.1197,1.7442,1.7401,1.5964,2.3496,2.2806,2.2086,2.629,2.5484,2.6628,2.8302,2.8014,2.8428
1748798333.7144918,2.0506,1.7893,2.0708,1.6773,1.6802,1.5935,2.3934,2.3351,2.2868,2.669,2.6486,2.6988,1.9862,1.9999,1.4301
1748798333.827483,2.049,1.7229,2.0515,1.7471,1.7579,1.6096,2.5191,2.4802,2.4227,2.6784,2.6209,2.6811,2.0576,1.9958,1.014
1748798333.940526,2.5,2.3163,2.4847,2.2373,2.2677,2.3418,2.7663,2.7477,2.6078,2.7775,2.7106,2.7724,2.4063,2.312,1.1414
1748798334.055329,2.3609,2.1578,2.442,1.904,2.0391,2.1318,2.7429,2.7496,2.6236,2.8463,2.7652,2.842,2.3268,2.2193,0.9982
1748798334.166513,2.55,2.4721,2.5699,2.0415,2.1597,2.2467,2.7969,2.7783,2.6755,2.7738,2.7233,2.773,2.2921,2.2481,0.9595
1748798334.279552,2.5025,2.3679,2.5164,1.9222,2.0541,2.2129,2.7515,2.726,2.6631,2.6908,2.539,2.6529,2.3107,2.2478,1.1078
1748798334.392437,2.8291,2.716,2.7714,2.5578,2.5143,2.5301,2.9169,2.7998,2.6894,2.7566,2.5613,2.7007,2.5266,2.337,1.1631
1748798334.5112839,2.7765,2.6212,2.705,2.5626,2.488,2.5465,2.8831,2.7988,2.6814,2.78,2.5401,2.6884,2.5557,2.2843,0.9703
1748798334.618561,2.7577,2.597,2.6301,2.5728,2.4858,2.5352,2.8651,2.7582,2.665,2.7085,2.3698,2.6045,2.6153,2.2792,1.075
1748798334.731539,2.7179,2.5801,2.744,2.6024,2.4893,2.3088,2.961,2.857,2.784,2.7507,2.4882,2.8052,2.7474,2.5613,2.8267
1748798334.844445,2.3609,2.2032,2.3655,2.078,2.0399,1.8513,2.7544,2.7407,2.6438,2.5409,2.2873,2.532,2.637,2.3773,2.6276
1748798334.9575381,2.4512,2.3072,2.5041,2.1063,2.0958,2.0955,2.6851,2.6131,2.5261,2.4431,2.1363,2.4684,2.452,2.078,2.5199
1748798335.070674,2.8221,2.6822,2.7147,2.4095,2.341,2.3526,2.6634,2.5398,2.4012,2.4267,2.0348,2.4807,2.3279,1.9518,2.5232
1748798335.1834502,2.78,2.6986,2.7348,2.409,2.3676,2.3716,2.6072,2.5191,2.283,2.4506,2.0004,2.4847,2.4101,2.0369,2.5656
1748798335.296534,2.8635,2.7732,2.7958,2.5417,2.5385,2.4866,2.7837,2.6873,2.6037,2.6336,2.2803,2.6497,2.6497,2.387,2.7902
1748798335.409565,2.8393,2.7719,2.8122,2.5516,2.5796,2.5068,2.8004,2.7268,2.5951,2.7174,2.4337,2.7851,2.7692,2.5645,2.8895
1748798335.5230331,2.8847,2.824,2.8895,2.7797,2.748,2.7037,2.8616,2.8541,2.7284,2.9204,2.8447,2.9094,2.5519,2.5137,1.1011
1748798335.635944,2.893,2.7848,2.8409,2.6271,2.6639,2.6268,2.7415,2.7638,2.6405,2.9255,2.9382,2.8998,2.5256,2.5127,1.1575
1748798335.748666,2.8616,2.7719,2.7931,2.5398,2.6349,2.5796,2.8049,2.8253,2.6671,2.8895,2.8364,2.878,2.488,2.4893,1.0809
1748798335.8614662,2.7668,2.7149,2.7542,2.4966,2.6572,2.572,2.7144,2.78,2.6252,2.8557,2.8608,2.8495,2.4471,2.4678,0.9343
1748798335.974494,2.8055,2.7512,2.7821,2.5546,2.6529,2.6228,2.7308,2.7542,2.6078,2.8968,2.8702,2.8726,2.4667,2.4313,0.9654
1748798336.087574,2.8718,2.7579,2.8221,2.8329,2.8455,2.7714,3.0225,3.0467,2.7746,2.9806,3.1066,2.9948,3.0188,3.1477,3.1171
1748798336.202407,2.8275,2.7147,2.7853,2.5906,2.6658,2.6811,2.8264,2.8095,2.6889,3.0644,3.019,3.1206,2.8981,2.9191,3.0612
1748798336.314343,2.784,2.6881,2.7566,2.5548,2.608,2.6569,2.6851,2.6814,2.5189,2.9059,2.9049,2.9844,2.7539,2.7775,2.9825
1748798336.426655,2.7625,2.7066,2.7902,2.5425,2.6435,2.665,2.6658,2.6507,2.5197,2.8638,2.8468,2.9323,2.6918,2.7238,2.8796
1748798336.539914,2.7372,2.6902,2.7805,2.5272,2.6011,2.6717,2.6435,2.6497,2.5374,2.8377,2.8506,2.9301,2.7171,2.7174,2.9272
1748798336.652735,2.7829,2.7029,2.7778,2.6078,2.6467,2.7147,2.6975,2.6905,2.5538,2.8753,2.8638,2.9701,2.7278,2.7437,2.9132
1748798336.765853,2.773,2.6867,2.8041,2.69,2.6859,2.7295,2.72,2.6884,2.557,2.8764,2.9,2.9991,2.7198,2.7512,2.9293
1748798336.878486,2.8275,2.694,2.7765,2.7308,2.7235,2.7257,2.7802,2.7128,2.5715,2.8901,2.8925,2.9846,2.7738,2.7829,2.9435
1748798336.991474,2.7902,2.6846,2.7923,2.7158,2.6808,2.7445,2.7781,2.7316,2.5844,2.9051,2.86,2.979,2.7389,2.784,2.954
1748798337.104735,2.8342,2.6972,2.7714,2.7273,2.6926,2.7466,2.7582,2.7115,2.593,2.9084,2.8804,3.0094,2.7732,2.7617,2.965
1748798337.2181828,2.8154,2.7066,2.7958,2.6612,2.672,2.7131,2.737,2.6943,2.5887,2.957,2.8909,2.9991,2.7555,2.7649,2.9554
1748798337.330558,2.8914,2.8039,2.8705,2.8119,2.8079,2.8033,3.0719,3.0212,2.8947,3.1018,3.1114,3.1858,3.0161,3.0639,3.178
1748798337.443479,2.8433,2.7362,2.8522,2.7896,2.7356,2.8017,3.0631,3.0139,3.0061,3.1496,3.156,3.2533,2.4254,2.3773,2.8651
1748798337.556693,2.8933,2.7394,2.8764,2.9736,2.8844,2.8938,3.1737,3.087,3.0542,3.2715,3.2178,3.2882,2.5594,2.6567,2.9519
1748798337.6696188,2.8092,2.7066,2.8275,2.8224,2.7348,2.752,3.1541,3.087,3.0456,3.1275,3.1112,3.2363,2.4888,2.5393,2.8184
1748798337.782572,3.0008,2.8095,2.9618,3.0351,2.954,2.99,3.1823,3.1823,3.1203,3.249,3.2028,3.2772,3.0873,3.0768,3.1912
1748798337.895498,2.8667,2.6873,2.8412,2.8541,2.7496,2.8503,2.9916,2.91,2.8127,3.0271,2.9685,3.0765,3.0051,2.9414,3.0902
1748798338.008736,2.8141,2.6698,2.8237,2.7757,2.7434,2.8087,2.8592,2.8125,2.7303,2.9564,2.8764,3.0123,2.9726,2.9355,3.0711
1748798338.124442,2.9178,2.8108,2.9153,2.7211,2.7625,2.8466,2.7273,2.9057,2.8463,3.0287,3.1077,3.1662,3.0349,3.08,3.1759
1748798338.235046,2.9148,2.7966,2.911,2.9145,2.8399,2.9231,2.8783,2.9382,2.9223,2.8168,2.6937,2.8047,3.0327,3.0158,3.1138
1748798338.3474612,3.3,3.3,3.3,2.727,2.7582,2.8291,2.9521,2.9691,2.9766,2.7458,2.6105,2.6854,2.9207,2.8938,3.0486
1748798338.460746,3.3,2.6464,2.8087,2.7031,2.6736,2.8004,2.9454,2.9683,2.9828,2.8337,2.7273,2.8369,2.8976,2.8877,3.0749
1748798338.577593,3.3,3.3,3.3,2.7923,2.7614,2.8388,3.0429,3.0094,2.9226,3.0491,3.073,3.1026,2.8947,2.929,3.0518
1748798338.687208,2.7507,2.6196,2.7652,2.738,2.6849,2.7547,2.9903,2.9591,2.8914,2.82,2.737,2.6698,2.9347,2.9135,3.0147
1748798338.799923,2.8127,2.5745,2.7534,2.8259,2.7507,2.7883,3.1711,3.062,3.0231,2.8527,2.7238,2.7483,2.9457,2.9075,3.0612
1748798338.91257,2.8632,2.6276,2.8436,2.9218,2.7673,2.8116,3.1509,3.0856,2.9887,3.1587,3.1789,3.2538,2.9844,2.9871,3.1402
1748798339.0258508,2.8678,2.6618,2.7982,2.8726,2.7622,2.7585,3.0701,2.9709,2.8573,2.9911,2.9524,3.1219,2.878,2.8579,3.0639
1748798339.1395571,2.824,2.5984,2.7748,2.8334,2.6978,2.7295,3.0523,2.9709,2.8138,3.0287,3.0069,3.1023,2.8213,2.8256,3.0104
1748798339.251619,2.7979,2.579,2.7689,2.842,2.6545,2.7474,3.0228,2.9532,2.8221,3.0139,2.9879,3.0918,2.8329,2.7754,2.982
1748798339.364706,2.8474,2.5626,2.7507,2.8235,2.6932,2.7453,3.0368,2.9591,2.8049,2.9685,3.0013,3.0674,2.8106,2.8049,3.0096
1748798339.478148,2.795,2.5769,2.7864,2.8716,2.6988,2.7402,3.0593,2.983,2.8256,2.9774,2.9489,3.0781,2.8436,2.8114,2.9822
1748798339.593697,2.8275,2.5688,2.7695,2.8718,2.6798,2.7182,3.0805,2.9927,2.8407,3.0069,2.9613,3.1216,2.81,2.7958,2.9836
1748798339.7036202,2.8098,2.5425,2.7563,2.8092,2.6653,2.7249,3.0464,2.968,2.8202,3.0145,2.99,3.0604,2.8318,2.7767,3.0064
1748798339.816879,2.8009,2.539,2.7526,2.7979,2.6507,2.7295,3.0467,2.9591,2.8181,2.9696,2.9427,3.0725,2.8347,2.784,2.9739
1748798339.929643,2.7996,2.5382,2.762,2.8278,2.672,2.7026,3.0558,2.9304,2.7961,2.9806,2.9699,3.0773,2.8146,2.7928,2.9997
1748798340.044666,2.7816,2.5618,2.7791,2.7982,2.6661,2.7308,3.0604,2.9717,2.8721,2.9873,2.9521,3.0539,2.8184,2.7802,3.0123
1748798340.1561239,2.8372,2.6311,2.8149,2.7896,2.6583,2.7152,3.0359,2.9932,2.8468,3.0118,2.9417,3.0932,2.8076,2.7579,3.0091
1748798340.268907,3.3,2.5911,2.7958,2.7899,2.6701,2.7257,3.0706,2.9626,2.8517,2.9954,2.9341,3.0811,2.8106,2.7942,2.9825
1748798340.381624,2.8358,2.5801,2.7671,2.7985,2.7101,2.7727,3.0797,3.066,2.9613,3.0867,3.0736,3.1523,2.9145,2.8654,3.0478
1748798340.498594,2.7141,2.6626,2.7665,2.2226,2.3888,2.5312,1.536,1.9314,2.1952,2.6126,2.6354,2.781,2.745,2.7598,2.8823
1748798340.60813,2.6666,2.6841,2.7797,1.6227,1.6896,2.3058,1.6724,1.9341,2.2414,2.6822,2.6556,2.8455,2.654,2.6121,2.835
1748798340.7206972,2.7569,2.7832,2.7515,1.1059,1.0855,1.864,2.1611,2.1874,2.2277,2.8654,2.8527,2.9599,2.7262,2.7018,2.8388
1748798340.833836,2.5715,2.5449,2.5946,1.0852,1.039,1.7936,1.9045,1.9225,1.9628,2.6147,2.6091,2.7031,2.5154,2.5234,2.6478
1748798340.94693,2.5326,2.5223,2.5876,1.0581,1.0052,1.7353,1.7385,1.7734,1.8282,2.4232,2.4173,2.5022,2.3802,2.3566,2.5207
1748798341.060213,2.5855,2.5839,2.6309,1.0914,1.057,1.8003,1.706,1.7664,1.8349,2.5304,2.5121,2.6591,2.4544,2.4307,2.5634
1748798341.1726148,2.7888,2.7558,2.7808,1.7321,1.6644,1.9803,1.3826,1.6708,1.7842,2.2607,2.2373,2.3956,2.1576,2.1063,2.3069
1748798341.285998,2.5852,2.572,2.6002,1.341,1.4406,1.71,1.489,1.6955,1.6998,2.3687,2.3378,2.4442,2.3058,2.2779,2.3864
1748798341.402672,2.3434,2.3426,2.3843,1.3547,1.2316,1.6483,1.7729,1.868,1.8376,2.5226,2.517,2.5723,2.5688,2.5401,2.6137
1748798341.512253,2.261,2.2892,2.3101,1.2808,1.1803,1.5534,1.6241,1.7065,1.6797,2.3757,2.3596,2.431,2.2948,2.2341,2.3794
1748798341.624696,2.5215,2.5073,2.5159,1.7557,1.4669,1.7957,1.4557,1.6703,1.6609,2.2712,2.1729,2.269,1.753,1.6928,0.8744
1748798341.73783,2.6086,2.5962,2.6024,1.8409,1.6899,1.8159,1.4022,1.5491,1.5567,2.0496,2.0023,2.0719,1.6354,1.6195,0.902
1748798341.860815,2.2658,2.2725,2.3107,1.6179,1.3917,1.3517,2.2298,2.2774,2.2951,2.7093,2.6983,2.7448,2.7026,2.6507,2.6902
1748798341.963788,2.2629,2.2766,2.3163,1.8572,1.4446,1.2357,2.5771,2.5688,2.6035,2.993,2.9914,2.9962,2.6822,2.6534,2.6862
1748798342.076757,2.2384,2.2379,2.2508,1.8731,1.4103,1.1669,2.6693,2.658,2.6623,2.6322,2.5342,2.5954,1.9413,1.5964,1.0944
1748798342.189801,2.4283,2.4291,2.4514,1.9515,1.5956,1.5789,2.3042,2.1143,2.009,2.1267,1.8666,1.9153,1.8712,1.5115,0.92
1748798342.3072698,2.6706,2.6454,2.6451,2.2876,2.0318,2.1033,2.0635,1.937,1.8478,2.0799,1.8059,1.8739,1.8723,1.5548,0.9214
1748798342.416378,2.351,2.3281,2.3496,2.0069,1.8967,1.7347,1.8384,1.7506,1.7235,2.2064,2.0138,2.0587,1.8849,1.6421,0.9372
1748798342.528738,2.7963,2.7794,2.7421,2.3354,2.287,2.2451,1.7055,1.6351,1.6077,1.9698,1.745,1.8202,1.756,1.519,0.8991
1748798342.641943,2.8299,2.7566,2.7759,2.2747,2.2011,2.1503,1.68,1.6225,1.5961,1.9961,1.749,1.8245,1.7796,1.4892,0.9042
1748798342.7643788,2.1769,2.0498,2.1833,1.8188,1.7831,1.5738,1.7106,1.644,1.5932,2.233,2.099,2.1925,1.868,1.7173,1.1674
1748798342.867656,2.0343,1.8358,2.0418,1.6636,1.7385,1.4608,1.8548,1.7812,1.6767,2.8318,2.8366,2.8329,2.7286,2.7217,2.7808
1748798342.9806988,1.9668,1.7235,1.9604,1.5427,1.6295,1.3458,1.7211,1.7028,1.576,2.7703,2.7499,2.7595,2.6435,2.5874,2.6174
1748798343.097939,1.9308,1.6547,1.9284,1.4605,1.5862,1.2794,1.7393,1.7028,1.6026,3.0,3.0241,2.9811,2.9605,2.9752,2.9382
1748798343.2076569,1.8696,1.5454,1.8911,1.378,1.543,1.2776,1.9843,2.0044,1.9507,2.9478,2.9572,2.9486,2.936,2.9285,2.925
1748798343.3198478,1.8,1.4468,1.8234,1.3536,1.482,1.2244,2.0982,2.1003,2.0249,2.9392,2.9661,2.947,2.8745,2.8689,2.874
1748798343.432755,1.764,1.4497,1.7971,1.3087,1.4656,1.18,2.0931,2.0963,2.0326,2.8544,2.845,2.9051,2.864,2.8463,2.8831
1748798343.5457091,1.8274,1.5131,1.832,1.4119,1.5333,1.1819,1.8564,1.8532,1.7651,2.9806,2.982,3.0094,2.8906,2.8874,2.8793
1748798343.6591659,1.8194,1.5529,1.8022,1.3866,1.3963,1.2152,1.5048,1.5056,1.4814,2.355,2.2827,2.3254,1.5002,1.4481,0.9267
1748798343.7725272,2.0095,1.8194,1.9706,1.5217,1.5763,1.3627,1.6088,1.5497,1.482,2.1664,2.0235,2.0966,1.6246,1.5118,0.913
1748798343.8846982,2.0224,1.9437,2.0286,1.4734,1.5389,1.4068,1.4774,1.4613,1.4414,1.8817,1.7168,1.8041,1.543,1.4189,0.891
1748798343.997777,2.3786,2.348,2.3676,1.7987,1.8881,1.8715,1.6934,1.5851,1.544,1.9459,1.6872,1.7587,1.6859,1.4651,0.8889
1748798344.111014,2.6209,2.5237,2.5841,2.3843,2.3077,2.3072,2.0289,1.8164,1.7442,2.0219,1.6896,1.7627,1.8145,1.4374,0.8948
1748798344.226102,2.5699,2.5191,2.5054,2.2776,2.2908,2.2529,1.8046,1.6786,1.5969,1.9327,1.6539,1.756,1.6974,1.4213,0.9066
1748798344.336947,2.1747,2.1148,2.164,1.6595,1.7138,1.619,1.5446,1.5706,1.5169,1.8734,1.7237,1.8669,1.5421,1.446,0.9101
1748798344.450179,2.2172,2.1828,2.2704,1.5446,1.7202,1.8583,1.4487,1.6684,1.9112,1.9265,1.8887,2.1425,1.7506,1.7106,2.0447
1748798344.565127,2.2427,2.261,2.294,1.5287,1.7444,1.9123,1.4178,1.6988,1.8632,1.9483,1.9069,2.0743,1.6337,1.6184,1.1201
1748798344.676399,2.1876,2.1984,2.2543,1.4672,1.6671,1.767,1.3831,1.6262,1.7194,1.8331,1.7995,1.9171,1.5972,1.511,0.8967
1748798344.7887208,2.2287,2.233,2.2669,1.417,1.6711,1.7396,1.3756,1.5698,1.7313,1.8336,1.7662,1.8782,1.5572,1.4927,0.8993
1748798344.9019048,2.2441,2.2685,2.2811,1.4401,1.6816,1.7549,1.3917,1.5978,1.7106,1.8204,1.738,1.8586,1.5838,1.4694,0.8942
1748798345.01676,2.2223,2.2253,2.2508,1.3995,1.6313,1.702,1.3614,1.5741,1.6802,1.8062,1.7221,1.8637,1.551,1.4334,0.9026
1748798345.1282911,2.2328,2.2295,2.2285,1.4178,1.6002,1.7041,1.3673,1.5516,1.6859,1.7949,1.7178,1.8266,1.5325,1.4285,0.916
1748798345.2408519,2.2341,2.2537,2.265,1.5975,1.7339,1.7957,1.4366,1.5601,1.634,1.8194,1.6896,1.7887,1.5411,1.4347,0.8703
1748798345.353743,2.2132,2.2048,2.2137,1.5822,1.6585,1.5897,1.5524,1.4634,1.4957,1.8349,1.641,1.7447,1.5822,1.3662,0.9063
1748798345.46678,2.2937,2.2094,2.2529,1.5988,1.5362,1.3767,1.6988,1.3829,1.3538,1.9295,1.6474,1.6953,1.6899,1.3681,0.9149
1748798345.580339,2.4025,2.3042,2.3236,1.6748,1.4989,1.2845,1.745,1.3834,1.2609,1.9937,1.7224,1.6523,1.7036,1.3407,0.8948
1748798345.693158,2.3695,2.247,2.2835,1.688,1.4895,1.2759,1.7549,1.3638,1.2139,1.959,1.7372,1.6668,1.7417,1.3726,0.877
1748798345.8058722,2.2991,2.1954,2.1936,1.6354,1.4121,1.2332,1.7052,1.3264,1.1911,1.8959,1.6703,1.6402,1.6896,1.3289,0.9007
1748798345.919085,2.2564,2.1568,2.1909,1.5924,1.4038,1.2147,1.6633,1.302,1.1916,1.8814,1.6407,1.6133,1.6217,1.2676,0.902
1748798346.032784,2.2567,2.1366,2.1774,1.5886,1.4554,1.2639,1.6727,1.3479,1.2252,1.7509,1.3976,1.1024,1.6891,1.3141,0.8958
1748798346.145049,2.0568,1.9588,2.0415,1.5263,1.5325,1.4207,1.6128,1.5059,1.4659,1.8989,1.71,1.7836,1.576,1.3845,0.8916
1748798346.257824,2.1076,2.0418,2.1033,1.569,1.6515,1.6055,1.5271,1.5988,1.6552,1.8739,1.7439,1.8798,1.5671,1.4449,0.9012
1748798346.371061,2.2102,2.2465,2.2835,1.6066,1.7718,1.8366,1.4406,1.7079,1.8086,1.9024,1.846,1.9862,1.6217,1.5556,0.999
1748798346.4879282,2.2121,2.2129,2.2884,1.5287,1.7278,1.8089,1.4205,1.6808,1.7992,1.8895,1.8602,1.966,1.6085,1.5325,0.916
1748798346.596951,2.1954,2.1949,2.2312,1.4503,1.7004,1.7801,1.3933,1.6668,1.7603,1.8836,1.8664,1.9488,1.6123,1.5185,0.9187
1748798346.709795,2.1543,2.1498,2.207,1.4113,1.6485,1.735,1.3799,1.6171,1.7001,1.8253,1.7863,1.9257,1.5776,1.4753,0.8805
1748798346.823091,2.1503,2.1672,2.1973,1.3971,1.6281,1.7012,1.3638,1.5575,1.6877,1.8054,1.7495,1.8852,1.5459,1.4554,0.92
1748798346.9363241,2.1414,2.1138,2.1678,1.385,1.5975,1.6652,1.3592,1.547,1.6845,1.8043,1.7643,1.8768,1.5413,1.4326,0.9055
1748798347.048893,2.1901,2.2124,2.2263,1.5314,1.7135,1.7503,1.4199,1.5658,1.6754,1.8024,1.6985,1.8481,1.5964,1.4256,0.8832
1748798347.161848,2.2298,2.2024,2.2363,1.5545,1.5658,1.5231,1.547,1.4272,1.5032,1.8696,1.6281,1.7482,1.6109,1.3928,0.9001
1748798347.277656,2.2551,2.1503,2.2116,1.5685,1.4761,1.3509,1.6453,1.3262,1.3084,1.9026,1.67,1.6719,1.6166,1.3205,0.8846
1748798347.3880289,2.3126,2.2078,2.2336,1.5838,1.4293,1.2453,1.6775,1.3286,1.244,1.929,1.7041,1.6593,1.6399,1.3015,0.873
1748798347.500997,2.3367,2.2121,2.2403,1.6265,1.4422,1.2716,1.7329,1.3334,1.1954,1.966,1.7004,1.6131,1.6958,1.3364,0.901
1748798347.613943,2.2913,2.1911,2.2067,1.6023,1.4342,1.2222,1.6735,1.2985,1.179,1.9155,1.7106,1.63,1.6679,1.3114,0.8948
1748798347.730186,2.3117,2.2081,2.2526,1.5956,1.4119,1.23,1.6757,1.2843,1.1688,1.9537,1.7084,1.6426,1.6496,1.3004,0.9058
1748798347.8398669,2.308,2.1613,2.2333,1.6273,1.4172,1.2018,1.6708,1.2757,1.136,1.7503,1.4395,1.1535,1.6555,1.2961,0.8784
1748798347.9530828,2.2868,2.1627,2.2,1.6466,1.4205,1.2002,1.7313,1.2754,1.1693,1.9373,1.7374,1.4516,1.6587,1.2996,0.9114
1748798348.065985,2.2338,2.1025,2.167,1.6015,1.428,1.2211,1.6894,1.2939,1.1414,1.9349,1.8323,1.7681,1.656,1.324,0.8824
1748798348.183976,2.1683,1.9881,2.0646,1.5709,1.4342,1.2029,1.6324,1.2622,1.1338,2.1234,2.0157,1.9601,1.6284,1.3281,0.8988
1748798348.292256,2.1675,1.9856,2.0539,1.6222,1.3893,1.1747,1.6708,1.2832,1.1505,2.1095,1.9658,1.9252,1.6684,1.3294,0.8902
1748798348.40557,2.2962,2.1186,2.1637,1.742,1.4605,1.1991,1.7576,1.2765,1.1497,1.8384,1.7525,1.7941,1.753,1.3383,0.8918
1748798348.5184991,2.2929,2.0802,2.1347,1.7509,1.4661,1.1728,1.7562,1.2945,1.1301,2.0657,1.8613,1.7326,1.7758,1.3587,0.8792
1748798348.631009,2.2682,2.0579,2.1304,1.775,1.4565,1.2018,1.7834,1.306,1.1406,2.1108,1.8881,1.8137,1.775,1.3818,0.8891
1748798348.744083,2.2494,2.048,2.1229,1.7987,1.5201,1.2163,1.8075,1.3501,1.1435,2.2704,2.121,2.0208,1.8011,1.4546,0.883
1748798348.8569002,2.222,1.8863,1.9985,1.7678,1.5215,1.1728,1.76,1.4213,1.1403,2.4326,2.3545,2.2809,1.7659,1.4573,0.9106
1748798348.970264,2.0515,1.746,1.8986,1.7049,1.4667,1.1312,1.7017,1.3552,1.1169,2.3367,2.2373,2.1468,1.7342,1.4283,0.9184
1748798349.084795,2.1927,1.9316,2.0259,1.7947,1.4836,1.183,1.7638,1.3385,1.1317,2.1828,1.9867,1.9231,1.778,1.4108,0.9015
1748798349.195957,2.1761,1.9059,1.9744,1.7777,1.4659,1.1715,1.7777,1.3286,1.125,2.0754,1.8409,1.7815,1.7796,1.3579,0.8977
1748798349.308876,2.0727,1.9051,1.9462,1.7087,1.4452,1.1819,1.7202,1.3101,1.1543,1.746,1.3184,0.9004,1.7103,1.3197,0.8972
1748798349.421948,2.1216,1.9408,2.031,1.6405,1.4452,1.2015,1.7149,1.3299,1.2738,2.0114,1.7756,1.8094,1.6974,1.363,0.9012
1748798349.537088,2.0737,1.9413,2.02,1.5561,1.4183,1.1819,1.666,1.3111,1.2867,2.0549,1.9228,1.9214,1.6115,1.3649,0.8953
1748798349.647923,2.0165,1.8919,1.9703,1.5002,1.4019,1.1535,1.634,1.3917,1.3254,2.2287,2.1449,2.1519,1.5701,1.4092,0.9238
1748798349.760915,1.9773,1.7963,1.9128,1.453,1.4422,1.1792,1.6587,1.5002,1.461,2.3762,2.2924,2.333,1.5419,1.4758,0.9077
1748798349.873921,1.7675,1.511,1.763,1.3165,1.396,1.215,1.6195,1.5223,1.5199,2.1747,2.1073,2.1774,1.5747,1.4938,1.0148
1748798349.99217,1.7436,1.5298,1.8041,1.2741,1.4095,1.23,1.6262,1.5886,1.5317,2.0044,1.8811,1.9878,2.0861,1.9714,2.0891
1748798350.10039,2.0085,1.8916,2.0437,1.4661,1.5341,1.4782,1.6254,1.573,1.5873,1.9859,1.8207,1.977,2.0028,1.8529,2.016
1748798350.212933,2.3416,2.2798,2.3512,1.7777,1.9475,1.9658,1.8495,1.764,1.7734,2.2733,2.0764,2.1844,1.904,1.7009,0.9187
1748798350.326085,2.3649,2.3077,2.4447,1.7914,2.0772,2.1482,2.016,2.0308,1.9985,2.5473,2.4812,2.5519,2.3007,2.0713,2.3416
1748798350.440228,2.0292,2.0885,2.265,1.6015,1.9316,2.0676,2.4375,2.3907,2.2647,2.7993,2.7754,2.81,2.1385,1.9934,1.0401
1748798350.552494,1.9883,1.9169,2.2099,1.6254,1.9478,2.0501,2.4141,2.3733,2.1154,2.9728,2.9156,2.9266,2.1457,2.0716,1.2096
1748798350.665121,2.3907,2.196,2.3246,1.8854,1.9308,1.8914,2.2301,2.0195,1.8237,2.4447,2.3069,2.3961,2.0807,1.8008,1.0522
1748798350.7782772,2.5718,2.4799,2.5146,1.879,1.81,1.8803,2.2621,2.0802,1.9443,2.4289,2.2865,2.3926,2.0641,1.8078,1.1728
1748798350.8929589,2.5382,2.4579,2.5095,1.7057,1.7291,1.7815,2.0361,1.9096,1.832,2.1382,1.9983,2.1739,1.8962,1.6942,1.0339
1748798351.00469,2.2424,2.1041,2.2013,1.5483,1.5975,1.648,2.0402,1.9483,1.894,2.0649,1.9292,2.0807,1.7621,1.638,0.9437
1748798351.1170602,2.0721,1.9091,2.1428,1.5336,1.5806,1.7127,2.078,2.0098,2.0098,2.0603,1.9147,2.1554,2.0308,1.8817,2.1511
1748798351.230031,2.1772,2.1092,2.2929,1.6472,1.7224,1.8852,1.9851,1.9843,1.9985,2.0254,1.8309,2.1782,1.9607,1.8323,2.153
1748798351.343106,2.0767,1.9948,2.2929,1.5048,1.8113,2.1159,2.2698,2.2621,2.305,2.1422,1.9448,2.3096,1.9824,1.8175,2.2564
1748798351.458722,2.0004,1.8621,2.2478,1.3772,1.803,2.0915,2.4192,2.3843,2.3827,2.2553,2.1025,2.406,2.0627,1.8828,2.2884
1748798351.569576,2.0181,1.9123,2.2161,1.3877,1.7965,2.0512,2.2064,2.1809,2.1653,2.0815,1.8975,2.2494,1.9319,1.7887,2.193
1748798351.68205,2.0533,1.9572,2.1987,1.4019,1.746,1.9475,1.9284,1.8554,1.8411,1.9682,1.7621,2.1148,1.8527,1.7385,2.0721
1748798351.7952619,2.1157,2.0461,2.2621,1.4172,1.8395,2.013,2.0023,1.9182,1.8975,2.1479,1.9899,2.2838,1.9899,1.8073,2.1766
1748798351.908611,2.066,2.0324,2.2741,1.4256,1.7941,2.0122,1.9924,1.8991,1.8355,2.2215,2.0708,2.3305,2.0294,1.8207,2.221
1748798352.0219488,1.9864,1.9666,2.2188,1.4825,1.6985,1.9921,2.0069,1.9147,1.803,2.3738,2.2809,2.4705,2.0493,1.8881,2.222
1748798352.134015,2.0907,2.0399,2.3069,1.6641,1.749,2.0917,2.1143,1.9797,1.8656,2.5033,2.3896,2.5734,2.1474,1.9263,2.3083
1748798352.247078,2.2637,2.1541,2.3652,1.7933,1.9445,2.1554,2.1294,1.9029,1.7033,2.3571,2.1605,2.4187,2.1788,1.9037,2.2857
1748798352.370742,2.1933,1.9217,2.1482,1.7998,1.9268,1.9061,2.0155,1.9169,1.7353,2.2449,2.0402,2.2964,2.131,1.8943,2.2051
1748798352.473005,1.9835,1.5639,2.041,1.8347,1.8465,1.5389,2.2121,2.1919,1.9676,2.2951,2.1116,2.3542,2.1342,1.9666,2.2287
1748798352.586091,1.919,1.4382,2.0198,1.9854,1.8645,1.4363,2.4291,2.3394,2.2618,2.1422,2.001,2.258,2.077,1.894,2.2091
1748798352.6989892,1.9547,1.5682,2.0337,1.8766,1.821,1.63,2.1576,2.0423,1.9789,1.9542,1.814,2.096,1.8771,1.7031,2.0536
1748798352.816277,2.3432,2.3174,2.3883,1.634,1.6598,1.7103,1.8938,1.7619,1.7662,1.7084,1.6144,1.9459,1.6657,1.5556,1.9494
1748798352.925128,2.2556,2.232,2.2929,1.497,1.5604,1.569,1.7976,1.6829,1.688,1.6638,1.5647,1.8666,1.6179,1.5045,1.8782
1748798353.0380101,2.1718,2.149,2.2161,1.4984,1.5131,1.4769,1.7605,1.6598,1.6668,1.7143,1.6072,1.8736,1.6528,1.4908,1.8521
1748798353.151071,2.3359,2.2948,2.3553,1.4844,1.4994,1.489,1.7823,1.6311,1.6335,1.6711,1.5486,1.8387,1.623,1.4527,1.818
1748798353.2644339,2.0697,2.0249,2.1331,1.6098,1.5223,1.4855,1.7568,1.5585,1.6106,1.7071,1.594,1.8443,1.7079,1.5421,1.8438
1748798353.37873,2.0259,1.9373,2.0396,1.5776,1.5776,1.4272,1.8629,1.7036,1.6773,1.9102,1.7613,1.9819,1.9599,1.7928,2.0246
1748798353.490046,1.9545,1.7801,1.9816,1.6106,1.5838,1.4293,1.9762,1.8336,1.7716,2.0807,1.9131,2.1119,2.1973,2.0488,2.2408
1748798353.60302,1.9236,1.71,1.9472,1.5322,1.5628,1.3823,2.0958,2.0386,1.9462,2.4431,2.3561,2.4619,2.7697,2.7638,2.7998
1748798353.716177,1.8723,1.6407,1.9029,1.4382,1.4626,1.3673,2.1777,2.135,2.0345,2.8861,2.8318,2.882,2.874,2.8565,2.9247
1748798353.832305,1.9142,1.8196,1.9588,1.3595,1.4148,1.3504,2.128,2.1267,2.052,2.9965,2.9696,2.9983,2.8579,2.849,2.8656
1748798353.9428868,1.9053,1.8473,1.9821,1.2811,1.3649,1.3136,2.066,2.048,1.9768,2.9795,2.975,2.9674,2.8396,2.831,2.8917
1748798354.0551722,1.9295,1.8734,2.0018,1.2926,1.3571,1.2937,2.0566,2.0278,1.9534,2.9344,2.878,2.932,2.8442,2.8428,2.8976
1748798354.168038,1.9722,1.9564,2.0163,1.3007,1.3238,1.3031,1.7514,1.5857,1.5814,1.9832,1.8973,2.0093,2.1554,2.0834,2.1715
1748798354.285593,2.016,1.9306,2.0063,1.4135,1.309,1.2451,1.7823,1.5964,1.6002,2.0241,1.8634,2.0012,2.2236,2.1224,2.2196
1748798354.394233,1.9658,1.8744,1.98,1.3095,1.2507,1.2359,1.7605,1.6383,1.6319,2.193,2.0756,2.2132,2.5847,2.5844,2.6499
1748798354.507203,1.9419,1.846,1.9787,1.2714,1.2891,1.2905,1.9711,1.9163,1.8347,2.9876,2.9798,3.0142,2.8468,2.8291,2.8713
1748798354.620218,1.8723,1.7979,1.9257,1.2676,1.2773,1.2899,2.157,2.1038,2.1218,2.94,2.9022,2.9186,2.8321,2.8536,2.8466
1748798354.7364109,1.8516,1.7753,1.9021,1.1806,1.2485,1.2751,2.1302,2.1052,2.0977,2.8646,2.8399,2.8627,2.8342,2.8382,2.8286
1748798354.846098,1.8188,1.7482,1.8546,1.168,1.2244,1.2719,2.1202,2.1251,2.0724,2.7934,2.8415,2.8208,2.7759,2.7816,2.7928
1748798354.95914,1.8218,1.7544,1.8731,1.1336,1.2023,1.2222,2.0869,2.0695,2.0711,2.8417,2.8345,2.8264,2.7859,2.7883,2.7918
1748798355.0720682,1.8739,1.8024,1.9104,1.1752,1.2093,1.2531,2.2062,2.2081,2.1906,2.9191,2.8987,2.9204,2.8122,2.7971,2.8474
1748798355.185347,1.9359,1.8414,1.9314,1.2735,1.2201,1.2139,2.0936,2.0498,1.9899,2.8224,2.8259,2.7974,2.875,2.8788,2.871
1748798355.299371,2.005,1.9424,2.0326,1.374,1.3184,1.2964,1.8857,1.7815,1.7603,2.3467,2.2384,2.3327,2.6824,2.6599,2.6862
1748798355.411754,2.0157,1.947,2.0335,1.4309,1.3275,1.266,1.691,1.4522,1.5389,1.7858,1.7208,1.854,1.8723,1.7799,1.9612
1748798355.52411,2.0917,2.0114,2.1084,1.5677,1.4484,1.3439,1.6724,1.475,1.5518,1.6308,1.5916,1.8223,1.6681,1.5569,1.818
1748798355.637175,2.1291,2.0598,2.1672,1.7431,1.5352,1.392,1.692,1.4309,1.5215,1.5875,1.526,1.814,1.5889,1.4753,1.803
1748798355.7528121,2.1441,2.0404,2.1447,1.7423,1.5421,1.418,1.7001,1.4352,1.5147,1.5301,1.4229,1.7495,1.4911,1.3804,1.7667
1748798355.863148,2.2524,2.1927,2.2666,1.8908,1.6877,1.4903,1.8167,1.5591,1.5824,1.5454,1.4194,1.8218,1.5059,1.3748,1.8261
1748798355.976287,2.2438,2.182,2.2803,1.8293,1.662,1.4667,1.7866,1.5322,1.576,1.4583,1.3778,1.775,1.4084,1.3076,1.7981
1748798356.089522,2.1422,2.0652,2.1833,1.6899,1.5661,1.4256,1.7302,1.5575,1.601,1.4374,1.4135,1.7917,1.4422,1.3675,1.7947
1748798356.203087,2.0713,2.0574,2.1944,1.4884,1.4758,1.4688,1.6625,1.6053,1.7157,1.3995,1.4054,1.7877,1.4132,1.3667,1.7697
1748798356.3150668,2.1234,2.1253,2.2306,1.3812,1.4366,1.5991,1.6577,1.6367,1.8476,1.3675,1.4457,1.8317,1.4035,1.3608,1.861
1748798356.428258,2.0791,2.0845,2.2604,1.2383,1.4068,1.7251,1.6174,1.6445,1.9343,1.3528,1.4578,1.9013,1.3966,1.3829,1.9005
1748798356.541302,2.1068,2.0826,2.2825,1.1768,1.3726,1.7933,1.5497,1.6241,1.948,1.3426,1.4076,1.9354,1.3667,1.3506,1.9311
1748798356.654369,2.1189,2.0729,2.2782,1.1599,1.3522,1.7992,1.5242,1.5682,1.9413,1.3015,1.4076,1.9179,1.3367,1.3044,1.9061
1748798356.768337,2.0748,2.041,2.2545,1.1481,1.3297,1.7914,1.5212,1.5601,1.9188,1.327,1.4116,1.9341,1.3493,1.3431,1.9161
1748798356.8802218,2.0496,2.0321,2.2341,1.1226,1.3152,1.7592,1.4645,1.5174,1.8728,1.2934,1.3528,1.8709,1.3318,1.309,1.8868
1748798356.993143,2.013,2.0297,2.1989,1.0858,1.316,1.7439,1.4591,1.5188,1.8529,1.3119,1.3944,1.8591,1.3501,1.2789,1.864
1748798357.106174,2.0114,1.9972,2.1683,1.096,1.2692,1.6969,1.4471,1.4731,1.8277,1.2835,1.3791,1.8317,1.3098,1.2918,1.818
1748798357.2200131,2.012,2.0181,2.2322,1.1274,1.3573,1.875,1.5379,1.5867,1.9797,1.3377,1.4446,1.9781,1.3332,1.3447,1.9496
1748798357.332809,2.0189,1.9934,2.2916,1.0721,1.338,1.9236,1.4898,1.583,1.9958,1.3404,1.4532,2.0071,1.3189,1.3299,1.9848
1748798357.445162,2.002,1.9744,2.2164,1.0731,1.3248,1.8779,1.4739,1.5387,1.9832,1.2633,1.4191,1.9558,1.284,1.2735,1.958
1748798357.55837,1.9805,1.9856,2.1922,1.0694,1.2577,1.814,1.4326,1.4833,1.9247,1.2706,1.3818,1.9279,1.2829,1.2751,1.9134
1748798357.671223,2.0192,2.0018,2.2341,1.0611,1.3039,1.8495,1.4363,1.4949,1.9381,1.2464,1.3705,1.9209,1.3001,1.2805,1.9225
1748798357.788905,2.016,2.0152,2.221,1.115,1.302,1.7737,1.4565,1.5142,1.89,1.2633,1.3624,1.8669,1.2945,1.2679,1.8887
1748798357.897901,2.031,1.9934,2.1688,1.1277,1.2939,1.7165,1.3992,1.4669,1.7979,1.3055,1.3686,1.8406,1.2813,1.2574,1.8164
1748798358.0101912,2.081,2.0388,2.1815,1.371,1.4358,1.5972,1.5327,1.4753,1.6947,1.4524,1.461,1.8006,1.3737,1.2929,1.7705
1748798358.123481,2.1739,2.102,2.1879,1.6595,1.4935,1.4463,1.7493,1.4436,1.544,1.7616,1.489,1.8084,1.6853,1.3818,1.7874
1748798358.23634,2.355,2.1847,2.2492,1.9921,1.562,1.4068,1.9848,1.4261,1.3549,2.0318,1.5172,1.7761,1.9956,1.4874,1.8075
1748798358.352224,2.4614,2.1968,2.272,2.1237,1.5824,1.4116,2.1388,1.5008,1.2641,2.1578,1.5387,1.7941,2.1651,1.5045,1.8597
1748798358.46221,2.4281,2.2145,2.2688,2.092,1.5344,1.3563,2.0923,1.4793,1.208,2.1447,1.5086,1.7616,2.1334,1.5035,1.8016
1748798358.5754051,2.4407,2.1954,2.2349,2.0896,1.5105,1.3275,2.0931,1.4637,1.1876,2.1516,1.5177,1.7463,2.1581,1.4874,1.8196
1748798358.688214,2.4684,2.2099,2.2811,2.0877,1.4968,1.335,2.0829,1.4798,1.1843,2.1796,1.5626,1.7928,2.1492,1.4978,1.8317
1748798358.8015099,2.4125,2.2075,2.2602,2.0713,1.486,1.3528,2.0864,1.4637,1.1631,2.1353,1.5153,1.7662,2.1175,1.508,1.8212
1748798358.9161758,2.3477,2.1761,2.2408,1.9282,1.5478,1.3831,1.9448,1.5381,1.2596,1.9193,1.4809,1.7928,1.8632,1.468,1.8073
1748798359.0272691,2.1516,2.0815,2.1621,1.8207,1.6356,1.4269,1.8422,1.6418,1.5918,1.6813,1.4331,1.8438,1.5545,1.3573,1.8272
1748798359.140254,2.048,2.0184,2.2107,1.3401,1.471,1.6337,1.7111,1.6644,1.9104,1.4105,1.4659,1.8734,1.3743,1.3426,1.8486
1748798359.253216,2.1328,2.1216,2.417,1.1107,1.4395,2.077,1.591,1.7345,2.1895,1.3861,1.5376,2.1543,1.3579,1.406,2.1425
1748798359.3692439,2.0861,2.1001,2.3937,1.0597,1.4511,2.1283,1.5892,1.7173,2.1858,1.3179,1.5002,2.1261,1.3466,1.3842,2.1498
1748798359.479876,2.0434,2.0445,2.3569,1.0533,1.4046,2.0934,1.5467,1.6902,2.1871,1.3063,1.4551,2.1049,1.3345,1.3426,2.1084
1748798359.592246,2.06,2.0447,2.3485,1.039,1.3834,2.0445,1.54,1.6415,2.1355,1.349,1.4489,2.0695,1.3313,1.3726,2.114
1748798359.705361,2.1044,2.0963,2.3657,1.1223,1.4363,2.0359,1.5252,1.6139,2.084,1.3173,1.4309,2.0582,1.36,1.3455,2.0399
1748798359.818339,2.0926,2.0265,2.1774,1.428,1.4777,1.5709,1.6096,1.4933,1.7017,1.5483,1.4401,1.8387,1.439,1.3216,1.7576
1748798359.9337852,2.2349,2.1581,2.2073,1.7546,1.4879,1.3818,1.7901,1.414,1.4454,1.821,1.4817,1.7772,1.7425,1.4237,1.7493
1748798360.04498,2.4745,2.2706,2.3136,2.0662,1.5207,1.335,2.0786,1.4352,1.2566,2.1108,1.4785,1.7498,2.077,1.4704,1.7777
1748798360.1573792,2.4557,2.2685,2.3056,2.0748,1.4892,1.3025,2.0885,1.4374,1.1803,2.1388,1.4833,1.7393,2.1417,1.5099,1.7904
1748798360.270348,2.4463,2.2494,2.2626,2.0466,1.4076,1.2416,2.0321,1.3936,1.1301,2.0829,1.4487,1.6891,2.0928,1.4731,1.7143
1748798360.3851352,2.3982,2.2228,2.25,1.9754,1.3689,1.2429,1.9889,1.3673,1.1349,2.0421,1.4092,1.6268,2.0136,1.4202,1.6988
1748798360.496832,2.3985,2.1793,2.2395,1.9217,1.3544,1.2101,1.9561,1.334,1.1355,1.9991,1.3917,1.6039,2.002,1.4052,1.659
1748798360.60932,2.341,2.1551,2.2121,1.9292,1.3235,1.2093,1.9432,1.3173,1.1336,1.9819,1.3821,1.5953,1.9652,1.3815,1.6413
1748798360.7223659,2.297,2.1318,2.1796,1.8226,1.3369,1.2083,1.847,1.3487,1.1457,1.876,1.3917,1.5838,1.8331,1.3654,1.6483
1748798360.835335,2.2508,2.1248,2.1653,1.7597,1.3426,1.2123,1.8108,1.3649,1.1817,1.8288,1.3458,1.5964,1.7662,1.3289,1.6254
1748798360.9518342,2.1782,2.0681,2.1361,1.7202,1.3009,1.205,1.7557,1.313,1.1843,1.7748,1.3313,1.5806,1.6891,1.3313,1.6026
1748798361.061302,2.1941,2.0842,2.1358,1.7318,1.305,1.2421,1.7737,1.3262,1.1556,1.7686,1.3426,1.5728,1.7114,1.3286,1.6098
1748798361.174282,2.1312,2.049,2.1452,1.6912,1.3485,1.2596,1.7133,1.3458,1.2297,1.6722,1.3224,1.6125,1.5798,1.3184,1.623
1748798361.287283,2.1997,2.103,2.167,1.6985,1.4449,1.3162,1.763,1.4471,1.4215,1.6885,1.37,1.7127,1.5854,1.2972,1.6963
1748798361.400419,2.0977,2.0149,2.1404,1.6273,1.5314,1.3748,1.7044,1.5464,1.7479,1.4352,1.3611,1.7549,1.3847,1.2794,1.7498
1748798361.513375,2.0321,1.9889,2.164,1.5225,1.4871,1.4911,1.6834,1.6037,1.839,1.3667,1.3745,1.818,1.3324,1.2762,1.8081
