timestamp,R0C0,R0C1,R0C2,R1C0,R1C1,R1C2,R2C0,R2C1,R2C2,R3C0,R3C1,R3C2,R4C0,R4C1,R4C2
1748565871.682423,1.0323,0.9869,1.0111,0.9998,0.966,0.9732,0.9544,0.9369,0.9302,0.8983,0.8875,0.8668,0.9098,0.8964,0.8792
1748565871.7791529,1.0267,0.9829,1.0046,0.9966,0.9681,0.9686,0.9517,0.9343,0.9324,0.8996,0.8886,0.8701,0.9138,0.8985,0.8813
1748565871.8784761,1.0342,0.9837,1.0068,0.9977,0.9649,0.9778,0.9523,0.9356,0.9286,0.8993,0.8864,0.8644,0.913,0.8975,0.8821
1748565871.9909708,1.0326,0.984,1.013,1.0006,0.97,0.977,0.959,0.9364,0.9351,0.8993,0.8918,0.8633,0.9157,0.9023,0.877
1748565872.1073742,1.0294,0.9891,1.0122,0.9955,0.9711,0.9783,0.959,0.9364,0.9324,0.8975,0.8862,0.8674,0.909,0.8932,0.8851
1748565872.219171,1.031,0.9815,1.0065,0.9985,0.9695,0.9743,0.96,0.9386,0.9335,0.9023,0.8856,0.8736,0.909,0.9028,0.8757
1748565872.33292,1.031,0.9872,1.0173,0.9995,0.967,0.9818,0.9555,0.9324,0.9332,0.902,0.8894,0.862,0.9109,0.8975,0.8781
1748565872.447446,1.031,0.9807,1.013,1.0011,0.9643,0.9764,0.9614,0.934,0.9262,0.8972,0.8926,0.865,0.9071,0.8948,0.8808
1748565872.560979,1.0382,0.9877,1.0089,1.0256,0.9885,1.0001,0.963,0.945,0.9292,0.9044,0.8881,0.8717,0.9128,0.8942,0.8805
1748565872.675192,1.0613,1.0001,1.0374,1.0361,0.9904,1.0009,0.967,0.9426,0.9367,0.9227,0.8985,0.8693,0.9297,0.9077,0.876
1748565872.7889228,1.0519,0.9971,1.0285,1.0237,0.9823,0.9883,0.9754,0.9378,0.9275,0.9246,0.898,0.8628,0.9297,0.9117,0.8781
1748565872.9029078,1.0551,0.9944,1.0251,1.0197,0.9686,0.9842,0.9797,0.9421,0.931,0.9345,0.9001,0.8674,0.9442,0.9147,0.8709
1748565873.016893,1.0992,0.9939,1.0449,1.0535,0.9686,0.9931,1.028,0.9566,0.9402,0.9907,0.9232,0.8633,0.996,0.9455,0.8776
1748565873.135502,1.2072,1.0347,1.1846,1.1629,1.0611,1.14,1.2324,1.2134,1.0903,1.0723,1.0672,0.8701,1.0817,1.0809,0.8824
1748565873.246936,1.5736,1.5502,1.572,1.6472,1.5333,1.5902,1.4562,1.5088,1.2999,1.1067,1.2139,0.8795,1.1113,1.2155,0.8813
1748565873.358927,1.561,1.5389,1.5626,1.6625,1.5381,1.6101,1.4073,1.4763,1.2295,1.1102,1.2225,0.8674,1.1148,1.2281,0.8749
1748565873.477768,1.601,1.6174,1.6203,1.6552,1.5311,1.6066,1.3998,1.4865,1.2249,1.0992,1.237,0.8768,1.1035,1.237,0.8749
1748565873.5868878,1.5889,1.6034,1.6055,1.6383,1.5268,1.5935,1.3794,1.4685,1.2126,1.0898,1.2359,0.8762,1.1005,1.2343,0.8821
1748565873.7030962,1.6104,1.6432,1.63,1.6679,1.5572,1.6182,1.3708,1.4586,1.2007,1.0933,1.2327,0.8762,1.0968,1.2365,0.8776
1748565873.814774,1.6982,1.7675,1.7356,1.7428,1.6778,1.71,1.3783,1.4022,1.2273,1.0594,1.0925,0.8706,1.0369,1.0589,0.8816
1748565873.929408,1.1124,1.0476,1.0855,0.9995,0.9625,0.978,0.9603,0.9294,0.9305,0.9222,0.9125,0.8701,0.9289,0.9144,0.8781
1748565874.043176,0.9649,0.9179,0.9662,0.9063,0.8854,0.9173,0.9345,0.9157,0.9147,0.9267,0.9122,0.8663,0.9426,0.9243,0.8846
1748565874.1569889,0.9805,0.902,1.0275,0.9251,0.9114,0.9657,1.1782,1.1825,1.1073,1.0103,1.0277,0.8768,1.024,1.0302,0.8736
1748565874.270925,1.6872,1.5096,1.7245,1.7793,1.6848,1.7377,1.7664,1.8006,1.6031,1.3401,1.4669,0.8854,1.3423,1.4737,0.8803
1748565874.384852,1.8164,1.7922,1.8269,1.7858,1.6595,1.7423,1.6297,1.7039,1.4035,1.302,1.4591,0.8875,1.2964,1.4581,0.8776
1748565874.498671,1.879,1.9131,1.9002,1.7922,1.6663,1.7613,1.5567,1.6861,1.3221,1.2776,1.4903,0.8929,1.2765,1.4908,0.8776
1748565874.613007,1.9139,1.9615,1.93,1.8728,1.7928,1.8301,1.4865,1.601,1.1481,1.3203,1.4578,0.8795,1.3281,1.46,0.8779
1748565874.7307541,1.0731,1.0216,1.0482,0.9748,0.9485,0.9611,0.9404,0.9128,0.912,0.9047,0.8859,0.8658,0.9128,0.902,0.8765
1748565874.840878,0.9439,0.9015,0.9646,0.8983,0.8819,0.9208,0.9668,0.9496,0.9391,0.9458,0.9302,0.8693,0.9563,0.9407,0.8808
1748565874.954678,1.1911,0.9643,1.2005,1.15,1.1352,1.1148,1.4038,1.4274,1.2563,1.1309,1.1768,0.8765,1.1457,1.1983,0.8773
1748565875.068846,1.9026,1.9239,1.9214,1.7705,1.6531,1.7399,1.6174,1.7052,1.4162,1.27,1.4605,0.8779,1.2773,1.4699,0.8779
1748565875.1882648,1.8828,1.922,1.9088,1.7694,1.6305,1.738,1.5972,1.6966,1.3638,1.2894,1.4812,0.8746,1.2929,1.4868,0.8779
1748565875.296751,1.8914,1.9486,1.9206,1.8645,1.7866,1.8374,1.5102,1.6646,1.226,1.3337,1.6278,1.0291,1.298,1.5502,0.8779
1748565875.4123971,1.8739,1.8865,1.8779,1.8041,1.7807,1.7807,1.2289,1.1924,1.1594,0.941,0.9071,0.8682,0.9321,0.9114,0.8813
1748565875.524929,0.9681,0.9332,0.9539,0.9036,0.8886,0.9028,0.9144,0.8985,0.9058,0.8926,0.8905,0.8679,0.9085,0.9034,0.8754
1748565875.6401868,0.9934,0.909,1.0444,0.9383,0.9326,0.9662,1.2244,1.2217,1.1341,1.5056,1.5301,1.5362,1.0476,1.0621,0.8738
1748565875.75278,1.8685,1.879,1.8897,1.753,1.6356,1.7235,1.6775,1.7361,1.5131,1.299,1.4479,0.8752,1.306,1.4594,0.88
1748565875.867025,1.8795,1.9231,1.9107,1.7662,1.6233,1.7318,1.6558,1.7262,1.428,1.331,1.4865,0.8894,1.3334,1.49,0.8741
1748565875.980982,1.8825,1.9386,1.9099,1.8194,1.7162,1.7933,1.5647,1.695,1.3337,1.2794,1.5005,0.8795,1.287,1.5043,0.88
1748565876.094878,1.9013,1.9601,1.9209,1.8395,1.742,1.8051,1.4548,1.6085,1.1526,1.2749,1.4986,0.8797,1.2708,1.4973,0.8816
1748565876.209717,1.0842,1.0436,1.0645,1.0103,0.9829,0.9872,0.9308,0.9047,0.9093,0.8977,0.8827,0.8695,0.9104,0.8934,0.8752
1748565876.322691,0.9509,0.9036,0.9751,0.9085,0.8894,0.9214,0.9923,0.9732,0.9528,0.9936,1.0052,0.9136,0.9668,0.9498,0.8797
1748565876.436926,1.3769,1.1484,1.3952,1.3334,1.2762,1.3015,1.504,1.5427,1.2964,1.2571,1.3407,0.9262,1.2467,1.3595,0.8762
1748565876.5512252,1.8755,1.9123,1.8973,1.778,1.6636,1.7514,1.6109,1.7017,1.41,1.2789,1.4739,0.877,1.2813,1.4825,0.8811
1748565876.664896,1.8747,1.9241,1.9056,1.7893,1.6552,1.7536,1.6015,1.7036,1.3726,1.2977,1.4933,0.8795,1.3025,1.4989,0.8827
1748565876.77878,1.8854,1.9451,1.9128,1.8623,1.7858,1.8403,1.5118,1.6539,1.2168,1.2905,1.5126,0.887,1.2905,1.5172,0.8811
1748565876.893335,1.8871,1.9075,1.8905,1.8312,1.7758,1.796,1.2792,1.2281,1.1489,0.9864,0.9337,0.8736,0.9756,0.9214,0.8846
1748565877.010792,0.9536,0.9216,0.9482,0.9018,0.8894,0.902,0.9144,0.8991,0.9066,0.9055,0.8907,0.8727,0.9117,0.905,0.8744
1748565877.120801,1.0191,0.9042,1.0568,0.9901,0.9678,0.9786,1.2123,1.1986,1.0809,1.5322,1.5451,1.5607,1.0901,1.089,0.8776
1748565877.234772,1.8537,1.8736,1.8833,1.7732,1.6609,1.7404,1.6856,1.7313,1.4908,1.3093,1.4532,0.8698,1.3275,1.4586,0.8776
1748565877.3487082,1.8562,1.8965,1.8889,1.7826,1.6469,1.7522,1.6593,1.7189,1.4242,1.3356,1.4943,0.8792,1.3412,1.5008,0.8779
1748565877.462759,1.8629,1.9228,1.8954,1.8156,1.7197,1.789,1.5674,1.6856,1.3189,1.284,1.4986,0.8781,1.2921,1.5067,0.88
1748565877.577612,1.8766,1.9456,1.9059,1.8519,1.7681,1.8207,1.4559,1.6045,1.1406,1.2824,1.4997,0.8781,1.2829,1.4965,0.877
1748565877.690701,1.1167,1.0664,1.0884,1.0439,1.0183,1.021,0.9434,0.9165,0.9163,0.8983,0.8819,0.8655,0.9087,0.8894,0.8768
1748565877.8046799,0.9367,0.9007,0.9579,0.8921,0.88,0.9149,0.9684,0.956,0.9418,0.9772,0.9942,0.8967,0.9506,0.9372,0.8744
1748565877.918773,1.2477,1.032,1.2773,1.2284,1.1905,1.1787,1.4406,1.4685,1.2507,1.1814,1.2485,0.8717,1.1932,1.2716,0.8789
1748565878.036157,1.8691,1.897,1.8927,1.7648,1.6402,1.7302,1.6324,1.7114,1.4422,1.2784,1.4586,0.8701,1.2891,1.4707,0.8792
1748565878.146873,1.875,1.9241,1.9069,1.7761,1.6539,1.7442,1.634,1.7111,1.4041,1.3058,1.486,0.8719,1.313,1.4922,0.8779
1748565878.260923,1.8723,1.9408,1.9091,1.8535,1.7799,1.8304,1.5454,1.6765,1.2692,1.2905,1.5086,0.8711,1.2993,1.5174,0.8789
1748565878.376384,1.9072,1.9945,1.9539,1.922,1.8376,1.8798,1.5344,1.5773,1.1607,1.3152,1.385,0.8706,1.2921,1.3098,0.8749
1748565878.4887822,0.9641,0.9251,0.9482,0.9104,0.8854,0.8961,0.9168,0.9039,0.8999,0.9047,0.8916,0.901,0.9138,0.8985,0.8736
1748565878.609256,0.9466,0.8999,0.9856,0.9031,0.8897,0.9308,1.1475,1.1475,1.0944,1.504,1.5083,1.5258,0.9901,0.9848,0.8816
1748565878.7166898,1.8497,1.8564,1.8693,1.7654,1.6606,1.7211,1.713,1.7509,1.5459,1.2958,1.4414,0.8773,1.3055,1.454,0.8781
1748565878.830608,1.875,1.9214,1.9088,1.7697,1.6722,1.7162,1.7366,1.7799,1.5556,1.3541,1.4849,0.8803,1.3654,1.4946,0.8781
1748565878.9448068,1.8701,1.9239,1.9016,1.8183,1.7256,1.7874,1.6042,1.7031,1.3595,1.2964,1.5019,0.8835,1.3017,1.5024,0.8762
1748565879.0675461,1.8693,1.9257,1.9018,1.858,1.7807,1.8207,1.4833,1.6378,1.1833,1.3549,1.6375,0.9028,1.3009,1.5236,0.8776
1748565879.172639,1.7557,1.6894,1.6614,1.3444,1.3015,1.287,0.9541,0.9337,0.9402,0.898,0.877,0.862,0.9122,0.8929,0.8738
1748565879.2866602,0.9388,0.9058,0.949,0.8942,0.8819,0.8988,0.9275,0.9149,0.9187,0.9171,0.9087,0.8676,0.9343,0.9165,0.8749
1748565879.400776,1.1164,0.9359,1.1387,1.1027,1.0831,1.0154,1.3017,1.3122,1.1508,1.1599,1.1389,0.8792,1.1188,1.1285,0.8779
1748565879.519867,1.8594,1.8836,1.876,1.7256,1.6367,1.6646,1.662,1.7135,1.4812,1.2768,1.4366,0.8792,1.2808,1.4449,0.8789
1748565879.6288168,1.8508,1.8811,1.8803,1.7584,1.6611,1.702,1.6614,1.7151,1.4312,1.3504,1.4992,0.9136,1.3286,1.4844,0.877
1748565879.742749,1.8704,1.9212,1.8991,1.8446,1.7608,1.8167,1.5865,1.6926,1.3471,1.309,1.501,0.8958,1.3017,1.5051,0.8776
1748565879.8576179,1.8779,1.9316,1.9034,1.8317,1.7514,1.7995,1.4347,1.5926,1.1435,1.2797,1.5019,0.9273,1.2633,1.4911,0.8808
1748565879.970603,1.0901,1.0363,1.0608,1.0124,0.978,0.9823,0.9458,0.9187,0.913,0.8983,0.8835,0.8695,0.9176,0.8985,0.8789
1748565880.090951,0.938,0.901,0.9579,0.8883,0.8773,0.9155,0.9673,0.956,0.9426,1.021,1.0108,1.0272,0.9437,0.9345,0.8711
1748565880.1986182,1.1838,0.9917,1.2074,1.1451,1.1129,1.1094,1.3799,1.3976,1.2211,1.1371,1.1852,0.8741,1.1529,1.2096,0.8787
1748565880.312669,1.8433,1.8763,1.8693,1.7447,1.6155,1.7119,1.6117,1.6861,1.4167,1.2754,1.4433,0.8754,1.2776,1.4548,0.8765
1748565880.427007,1.8449,1.8863,1.8768,1.7705,1.6448,1.7275,1.6405,1.706,1.4057,1.3479,1.4951,0.9246,1.3318,1.4831,0.8784
1748565880.541461,1.8495,1.9077,1.8841,1.8296,1.738,1.7933,1.5725,1.6722,1.3106,1.3047,1.4914,0.8792,1.3055,1.4965,0.877
1748565880.654618,1.8564,1.922,1.8841,1.8089,1.7192,1.7793,1.4299,1.58,1.1336,1.2665,1.4755,0.8797,1.2641,1.4801,0.8779
1748565880.768608,1.0191,0.9783,1.0025,0.9466,0.9216,0.9286,0.9343,0.9061,0.9079,0.8977,0.8819,0.8679,0.909,0.8932,0.8768
1748565880.8830059,0.9399,0.8967,0.9652,0.8916,0.8789,0.9133,1.0132,1.0036,0.97,0.9598,0.9396,1.0194,0.9506,0.9386,0.8762
1748565881.000452,1.2832,1.0718,1.3044,1.2792,1.237,1.1435,1.4651,1.4954,1.2762,1.1916,1.2625,0.8706,1.2158,1.2896,0.8768
1748565881.110785,1.8427,1.8852,1.876,1.7608,1.6574,1.7224,1.6765,1.7393,1.5086,1.2714,1.4573,0.8779,1.2741,1.4618,0.88
1748565881.2248058,1.8422,1.8946,1.8795,1.7568,1.6273,1.7321,1.6123,1.7108,1.4054,1.3098,1.479,0.8905,1.2894,1.482,0.8776
1748565881.338618,1.8505,1.9249,1.8943,1.8435,1.7603,1.8156,1.5118,1.6536,1.2252,1.3474,1.5373,1.0337,1.291,1.5083,0.8787
1748565881.452673,1.8191,1.8274,1.8277,1.7689,1.7608,1.7667,1.2171,1.1921,1.1728,0.9109,0.8873,0.8658,0.9157,0.8948,0.8762
1748565881.56747,0.948,0.913,0.9442,0.9031,0.8808,0.898,0.9289,0.9114,0.9125,0.9179,0.909,0.8846,0.9241,0.9087,0.8754
1748565881.6806982,0.9856,0.9015,1.0226,0.9453,0.9399,0.945,1.237,1.237,1.1626,1.0804,1.0377,0.8867,1.0345,1.0409,0.877
1748565881.794664,1.8129,1.8392,1.8476,1.7374,1.6042,1.6883,1.692,1.7307,1.5086,1.3114,1.4417,0.873,1.3157,1.4454,0.8768
1748565881.908693,1.8417,1.8922,1.8793,1.7487,1.5996,1.702,1.6757,1.7256,1.4441,1.3533,1.4782,0.8762,1.3504,1.4814,0.8773
1748565882.022809,1.8427,1.8973,1.8717,1.7955,1.6953,1.7624,1.5768,1.6714,1.3273,1.299,1.4871,0.8977,1.299,1.4871,0.8765
1748565882.1390562,1.8691,1.9373,1.9077,1.8433,1.7412,1.8194,1.4831,1.6254,1.179,1.2939,1.5153,0.9023,1.2902,1.5075,0.8784
1748565882.2505689,1.7275,1.6724,1.6372,1.3299,1.2953,1.2759,0.9756,0.945,0.9412,0.8926,0.8821,0.8711,0.9098,0.8932,0.8819
1748565882.364639,0.941,0.9039,0.9501,0.8916,0.884,0.9015,0.9364,0.9208,0.9198,0.927,0.9104,0.877,0.9343,0.9203,0.8779
1748565882.4789681,1.078,0.9138,1.1051,1.0734,1.0723,0.9654,1.2778,1.2845,1.1384,1.0801,1.0962,0.8744,1.0911,1.1032,0.8754
1748565882.595457,1.8183,1.8497,1.8492,1.7111,1.623,1.6303,1.6692,1.7149,1.4882,1.342,1.4753,0.9469,1.3001,1.4441,0.8762
1748565882.706605,1.8245,1.8793,1.8677,1.7119,1.6047,1.6184,1.6783,1.7232,1.4535,1.3388,1.4661,0.9044,1.3358,1.468,0.877
1748565882.8205981,1.8333,1.9002,1.8726,1.8196,1.7275,1.7885,1.5881,1.6894,1.341,1.313,1.5019,0.9018,1.305,1.4997,0.8784
1748565882.934654,1.8411,1.911,1.8811,1.8366,1.7664,1.8172,1.518,1.7055,1.1897,1.4232,1.5935,0.8991,1.4342,1.5341,0.8762
1748565883.0486279,0.9874,0.9404,0.9705,0.9235,0.9036,0.9074,0.9292,0.9077,0.9112,0.9069,0.8862,0.8679,0.9125,0.8937,0.8779
1748565883.165018,0.9383,0.9015,0.9703,0.8913,0.8789,0.9168,1.0884,1.0804,1.0468,0.9418,0.9359,0.8703,0.9525,0.9469,0.8749
1748565883.277153,1.6633,1.5268,1.6985,1.6141,1.5333,1.5086,1.6681,1.6912,1.4304,1.5481,1.5741,1.317,1.4463,1.5239,0.8768
1748565883.390649,1.8836,1.915,1.93,1.7965,1.6802,1.7608,1.6845,1.7358,1.457,1.8293,1.8672,1.8132,1.4277,1.5542,0.8776
1748565883.505476,1.8838,1.9153,1.9158,1.8135,1.6998,1.7772,1.6297,1.6923,1.3657,1.3952,1.5225,0.8741,1.4116,1.5293,0.8762
1748565883.61864,1.8959,1.9488,1.9362,1.8927,1.811,1.861,1.5967,1.6676,1.2563,1.4057,1.5411,0.8671,1.4092,1.5475,0.8757
1748565883.733244,1.9018,1.9228,1.9056,1.8492,1.7995,1.8057,1.3525,1.2859,1.176,1.0444,0.9732,0.8682,1.0095,0.9498,0.8754
1748565883.8497002,0.9649,0.9278,0.9582,0.905,0.8902,0.8969,0.9195,0.9004,0.9018,0.8937,0.884,0.865,0.9079,0.8958,0.8762
1748565883.96132,0.9592,0.8993,0.9926,0.8991,0.8913,0.9294,1.1803,1.1739,1.1274,0.9641,0.9622,0.8727,0.9797,0.9789,0.876
1748565884.074733,1.8272,1.8202,1.85,1.7549,1.6593,1.6888,1.7122,1.7339,1.5357,1.3176,1.4334,0.8703,1.3248,1.4489,0.8727
1748565884.196293,1.8419,1.854,1.8688,1.7818,1.68,1.7404,1.6869,1.7407,1.4965,1.3015,1.472,0.8663,1.3117,1.4814,0.8789
1748565884.3029912,1.84,1.8532,1.8607,1.7812,1.6931,1.738,1.6198,1.6939,1.3974,1.3082,1.4694,0.8948,1.3033,1.468,0.8768
1748565884.416569,1.8717,1.9161,1.9,1.8551,1.7885,1.8229,1.519,1.637,1.2187,1.3033,1.4994,0.8779,1.3111,1.5072,0.8776
1748565884.5305731,1.8537,1.857,1.8562,1.7995,1.7836,1.7828,1.2045,1.1733,1.1438,0.9176,0.8843,0.8633,0.9208,0.8967,0.8776
1748565884.646034,0.959,0.9232,0.9472,0.9058,0.8899,0.9001,0.9251,0.8991,0.9018,0.9152,0.8905,0.8776,0.912,0.8991,0.8789
1748565884.758691,0.9708,0.9082,1.0006,0.9189,0.9147,0.9308,1.2198,1.2126,1.1569,0.9901,0.9934,0.8674,1.0089,1.0197,0.8722
1748565884.8726468,1.8414,1.8564,1.8583,1.7396,1.637,1.6773,1.7262,1.7584,1.5577,1.3025,1.4425,0.8703,1.3042,1.4532,0.8754
1748565884.987432,1.8285,1.8446,1.8562,1.7444,1.6324,1.7006,1.6641,1.7337,1.4675,1.2993,1.4637,0.8746,1.306,1.4685,0.8762
1748565885.100734,1.8495,1.8833,1.879,1.7979,1.7039,1.7694,1.5857,1.6832,1.3522,1.2757,1.4734,0.8725,1.2853,1.4863,0.8797
1748565885.21597,1.8828,1.9459,1.9139,1.8696,1.7965,1.843,1.4825,1.6289,1.1688,1.2953,1.5196,0.8695,1.302,1.5255,0.8762
1748565885.330024,1.5867,1.5432,1.5166,1.4315,1.4011,1.4043,0.9818,0.9552,0.9509,0.8988,0.8838,0.8668,0.9066,0.8934,0.877
1748565885.442881,0.9531,0.9141,0.9541,0.898,0.8803,0.9012,0.9359,0.9147,0.9106,0.9208,0.9117,0.8684,0.9324,0.9179,0.8805
1748565885.5567381,1.0487,0.9074,1.0833,1.0584,1.042,0.9668,1.2091,1.204,1.0597,1.0747,1.0769,0.865,1.0903,1.0911,0.8746
1748565885.6772108,1.8505,1.8723,1.8803,1.7691,1.6657,1.7339,1.6996,1.757,1.5233,1.3025,1.4728,0.9031,1.3004,1.4712,0.8776
1748565885.784705,1.8731,1.8975,1.8978,1.7801,1.6638,1.7444,1.6491,1.7162,1.4019,1.3788,1.5403,0.9359,1.3388,1.4954,0.8762
1748565885.898669,1.8693,1.8978,1.9002,1.8272,1.735,1.7912,1.5991,1.7014,1.3423,1.3066,1.504,0.8867,1.3063,1.5088,0.8803
1748565886.012547,1.8701,1.8943,1.8922,1.8315,1.7667,1.7936,1.4798,1.6174,1.1758,1.2859,1.4935,0.8757,1.2902,1.5024,0.876
1748565886.127219,0.9995,0.9584,0.9832,0.9348,0.898,0.9138,0.93,0.909,0.9058,0.8926,0.891,0.8644,0.9114,0.8905,0.8738
1748565886.242059,0.9383,0.8977,0.9592,0.8932,0.876,0.9136,1.0245,1.0041,0.9775,0.9993,0.9684,0.9155,0.938,0.9308,0.8824
1748565886.354573,1.266,1.057,1.2862,1.2367,1.2136,1.1073,1.457,1.4758,1.2671,1.1895,1.2424,0.8727,1.2134,1.2784,0.8749
1748565886.46947,1.8556,1.893,1.8849,1.7791,1.6663,1.7455,1.6724,1.7401,1.4986,1.2837,1.4715,0.8741,1.2888,1.4734,0.8752
1748565886.582507,1.8537,1.8793,1.8825,1.7337,1.627,1.6789,1.6641,1.7245,1.4463,1.3149,1.4707,0.8687,1.3256,1.4822,0.8746
1748565886.70138,1.8683,1.9163,1.8978,1.8505,1.7783,1.828,1.5631,1.6842,1.2937,1.3001,1.5008,0.8711,1.3039,1.5107,0.8749
1748565886.81077,1.8822,1.9169,1.8965,1.8339,1.7858,1.7869,1.3794,1.3264,1.2211,1.0304,0.9794,0.8631,1.0028,0.9525,0.8746
1748565886.924598,0.9574,0.9267,0.948,0.9047,0.8832,0.8862,0.912,0.9004,0.9015,0.8926,0.8776,0.8642,0.9071,0.895,0.8671
1748565887.0386481,0.9566,0.8988,0.9786,0.9026,0.8891,0.9109,1.1596,1.1392,1.0957,0.9587,0.9506,0.865,0.9737,0.9633,0.8684
1748565887.1530392,1.8223,1.8409,1.8543,1.6942,1.6144,1.5929,1.7114,1.7442,1.5548,1.2902,1.4237,0.8693,1.3042,1.4304,0.8784
1748565887.270062,1.8296,1.8739,1.8674,1.7587,1.6778,1.7039,1.7194,1.771,1.5494,1.3157,1.4734,0.8693,1.3316,1.4798,0.8754
1748565887.380787,1.8374,1.8763,1.8605,1.7734,1.6899,1.7256,1.6343,1.7165,1.4272,1.2827,1.4691,0.8682,1.2926,1.4755,0.8738
1748565887.49458,1.8532,1.9206,1.8954,1.8524,1.7895,1.8153,1.4973,1.6496,1.2128,1.2725,1.5096,0.8719,1.2886,1.5228,0.8757
1748565887.608608,1.9166,1.9064,1.9174,1.7262,1.6945,1.7014,1.0261,0.999,0.9977,0.8873,0.8838,0.8647,0.9066,0.8902,0.8682
1748565887.722721,0.9378,0.905,0.941,0.8897,0.8808,0.895,0.9284,0.9138,0.909,0.9026,0.8961,0.8671,0.9176,0.9042,0.8768
1748565887.844491,1.0568,0.9015,1.0643,1.039,1.0154,0.9442,1.2241,1.2131,1.0879,1.0675,1.0688,0.8776,1.0758,1.0643,0.8719
1748565887.950612,1.8355,1.8443,1.8562,1.728,1.6276,1.6668,1.6829,1.7205,1.4747,1.313,1.4358,0.866,1.3168,1.4487,0.8744
1748565888.064555,1.8075,1.8223,1.8371,1.7444,1.6225,1.6818,1.666,1.6993,1.4043,1.3571,1.46,0.8784,1.3565,1.4613,0.8744
1748565888.178499,1.8511,1.8994,1.8763,1.8242,1.7428,1.7904,1.5991,1.6971,1.3512,1.3117,1.4903,0.8717,1.3221,1.4989,0.8752
1748565888.2964532,1.8696,1.9239,1.901,1.8529,1.7699,1.8124,1.4769,1.6088,1.1596,1.2974,1.4852,0.8655,1.2974,1.4895,0.8714
1748565888.406671,1.0401,1.0138,1.021,0.977,0.9423,0.9552,0.9335,0.9117,0.9028,0.9031,0.8805,0.8639,0.9061,0.9018,0.8631
1748565888.520721,0.9378,0.9012,0.9541,0.8926,0.8813,0.9087,0.9654,0.9576,0.9369,0.9442,0.9313,0.9576,0.9447,0.931,0.8813
1748565888.6352158,1.2139,0.9912,1.212,1.19,1.1414,1.0731,1.3536,1.3592,1.1363,1.1639,1.1913,0.8736,1.1852,1.2023,0.877
1748565888.7485702,1.8199,1.8374,1.8478,1.7581,1.6757,1.7012,1.6891,1.7401,1.5005,1.2999,1.4567,0.8733,1.3028,1.4661,0.8722
1748565888.8658502,1.818,1.821,1.8422,1.7377,1.6356,1.6636,1.6719,1.7184,1.442,1.3372,1.4602,0.8736,1.3407,1.468,0.877
1748565888.976915,1.8484,1.8983,1.8873,1.8489,1.7702,1.8126,1.6106,1.7006,1.3485,1.3246,1.5,0.8682,1.3318,1.5088,0.8752
1748565889.090997,1.8768,1.9435,1.9145,1.8645,1.7587,1.8094,1.5349,1.5905,1.1551,1.3305,1.4189,0.8623,1.3101,1.3917,0.8733
1748565889.204674,0.9837,0.9434,0.9703,0.9181,0.9018,0.9026,0.9246,0.9053,0.9034,0.8934,0.8795,0.8674,0.8991,0.8932,0.8607
1748565889.3198311,0.9345,0.8899,0.9592,0.8816,0.8803,0.9058,1.0592,1.0586,1.0374,0.9356,0.9284,0.8792,0.9421,0.9316,0.866
1748565889.4327722,1.414,1.1986,1.421,1.3501,1.3205,1.2083,1.5806,1.5972,1.3874,1.2416,1.3119,0.8647,1.2794,1.3482,0.8765
1748565889.5465531,1.8438,1.876,1.8699,1.7519,1.6276,1.7168,1.6681,1.735,1.4777,1.2872,1.4634,0.869,1.2956,1.4696,0.8757
1748565889.660931,1.8433,1.8884,1.8803,1.7527,1.6179,1.7106,1.6394,1.7114,1.4089,1.3165,1.4793,0.8762,1.3195,1.4825,0.8722
1748565889.774658,1.8438,1.904,1.8803,1.8411,1.7565,1.8086,1.555,1.6676,1.2759,1.3023,1.493,0.8698,1.3079,1.4957,0.8722
1748565889.8923142,1.8801,1.9327,1.8978,1.8371,1.7458,1.785,1.4548,1.4535,1.176,1.172,1.1438,0.8652,1.1161,1.0756,0.8725
1748565890.00278,0.9598,0.931,0.9549,0.909,0.8824,0.8942,0.9203,0.8953,0.8921,0.894,0.8867,0.8628,0.8991,0.8916,0.8741
1748565890.11711,0.934,0.8929,0.9668,0.8867,0.8827,0.9173,1.1295,1.1239,1.0852,0.9442,0.9378,0.8679,0.9579,0.9501,0.8789
1748565890.230583,1.7584,1.7342,1.8073,1.7001,1.62,1.6281,1.7353,1.7557,1.5607,1.341,1.4385,0.865,1.3401,1.4411,0.873
1748565890.3447208,1.828,1.8696,1.8632,1.7519,1.6308,1.71,1.6786,1.7305,1.4578,1.3348,1.4718,0.8867,1.3471,1.4771,0.8754
1748565890.4592519,1.832,1.8774,1.8696,1.7828,1.6668,1.7412,1.612,1.6915,1.3675,1.3173,1.475,0.8733,1.3208,1.482,0.8746
1748565890.572597,1.8323,1.8841,1.8656,1.8559,1.7925,1.8315,1.5174,1.6378,1.2246,1.3114,1.4994,0.9544,1.2956,1.4984,0.8752
1748565890.686692,1.8266,1.8253,1.8269,1.8049,1.7987,1.7917,1.1798,1.1427,1.1062,0.8964,0.8819,0.8636,0.9109,0.8897,0.8744
1748565890.801001,0.9412,0.9023,0.9372,0.9007,0.8765,0.8897,0.9181,0.9012,0.8972,0.9297,0.9023,0.9114,0.913,0.8964,0.8749
1748565890.933584,0.9952,0.8926,1.0119,0.9649,0.9308,0.9431,1.1983,1.1795,1.093,1.0444,1.0226,0.884,1.0576,1.0358,0.8757
1748565891.028766,1.8301,1.8266,1.8535,1.7466,1.6426,1.6867,1.731,1.7541,1.5483,1.3291,1.4366,0.8719,1.3297,1.443,0.8754
1748565891.142866,1.8051,1.792,1.8199,1.7423,1.6295,1.6759,1.7176,1.7476,1.5059,1.3528,1.4675,0.8803,1.3624,1.464,0.8765
1748565891.2609081,1.8468,1.8932,1.8795,1.7965,1.6856,1.7493,1.5948,1.6773,1.338,1.3055,1.4831,0.8878,1.3025,1.4839,0.877
1748565891.37065,1.857,1.9174,1.8951,1.8822,1.8183,1.857,1.5037,1.6321,1.1903,1.298,1.5,0.8639,1.3087,1.5099,0.8711
1748565891.4846568,1.2029,1.1478,1.1553,1.1521,1.1236,1.1097,0.9633,0.931,0.9372,0.8945,0.8848,0.8655,0.9079,0.891,0.8746
1748565891.599308,0.9383,0.902,0.9396,0.8918,0.8736,0.8932,0.9335,0.9179,0.916,0.9165,0.9001,0.8652,0.9267,0.9163,0.8738
1748565891.712696,1.0764,0.9004,1.0941,1.0747,1.0543,0.9654,1.2762,1.2609,1.1188,1.0868,1.0893,0.8652,1.0968,1.0979,0.8701
1748565891.827071,1.8242,1.8508,1.8551,1.7369,1.6415,1.6472,1.7047,1.7323,1.5032,1.3254,1.4309,0.8668,1.3361,1.4401,0.8749
1748565891.940866,1.8137,1.8331,1.8468,1.7337,1.6278,1.6558,1.6923,1.731,1.4731,1.3506,1.4565,0.8674,1.3541,1.4651,0.8741
1748565892.054587,1.8333,1.8782,1.864,1.8242,1.7565,1.7812,1.6399,1.7125,1.4019,1.3251,1.4817,0.8652,1.3286,1.4933,0.8754
1748565892.1687229,1.8441,1.8959,1.8709,1.8282,1.7662,1.7938,1.4933,1.6109,1.1892,1.2931,1.4863,0.8733,1.2923,1.4833,0.876
1748565892.288805,1.1717,1.1231,1.1322,1.0807,1.0597,1.0439,0.9541,0.9275,0.9149,0.9058,0.8808,0.8542,0.9125,0.8958,0.8784
1748565892.3968241,0.9364,0.8945,0.9461,0.8894,0.8835,0.9079,0.9466,0.9318,0.9399,0.9222,0.9214,0.8607,0.9394,0.9216,0.8781
1748565892.510714,1.0753,0.9227,1.1121,1.0705,1.0479,0.9915,1.3316,1.3203,1.1878,1.0906,1.0946,0.8711,1.1003,1.1089,0.8749
1748565892.624934,1.8151,1.8441,1.8497,1.7428,1.6225,1.6891,1.692,1.7272,1.5172,1.3101,1.4307,0.8709,1.3221,1.4403,0.8741
1748565892.7389,1.829,1.8693,1.8677,1.7278,1.5795,1.673,1.666,1.7098,1.4334,1.3329,1.4573,0.866,1.3388,1.4645,0.8768
1748565892.852837,1.8301,1.8763,1.8629,1.8274,1.7369,1.7912,1.6214,1.6958,1.3659,1.3235,1.4874,0.8695,1.3283,1.4895,0.8727
1748565892.96677,1.8427,1.8854,1.8704,1.8349,1.76,1.7979,1.4954,1.6115,1.183,1.3017,1.4849,0.9058,1.3675,1.5991,0.8762
1748565893.0814452,1.0154,0.9719,0.9915,0.9316,0.9079,0.9155,0.9254,0.9026,0.898,0.9004,0.8749,0.8599,0.905,0.8899,0.8711
1748565893.1993139,0.93,0.8958,0.9566,0.8843,0.8754,0.913,0.9998,0.9883,0.9719,0.9318,0.9208,0.8631,0.9399,0.9305,0.8725
1748565893.3089752,1.2276,0.9837,1.2123,1.1897,1.1255,1.0584,1.3896,1.3726,1.1843,1.1704,1.1739,0.8727,1.187,1.1956,0.8741
1748565893.4226408,1.771,1.7549,1.7941,1.7374,1.6268,1.6697,1.6641,1.6996,1.4589,1.3017,1.4269,0.8633,1.3079,1.4326,0.8711
1748565893.536651,1.7286,1.6504,1.7417,1.7527,1.6474,1.6778,1.666,1.706,1.4347,1.3364,1.4457,0.8725,1.3385,1.4503,0.8709
1748565893.6525922,1.7501,1.7151,1.7726,1.847,1.7758,1.8108,1.6018,1.6797,1.3444,1.3259,1.4868,0.8776,1.327,1.4935,0.8703
1748565893.7651799,1.8084,1.8443,1.8366,1.8398,1.76,1.799,1.4809,1.6023,1.1607,1.2985,1.4753,0.8666,1.305,1.4874,0.8693
1748565893.8786612,0.9896,0.9496,0.9762,0.9429,0.9063,0.9235,0.9284,0.8958,0.9028,0.8937,0.8797,0.869,0.8983,0.8891,0.876
1748565893.993005,0.9359,0.8953,0.9646,0.8878,0.8835,0.9168,0.9979,0.9872,0.9703,0.9552,0.9874,0.9187,0.9482,0.931,0.8736
1748565894.106694,1.201,0.9917,1.2104,1.19,1.1502,1.1054,1.4229,1.4164,1.237,1.1621,1.1803,0.8642,1.18,1.208,0.8762
1748565894.223843,1.6923,1.6149,1.7057,1.7173,1.63,1.637,1.7364,1.76,1.5916,1.2843,1.4086,0.8663,1.2923,1.4143,0.876
1748565894.33487,1.6337,1.4551,1.63,1.7334,1.6732,1.6461,1.6778,1.721,1.4884,1.2902,1.4178,0.8695,1.3017,1.4256,0.8733
1748565894.44884,1.6646,1.547,1.6896,1.8658,1.8151,1.8414,1.6351,1.7114,1.403,1.3127,1.4747,0.8722,1.3176,1.4839,0.876
1748565894.5627131,1.7339,1.7033,1.7552,1.8661,1.821,1.8548,1.5677,1.6885,1.2217,1.4189,1.4922,0.8612,1.3286,1.4258,0.8733
1748565894.677082,1.0014,0.9571,0.9866,0.9399,0.9235,0.9195,0.9241,0.9047,0.9058,0.8985,0.8899,0.8816,0.9082,0.8913,0.8749
1748565894.793601,0.9477,0.9069,0.9711,0.8873,0.8835,0.9063,0.9942,0.9829,0.9614,0.9641,0.9874,0.931,0.9509,0.9332,0.8752
1748565894.904685,1.204,0.9676,1.2126,1.1962,1.1763,1.0358,1.4009,1.4156,1.2163,1.179,1.216,0.8886,1.18,1.2158,0.8717
1748565895.018694,1.7366,1.674,1.7433,1.7452,1.6813,1.6918,1.7506,1.7906,1.616,1.277,1.4312,0.8744,1.2824,1.4487,0.8779
1748565895.132787,1.8067,1.8118,1.829,1.7758,1.681,1.7342,1.6434,1.709,1.472,1.2577,1.4113,0.8781,1.2698,1.4159,0.8711
1748565895.250558,1.8508,1.9013,1.89,1.8323,1.7482,1.7998,1.5819,1.7022,1.3461,1.2934,1.493,0.8873,1.3117,1.5107,0.8746
1748565895.3608398,1.8231,1.8632,1.8589,1.8599,1.7874,1.8435,1.58,1.6077,1.1852,1.3248,1.3984,0.8631,1.3117,1.3512,0.8722
1748565895.474775,1.0057,0.9582,0.9883,0.9353,0.913,0.9214,0.9265,0.9015,0.8975,0.8993,0.8838,0.8676,0.912,0.8942,0.8776
1748565895.588711,0.9474,0.8977,0.9566,0.8883,0.8781,0.9042,0.9823,0.9721,0.9579,0.9265,0.9203,0.8693,0.9335,0.9418,0.8819
1748565895.7027268,1.1621,0.9649,1.169,1.1274,1.0989,1.0181,1.3383,1.3383,1.1688,1.1228,1.1475,0.8768,1.1298,1.154,0.8811
1748565895.820454,1.8288,1.8438,1.8503,1.7339,1.6558,1.6861,1.6904,1.7436,1.5306,1.2805,1.4505,0.8848,1.2776,1.4524,0.8738
1748565895.9307892,1.8202,1.8489,1.8513,1.7369,1.6171,1.6971,1.6332,1.7039,1.4285,1.3127,1.4578,0.9079,1.2886,1.4503,0.8719
1748565896.044838,1.8511,1.901,1.882,1.8172,1.7262,1.7904,1.5975,1.6996,1.3399,1.3203,1.504,0.902,1.3087,1.5086,0.8776
1748565896.158935,1.8269,1.8642,1.8519,1.8135,1.7425,1.7861,1.4817,1.6724,1.1994,1.3842,1.5395,0.8658,1.4221,1.5212,0.8676
1748565896.2776508,0.985,0.9434,0.9633,0.9321,0.8948,0.9117,0.9321,0.9087,0.8988,0.8975,0.8711,0.855,0.9069,0.8924,0.8722
1748565896.386712,0.9292,0.894,0.9598,0.891,0.8752,0.9087,0.9786,0.9832,0.9558,0.9308,0.9047,0.8693,0.9437,0.9332,0.8717
1748565896.5006888,1.169,0.9635,1.1819,1.1513,1.1161,1.0189,1.3353,1.3165,1.15,1.1298,1.1553,0.8725,1.1449,1.1532,0.8655
1748565896.614795,1.8212,1.8492,1.8521,1.7788,1.6757,1.7245,1.6896,1.7176,1.489,1.3119,1.4414,0.8749,1.3165,1.4516,0.876
1748565896.732281,1.8008,1.8312,1.8331,1.7329,1.6364,1.6499,1.6601,1.7127,1.4355,1.3055,1.4538,0.8738,1.3211,1.4567,0.8746
1748565896.842921,1.8317,1.8908,1.8744,1.85,1.7643,1.8178,1.6098,1.7165,1.3721,1.323,1.5118,0.8961,1.327,1.5083,0.8741
1748565896.95681,1.8621,1.9094,1.8951,1.9064,1.8452,1.8854,1.5462,1.6101,1.1672,1.341,1.4385,0.869,1.3238,1.388,0.8741
1748565897.071477,0.9934,0.93,0.9525,0.923,0.8975,0.8996,0.952,0.8999,0.9149,0.9007,0.8961,0.8674,0.9036,0.8918,0.8706
1748565897.185819,0.9447,0.9173,0.9721,0.8937,0.8773,0.9192,1.1126,1.1212,1.0844,0.9461,0.9353,0.8564,0.9598,0.9324,0.873
1748565897.298723,1.2198,0.9574,1.1924,1.1956,1.1497,1.0731,1.471,1.4242,1.2531,1.1787,1.1846,0.8574,1.2037,1.2023,0.8572
1748565897.412799,1.7509,1.7533,1.7721,1.6802,1.5838,1.5623,1.7006,1.7162,1.5225,1.2776,1.3915,0.8494,1.2851,1.4054,0.8797
1748565897.527076,1.7828,1.8153,1.8151,1.7116,1.5894,1.6397,1.6281,1.695,1.4052,1.2555,1.4285,0.8714,1.2679,1.4352,0.8687
1748565897.647383,1.8159,1.8841,1.8739,1.8306,1.7409,1.8035,1.6192,1.6958,1.3423,1.3458,1.5027,0.8612,1.3533,1.5161,0.8725
1748565897.7547781,1.8081,1.8492,1.8446,1.8188,1.7138,1.7678,1.5053,1.5747,1.1752,1.3144,1.4573,0.862,1.3538,1.5242,0.8749
1748565897.8686972,1.0492,1.0052,1.0277,1.035,0.9982,1.0063,0.9756,0.941,0.9447,0.9023,0.8889,0.8658,0.9144,0.8932,0.8754
1748565897.982962,0.966,0.9284,0.9536,0.9219,0.8883,0.8991,0.9388,0.9077,0.9179,0.916,0.8886,0.866,0.9286,0.8988,0.8701
1748565898.096884,1.0162,0.9224,1.0038,0.9652,0.8924,0.9203,1.075,1.0132,0.9574,1.0065,0.9415,0.869,1.0033,0.9533,0.8779
1748565898.21194,1.013,0.9273,1.0181,0.9512,0.8854,0.9321,1.0938,1.0457,0.9778,1.0124,0.9549,0.8674,1.021,0.9579,0.8687
1748565898.324815,1.0111,0.9015,1.0259,0.9622,0.9047,0.9439,1.1368,1.0946,1.0256,1.0304,0.9837,0.8617,1.0503,0.9934,0.8746
1748565898.4389272,1.8172,1.7968,1.8602,1.8578,1.7022,1.7987,1.8132,1.7955,1.507,1.5728,1.6072,0.8561,1.5284,1.6093,0.8733
1748565898.555786,1.7321,1.7194,1.764,1.749,1.6474,1.7025,1.6762,1.7466,1.4887,1.2765,1.4578,0.8615,1.2802,1.4691,0.8773
1748565898.666743,1.792,1.8406,1.8492,1.8019,1.6791,1.7764,1.6555,1.735,1.3987,1.3654,1.5357,0.8612,1.3751,1.5438,0.8741
1748565898.780819,1.8016,1.8642,1.8546,1.8194,1.7033,1.7885,1.612,1.6697,1.3189,1.3619,1.5199,0.8679,1.4022,1.5725,0.873
1748565898.90062,1.7562,1.7667,1.7541,1.7286,1.7022,1.7076,1.323,1.2958,1.244,0.9442,0.9114,0.8631,0.9485,0.9165,0.8717
1748565899.0091782,1.23,1.1895,1.2015,1.0242,0.988,0.9952,0.9643,0.9286,0.9286,0.9082,0.8827,0.8693,0.9138,0.895,0.8736
1748565899.122846,1.1102,1.0036,1.0404,0.9928,0.9095,0.9262,1.0294,0.923,0.9109,0.9856,0.9133,0.865,0.995,0.9181,0.8684
1748565899.236747,1.0836,0.9649,1.0288,0.995,0.8921,0.9214,1.05,0.9657,0.9109,1.0135,0.9343,0.8553,1.0183,0.9415,0.8695
1748565899.354719,1.0261,0.9262,0.9952,0.9635,0.8862,0.9101,1.0393,0.9652,0.9316,1.0009,0.9361,0.8631,1.0127,0.934,0.8679
1748565899.4650838,0.9907,0.9069,0.985,0.9321,0.8784,0.92,1.0731,1.031,0.9665,0.9799,0.9407,0.8684,1.003,0.9461,0.8684
1748565899.578881,1.2891,0.956,1.2907,1.237,1.0756,1.2013,1.4715,1.417,1.1588,1.3093,1.2738,0.8642,1.324,1.2974,0.8663
1748565899.6928508,1.7761,1.7648,1.8038,1.745,1.6209,1.6834,1.6343,1.7108,1.3861,1.3291,1.4863,0.8671,1.338,1.4925,0.8693
1748565899.815947,1.7957,1.8237,1.8293,1.7694,1.6663,1.7248,1.5999,1.6904,1.3393,1.3267,1.5019,0.8671,1.3318,1.5121,0.8757
1748565899.92081,1.8164,1.8715,1.8637,1.8084,1.699,1.7737,1.6192,1.6915,1.2999,1.4017,1.5349,0.873,1.4116,1.5513,0.8768
1748565900.035651,1.7605,1.7466,1.8124,1.8358,1.7243,1.7812,1.6133,1.6867,1.252,1.4269,1.5354,0.8819,1.4312,1.5182,0.876
1748565900.1509461,1.3337,1.2907,1.3052,1.3345,1.2915,1.2934,1.0589,1.0248,1.002,0.9289,0.898,0.8633,0.931,0.9112,0.8711
1748565900.262889,1.0777,1.0347,1.0589,1.0447,1.0014,1.0073,0.9622,0.9216,0.9176,0.9109,0.8862,0.8647,0.9149,0.8945,0.8789
1748565900.378162,1.0441,0.9786,1.0162,0.9754,0.9359,0.9431,0.9568,0.9173,0.9136,0.9165,0.894,0.8639,0.9302,0.9023,0.8749
1748565900.490857,1.0165,0.9498,0.9912,0.9493,0.9098,0.9262,0.9517,0.9152,0.905,0.9179,0.8924,0.8633,0.9275,0.9055,0.8795
1748565900.605058,0.9963,0.9394,0.9764,0.9399,0.9023,0.9141,0.9437,0.9098,0.9077,0.9152,0.8899,0.8604,0.9216,0.9012,0.8762
1748565900.719563,1.0718,0.9568,1.0366,0.9934,0.9071,0.9399,1.0651,0.9987,0.9426,1.021,0.948,0.865,1.0369,0.9697,0.8725
1748565900.8329349,1.4197,1.0358,1.3761,1.4651,1.244,1.3906,1.4804,1.4581,1.1263,1.324,1.313,0.8652,1.3307,1.3291,0.8709
1748565900.946846,1.5341,1.3702,1.5317,1.7151,1.5918,1.652,1.4968,1.5086,1.2195,1.2668,1.306,0.8625,1.2789,1.3063,0.8717
1748565901.060956,1.6117,1.5806,1.6456,1.738,1.6055,1.6805,1.5139,1.5134,1.1978,1.3066,1.3334,0.8679,1.3154,1.3466,0.8757
1748565901.1788359,1.5271,1.4205,1.5271,1.7369,1.6364,1.6789,1.4323,1.4339,1.1621,1.2236,1.2421,0.8652,1.2209,1.2475,0.88
1748565901.288866,1.5569,1.4266,1.5454,1.7514,1.6448,1.6969,1.4417,1.4202,1.1658,1.2327,1.2362,0.8644,1.237,1.2528,0.8768
1748565901.403019,1.3831,1.1548,1.3179,1.4833,1.3377,1.3831,1.2827,1.2279,1.0511,1.1532,1.121,0.8633,1.1647,1.1282,0.8768
1748565901.516968,1.2878,1.0441,1.1959,1.3501,1.2002,1.2319,1.2177,1.1301,1.002,1.1325,1.0597,0.8668,1.1322,1.0699,0.8727
1748565901.630949,1.2257,1.0068,1.1465,1.2636,1.1261,1.1596,1.1741,1.0887,0.9885,1.0895,1.0323,0.8652,1.0979,1.0436,0.8738
