timestamp,R0C0,R0C1,R0C2,R1C0,R1C1,R1C2,R2C0,R2C1,R2C2,R3C0,R3C1,R3C2,R4C0,R4C1,R4C2
1748564940.5617821,1.6394,1.6407,1.641,0.9595,0.9053,0.9079,1.0277,0.9982,0.9802,0.9461,0.8983,0.8856,0.9638,0.912,0.8864
1748564940.6252759,1.6243,1.6238,1.6238,0.9552,0.902,0.9026,1.0178,0.9923,0.9724,0.9421,0.8921,0.8773,0.9574,0.9069,0.8883
1748564940.725885,1.5867,1.5857,1.5865,0.9501,0.8991,0.901,0.999,0.9737,0.9574,0.9412,0.8924,0.8821,0.952,0.9061,0.8889
1748564940.847153,1.5897,1.5926,1.5926,0.9415,0.8948,0.8988,0.9786,0.9595,0.9431,0.93,0.8897,0.8757,0.9437,0.9031,0.8851
1748564940.953856,1.5537,1.5591,1.5601,0.9313,0.8916,0.8975,0.9598,0.9418,0.9353,0.92,0.8873,0.8765,0.9345,0.8977,0.8862
1748564941.0677729,1.5298,1.5344,1.5327,0.9326,0.8897,0.8961,0.9579,0.9386,0.9257,0.9251,0.8902,0.8746,0.9386,0.901,0.8878
1748564941.182186,1.4976,1.5064,1.5088,0.9324,0.8883,0.8945,0.9625,0.9421,0.9243,0.9369,0.9077,0.905,0.9719,0.9345,0.9136
1748564941.2966871,1.4476,1.4551,1.4608,0.9281,0.8881,0.894,0.992,0.9692,0.9421,1.053,1.0355,1.0554,1.0028,0.9751,0.9445
1748564941.40984,1.237,1.237,1.2622,0.9224,0.8859,0.8937,1.1371,1.1107,1.0919,1.6117,1.6088,1.6219,1.002,0.9958,0.9789
1748564941.523787,1.1355,1.1341,1.1741,0.9302,0.8937,0.9286,1.5604,1.5384,1.5309,1.9029,1.8943,1.9026,1.0028,0.9708,0.8843
1748564941.6380439,1.911,1.9214,1.959,1.3998,1.1478,1.2811,1.9155,1.85,1.7471,2.0412,2.0079,2.0305,1.5669,1.4696,0.9152
1748564941.7563992,2.1578,2.1087,2.2081,1.6141,1.4927,1.5655,1.9392,1.8696,1.7076,1.7705,1.7527,1.9257,1.6832,1.7785,1.9561
1748564941.866132,2.2035,2.1597,2.2309,1.6002,1.5416,1.5687,1.9303,1.8768,1.7173,1.7501,1.7262,1.9008,1.6848,1.792,1.9491
1748564941.9799192,2.1774,2.1439,2.2175,1.5636,1.5078,1.5473,1.9206,1.8607,1.7012,1.7842,1.7914,1.9298,1.7184,1.8409,1.9738
1748564942.0940511,2.2153,2.1874,2.2185,1.5319,1.5298,1.4393,1.8701,1.8583,1.7213,1.8132,1.8038,1.8543,1.507,1.5454,0.9018
1748564942.207975,2.2043,2.203,2.2075,1.4132,1.4178,1.4043,1.7855,1.7565,1.7498,1.0178,0.9203,0.8918,1.0124,0.9219,0.8875
1748564942.3222551,2.2569,2.2489,2.2403,1.1164,1.0747,1.0688,1.2134,1.1822,1.1639,0.9321,0.8918,0.8776,0.9426,0.9001,0.8886
1748564942.435781,1.93,1.9212,1.9206,0.966,0.9216,0.9275,1.0041,0.9823,0.9713,0.9206,0.8875,0.8757,0.9326,0.894,0.8824
1748564942.549808,1.7855,1.7863,1.7853,0.9412,0.8929,0.8996,0.9832,0.956,0.9364,0.9386,0.9023,0.8916,0.9506,0.9104,0.8891
1748564942.663914,1.6902,1.6947,1.6942,0.9318,0.8881,0.8956,0.9934,0.967,0.9396,1.0073,0.9971,1.0189,1.4691,1.4659,1.4898
1748564942.7793741,1.4248,1.4274,1.432,0.9184,0.884,0.8948,1.0578,1.0312,1.0092,1.2692,1.2749,1.2907,1.727,1.7251,1.7288
1748564942.892458,1.2131,1.2099,1.237,0.93,0.8889,0.9251,1.4868,1.4618,1.4605,1.2381,1.0197,0.9719,1.0374,0.9778,0.9042
1748564943.0059369,2.1927,2.1508,2.254,1.6362,1.3893,1.5908,1.9975,1.8951,1.706,2.0587,2.041,2.153,1.8035,1.9499,2.0815
1748564943.119993,2.1366,2.0864,2.1809,1.5964,1.5035,1.5349,1.9029,1.8312,1.6477,1.7576,1.7621,1.9126,1.6544,1.771,1.9257
1748564943.23391,2.1568,2.1157,2.1962,1.569,1.5072,1.5268,1.904,1.8414,1.6641,1.7912,1.7807,1.9196,1.6818,1.8006,1.9384
1748564943.353397,2.1696,2.1307,2.2078,1.5534,1.5239,1.5252,1.9094,1.8586,1.6759,1.8336,1.8218,1.9322,1.6816,1.8129,1.9196
1748564943.462184,2.2322,2.179,2.272,1.6649,1.7082,1.5795,1.9913,1.9588,1.7439,1.7012,1.6888,1.9139,1.5626,1.3944,1.0565
1748564943.5758688,2.1844,2.1863,2.1911,1.2066,1.1733,1.1602,1.2625,1.2271,1.208,0.9278,0.8905,0.8762,0.9394,0.9001,0.8846
1748564943.689892,1.9029,1.8986,1.8981,0.9746,0.9353,0.9321,1.0052,0.9805,0.9689,0.9195,0.887,0.8787,0.9294,0.8975,0.8883
1748564943.803931,1.745,1.7501,1.7495,0.9388,0.8948,0.8999,0.9815,0.9625,0.9426,0.9369,0.9152,0.9289,0.9496,0.9149,0.8897
1748564943.9185998,1.6029,1.5988,1.6047,0.9181,0.8891,0.8956,0.985,0.9775,0.9552,1.006,1.0052,1.0248,0.9549,0.9388,0.9007
1748564944.032062,1.223,1.2152,1.2319,0.9128,0.8878,0.8945,1.1234,1.1107,1.0981,1.4146,1.4342,1.4554,1.7433,1.7498,1.7654
1748564944.146061,1.248,1.2424,1.3197,0.9595,0.9026,0.9713,1.5655,1.5365,1.5147,1.0801,1.0256,0.8967,1.0737,1.0189,0.8894
1748564944.2598588,2.1377,2.0829,2.1938,1.6155,1.4959,1.6123,1.9633,1.8871,1.7044,1.8594,1.861,1.9856,1.7544,1.8519,1.9985
1748564944.3740869,2.1444,2.1028,2.1876,1.5639,1.5008,1.551,1.9016,1.8406,1.6845,1.7232,1.7211,1.8777,1.6217,1.7385,1.8994
1748564944.488461,2.1538,2.1261,2.1624,1.5172,1.5327,1.5209,1.858,1.8583,1.6848,1.8057,1.8081,1.9419,1.5803,1.6222,1.2665
1748564944.602338,2.225,2.2013,2.2352,1.6168,1.6098,1.5056,1.9217,1.8962,1.7729,1.9053,1.8994,1.9472,1.5857,1.6918,1.233
1748564944.715891,2.1742,2.1739,2.1696,1.3087,1.2947,1.284,1.525,1.4981,1.4798,0.9391,0.8983,0.8913,0.941,0.9079,0.8867
1748564944.830034,1.8965,1.8943,1.8951,0.9627,0.9246,0.9275,0.995,0.9767,0.9676,0.9165,0.8883,0.876,0.9302,0.8948,0.8856
1748564944.944318,1.7307,1.7307,1.7307,0.9302,0.8905,0.8967,0.9772,0.9625,0.9421,0.9396,0.9208,0.9399,0.9493,0.9181,0.8891
1748564945.058313,1.6268,1.6346,1.6354,0.9203,0.8883,0.8969,0.9909,0.9842,0.9595,1.0441,1.0417,1.0597,0.9584,0.9305,0.8956
1748564945.1719942,1.3251,1.327,1.3385,0.9117,0.8819,0.8934,1.0479,1.0328,1.013,1.2147,1.2238,1.237,1.6818,1.6864,1.691
1748564945.285886,1.1728,1.1663,1.2056,0.9192,0.8907,0.9275,1.5126,1.4865,1.4828,1.2845,1.0573,1.0535,1.5961,1.115,1.0726
1748564945.4000099,2.099,2.0592,2.1269,1.5618,1.2397,1.3987,1.9459,1.861,1.7439,2.1046,2.0622,2.1847,1.8073,1.901,1.4755
1748564945.5140722,2.1516,2.1079,2.1987,1.5728,1.4731,1.561,1.9096,1.8425,1.6963,1.7205,1.7401,1.8957,1.6281,1.7388,1.9091
1748564945.628476,2.1511,2.1068,2.1887,1.547,1.5013,1.5569,1.9091,1.8529,1.7012,1.7729,1.7643,1.9142,1.6391,1.7554,1.9161
1748564945.742078,2.1686,2.1272,2.1753,1.4973,1.5185,1.475,1.8704,1.8543,1.7047,1.8803,1.8664,1.9077,1.5341,1.5841,1.129
1748564945.8560169,2.2051,2.1766,2.1831,1.5314,1.529,1.5013,1.7914,1.7283,1.7022,1.2244,1.0957,1.1231,1.1341,0.9917,0.8864
1748564945.970307,2.1801,2.1796,2.171,1.032,0.9928,0.9896,1.1021,1.0769,1.0611,0.9222,0.8899,0.8832,0.9332,0.8985,0.8867
1748564946.084268,1.8067,1.8038,1.8046,0.9488,0.9128,0.913,0.9858,0.9684,0.9576,0.9179,0.8886,0.8808,0.9313,0.898,0.8843
1748564946.1985269,1.7189,1.7159,1.72,0.9232,0.8907,0.8983,0.9697,0.9622,0.9447,0.9321,0.916,0.9343,0.9437,0.9133,0.8889
1748564946.3121228,1.543,1.5486,1.5545,0.9112,0.8867,0.8958,0.9676,0.9668,0.9482,0.9907,0.9909,1.01,0.9515,0.9343,0.9047
1748564946.425952,1.201,1.2064,1.2225,0.9061,0.8835,0.9007,1.2416,1.237,1.2359,1.5301,1.5336,1.5524,1.7433,1.7439,1.7533
1748564946.539975,1.4363,1.46,1.507,0.9493,0.9109,0.9928,1.6007,1.5824,1.5467,1.2015,1.1422,0.9267,1.0847,1.0498,0.8905
1748564946.654302,2.1527,2.0818,2.2043,1.6158,1.4723,1.6133,1.9717,1.8852,1.7442,1.8237,1.8212,1.9639,1.7055,1.8118,1.9666
1748564946.7685518,2.1052,2.0558,2.1557,1.5776,1.4833,1.5604,1.9163,1.8481,1.7272,1.7028,1.6971,1.8696,1.608,1.7159,1.8967
1748564946.882058,2.1541,2.1119,2.1936,1.5902,1.5596,1.5975,1.9435,1.8924,1.7433,1.8043,1.7804,1.9333,1.6851,1.803,1.9518
1748564946.996119,2.251,2.2081,2.2929,1.6106,1.6515,1.4876,1.9932,1.9526,1.7855,1.7793,1.702,1.9325,1.7388,1.799,1.9891
1748564947.110254,2.232,2.2253,2.215,1.2168,1.1913,1.1779,1.2214,1.1924,1.1744,0.9195,0.8886,0.8746,0.9281,0.8999,0.8859
1748564947.224052,1.9204,1.9131,1.9099,0.9727,0.93,0.9335,0.9985,0.9721,0.9617,0.9224,0.887,0.8752,0.9348,0.8967,0.8851
1748564947.339722,1.6254,1.6343,1.634,0.9297,0.8913,0.9026,0.9665,0.9528,0.938,0.9265,0.9095,0.9208,0.9407,0.9104,0.8886
1748564947.452095,1.418,1.4323,1.4331,0.9133,0.8881,0.8942,0.96,0.9641,0.9437,0.948,0.9458,0.9646,0.9388,0.9173,0.887
1748564947.565975,1.237,1.262,1.2682,0.9055,0.8859,0.8958,1.0267,1.0194,1.0063,1.1172,1.1328,1.1475,0.941,0.9211,0.8891
1748564947.680238,1.1739,1.1854,1.222,0.9203,0.8894,0.9281,1.5346,1.5094,1.5164,1.8696,1.8618,1.8715,0.9931,0.9662,0.8894
1748564947.794764,2.0966,2.0622,2.1218,1.497,1.2107,1.3168,1.9719,1.8908,1.8089,2.0574,2.0512,2.0826,1.6354,1.5894,0.9246
1748564947.908642,2.1288,2.0968,2.1256,1.5599,1.5607,1.4809,1.8395,1.7976,1.699,1.6531,1.6582,1.7208,1.4481,1.4444,0.8969
1748564948.022215,2.1858,2.1559,2.2183,1.6109,1.572,1.5497,1.9206,1.8551,1.706,1.7468,1.71,1.8943,1.6397,1.7114,1.9008
1748564948.136039,2.232,2.2048,2.2532,1.5986,1.547,1.5397,1.9287,1.8685,1.7143,1.8,1.76,1.9212,1.6902,1.7882,1.9373
1748564948.250006,2.2317,2.229,2.2266,1.5107,1.5204,1.4986,1.7697,1.7538,1.7372,1.0997,1.0463,1.0702,0.9993,0.9523,0.8856
1748564948.364371,2.2051,2.2008,2.1927,1.0165,0.9746,0.9764,1.0906,1.0713,1.0597,0.9163,0.8881,0.8787,0.9278,0.8969,0.8862
1748564948.479184,1.7627,1.7667,1.7646,0.9335,0.8988,0.9039,0.9703,0.9568,0.9482,0.916,0.891,0.8899,0.9297,0.8926,0.8875
1748564948.592451,1.6313,1.6329,1.6372,0.9184,0.8905,0.901,0.9772,0.967,0.9506,0.9412,0.9361,0.9533,0.9458,0.9208,0.8897
1748564948.706074,1.4844,1.4908,1.4976,0.9058,0.8878,0.898,0.9786,0.9775,0.959,1.0089,1.0122,1.0318,1.5314,1.537,1.5534
1748564948.820352,1.1768,1.1763,1.198,0.9023,0.8848,0.9028,1.1962,1.1895,1.1776,1.4266,1.4371,1.457,1.7433,1.7455,1.7544
1748564948.934391,1.4691,1.4841,1.5322,0.9606,0.9077,0.9928,1.6671,1.6442,1.6136,1.1465,1.0562,0.9074,1.1271,1.096,1.0374
1748564949.0483189,2.1648,2.1044,2.2215,1.6012,1.4618,1.6386,1.9631,1.8833,1.7468,1.8691,1.8801,1.9214,1.5327,1.5373,0.93
1748564949.1623092,2.179,2.1304,2.2164,1.5776,1.4511,1.5752,1.9271,1.8554,1.7377,1.7474,1.7525,1.9061,1.5591,1.7116,1.8889
1748564949.2761059,2.1785,2.1519,2.1799,1.5126,1.4344,1.4583,1.8339,1.8172,1.6939,1.7745,1.7944,1.8333,1.4712,1.5083,0.9805
1748564949.39006,2.2081,2.1742,2.2091,1.5507,1.4984,1.4954,1.9287,1.9118,1.7815,1.8959,1.8709,1.9932,1.71,1.8245,1.9749
1748564949.504205,2.2145,2.2091,2.2073,1.4189,1.4223,1.4068,1.7584,1.7444,1.7372,1.0291,0.9743,0.9904,0.9657,0.9224,0.8851
1748564949.620095,2.1616,2.1543,2.1584,1.0248,0.9934,0.9926,1.0903,1.0756,1.0643,0.9114,0.8846,0.8741,0.9189,0.894,0.8862
1748564949.7327302,1.6676,1.6738,1.673,0.9439,0.9104,0.9128,0.9711,0.9649,0.9549,0.9152,0.8891,0.88,0.927,0.9031,0.8913
1748564949.846261,1.5056,1.518,1.519,0.9292,0.8913,0.8991,0.9676,0.9587,0.9421,0.9332,0.9238,0.938,0.9442,0.9163,0.8881
1748564949.960363,1.4573,1.4745,1.4742,0.913,0.8873,0.894,0.9689,0.9676,0.9496,1.0014,1.002,1.0218,0.9415,0.9219,0.8894
1748564950.0741918,1.2123,1.2241,1.234,0.9093,0.8824,0.8967,1.2322,1.219,1.2158,1.5231,1.533,1.5478,0.9485,0.9246,0.8899
1748564950.191333,1.5969,1.6042,1.6332,0.9826,0.9133,0.9947,1.7506,1.728,1.713,1.8215,1.8054,1.8245,1.129,1.0629,0.8886
1748564950.302208,2.1632,2.1089,2.1651,1.5338,1.461,1.5016,1.8873,1.854,1.7463,1.8473,1.8562,1.9045,1.5123,1.5462,1.0105
1748564950.416115,2.1807,2.1516,2.1927,1.5145,1.4567,1.4444,1.8489,1.8414,1.7439,1.7439,1.7565,1.8156,1.4291,1.5532,1.0385
1748564950.530175,2.1925,2.1543,2.2201,1.4925,1.4565,1.4436,1.8607,1.843,1.7353,1.8121,1.8081,1.9448,1.4879,1.547,1.0087
1748564950.644502,2.2083,2.1707,2.2113,1.4949,1.5258,1.4581,1.9067,1.9126,1.8062,1.8406,1.8301,1.9257,1.525,1.6133,0.9987
1748564950.759234,2.2526,2.2502,2.247,1.4175,1.4052,1.389,1.7699,1.7326,1.7151,1.0307,0.9442,0.9531,1.0076,0.9224,0.8883
1748564950.87276,2.0439,2.0345,2.0372,0.984,0.9426,0.9437,1.0452,1.0264,1.0146,0.9206,0.8875,0.8752,0.9326,0.8985,0.8897
1748564950.986204,1.8379,1.832,1.8298,0.9394,0.9004,0.9015,0.9823,0.9609,0.9523,0.9184,0.8873,0.8792,0.9356,0.8999,0.8905
1748564951.1002722,1.7595,1.7608,1.7584,0.9308,0.8902,0.8972,0.9799,0.9673,0.9493,0.9525,0.9383,0.9515,0.9525,0.9224,0.8961
1748564951.214326,1.5344,1.5346,1.5397,0.9133,0.8889,0.8961,0.9775,0.9762,0.9587,1.0334,1.035,1.0541,1.5835,1.5878,1.5969
1748564951.3284469,1.1946,1.1994,1.2177,0.912,0.8856,0.9031,1.4591,1.453,1.4532,1.5814,1.583,1.5996,1.7686,1.7753,1.7863
1748564951.4422731,1.6219,1.6308,1.663,0.9743,0.9206,1.0167,1.7004,1.6872,1.6579,1.3447,1.5153,1.41,1.1263,1.089,0.8897
1748564951.556278,2.1691,2.1103,2.2164,1.5776,1.4411,1.6125,1.9666,1.8957,1.7815,1.803,1.8003,1.9547,1.6625,1.7753,1.9467
1748564951.670549,2.1535,2.0998,2.1938,1.5757,1.5177,1.5806,1.9265,1.8739,1.7737,1.6746,1.688,1.8736,1.5583,1.7006,1.8895
1748564951.784191,2.1739,2.1186,2.2134,1.5838,1.5969,1.6115,1.947,1.9048,1.7928,1.7632,1.7549,1.9271,1.6574,1.7826,1.9435
1748564951.899009,2.2475,2.2145,2.2521,1.5207,1.6098,1.4844,1.9741,1.9612,1.8785,1.8204,1.7785,1.8422,1.4965,1.5612,0.9466
1748564952.012338,2.2105,2.2064,2.2064,1.3686,1.3565,1.3461,1.6891,1.6633,1.6423,0.9477,0.8934,0.876,0.9576,0.9036,0.8881
1748564952.1261692,1.9757,1.9703,1.9674,0.9614,0.9203,0.9238,0.9909,0.9743,0.9654,0.9227,0.8859,0.8779,0.9345,0.8991,0.8848
1748564952.240188,1.3436,1.3665,1.363,0.9232,0.8913,0.8996,0.9703,0.9695,0.9485,0.9536,0.9482,0.9665,0.9482,0.923,0.8891
1748564952.354648,1.1881,1.208,1.216,0.9152,0.8886,0.9007,1.0183,1.0165,0.9939,1.0699,1.0734,1.0944,0.9496,0.9267,0.8905
1748564952.468433,1.1588,1.1736,1.1897,0.9112,0.8862,0.898,1.0906,1.0852,1.0718,1.2561,1.266,1.2821,0.9496,0.9294,0.8924
1748564952.58247,0.9227,0.9587,0.988,0.9085,0.8867,0.9168,1.6037,1.5953,1.5894,1.7828,1.7834,1.793,0.9641,0.9431,0.891
1748564952.696267,1.605,1.6241,1.6625,1.0465,0.9531,1.0721,1.8368,1.81,1.7785,1.4342,1.3587,1.1492,1.237,1.1612,0.8878
1748564952.8103812,2.1629,2.1248,2.2175,1.5338,1.4374,1.6053,1.9453,1.8774,1.7664,1.8285,1.8226,1.9719,1.6571,1.7917,1.9513
1748564952.924482,2.1753,2.1334,2.2167,1.5467,1.5056,1.5854,1.926,1.872,1.7613,1.739,1.7393,1.9085,1.5916,1.745,1.9088
1748564953.038669,2.1855,2.1535,2.2317,1.5561,1.5274,1.6031,1.9496,1.8951,1.76,1.8632,1.8204,1.9684,1.6679,1.7976,1.9558
1748564953.1525571,2.3058,2.2688,2.3295,1.6112,1.612,1.4852,2.0222,1.9838,1.8567,1.7756,1.7936,1.9727,1.7399,1.8637,2.0181
1748564953.26624,2.2715,2.2637,2.2583,1.208,1.1803,1.1658,1.3345,1.3109,1.2953,0.931,0.8875,0.8784,0.9318,0.9039,0.8932
1748564953.380455,1.8954,1.8814,1.8793,0.9563,0.9141,0.9168,0.9842,0.9627,0.9533,0.923,0.8873,0.8749,0.9345,0.8964,0.8897
1748564953.495093,1.7189,1.7235,1.7256,0.9394,0.8972,0.8983,0.9797,0.9598,0.9359,0.9458,0.9286,0.941,0.9617,0.9157,0.8881
1748564953.608866,1.6499,1.6614,1.6593,0.9316,0.8883,0.902,0.9974,0.9789,0.96,1.039,1.035,1.0546,0.9552,0.9254,0.8894
1748564953.722466,1.3345,1.3442,1.3498,0.9128,0.8859,0.8956,1.0457,1.0331,1.0154,1.1723,1.1835,1.1972,0.9477,0.9262,0.8942
1748564953.836643,1.1749,1.1862,1.2225,0.9189,0.8894,0.9326,1.5558,1.5365,1.5362,1.9056,1.8983,1.9139,0.9995,0.9703,0.8902
1748564953.95029,2.0931,2.0617,2.1202,1.4707,1.2225,1.3839,1.9633,1.901,1.8261,2.0275,1.9977,2.0474,1.5943,1.5892,0.9864
1748564954.068226,2.1643,2.117,2.204,1.569,1.4796,1.5462,1.9102,1.8468,1.7382,1.7466,1.7466,1.9088,1.5999,1.7409,1.9026
1748564954.178814,2.1718,2.1323,2.2097,1.5392,1.5064,1.5593,1.9094,1.8607,1.7463,1.7415,1.7216,1.9013,1.6117,1.7291,1.9016
1748564954.292358,2.1965,2.1535,2.2274,1.5583,1.5123,1.5704,1.9607,1.9005,1.7678,1.8728,1.8137,1.9596,1.677,1.7992,1.9518
1748564954.4063349,2.2419,2.243,2.2513,1.4927,1.4941,1.46,1.7938,1.7587,1.7385,1.176,1.0871,1.1118,1.0764,0.9797,0.8891
1748564954.52037,2.1887,2.1796,2.1777,1.053,1.0173,1.0132,1.0949,1.0686,1.0511,0.9184,0.8875,0.876,0.9351,0.8969,0.8878
1748564954.638815,1.8476,1.8438,1.8551,0.9501,0.902,0.9074,0.9724,0.9496,0.9383,0.9284,0.8894,0.8781,0.941,0.9007,0.8899
1748564954.748554,1.7667,1.7659,1.7654,0.9488,0.8905,0.8991,0.9928,0.9643,0.9353,0.9751,0.9506,0.966,0.9681,0.9222,0.8891
1748564954.8624818,1.7251,1.7178,1.7208,0.9313,0.8862,0.898,0.992,0.9697,0.9421,1.0197,1.0191,1.0347,0.9574,0.9195,0.8916
1748564954.9762702,1.3767,1.3794,1.3829,0.9141,0.8819,0.894,1.06,1.0366,1.02,1.2367,1.2609,1.2781,1.5835,1.5972,1.6077
1748564955.090423,1.2179,1.2203,1.27,0.9402,0.8972,0.9407,1.5344,1.5024,1.5099,1.0334,0.988,0.8932,1.212,1.2134,1.0852
1748564955.204722,2.1619,2.0923,2.2035,1.6421,1.5456,1.6061,2.0155,1.9265,1.8132,1.9177,1.9241,2.0592,1.7159,1.8715,2.0192
1748564955.318618,2.1764,2.1272,2.2062,1.5494,1.4788,1.5242,1.8793,1.8218,1.6958,1.7272,1.739,1.8957,1.5811,1.7138,1.8774
1748564955.432401,2.1836,2.1431,2.2172,1.5233,1.4973,1.5376,1.8932,1.8473,1.7041,1.7855,1.7836,1.9325,1.6311,1.7807,1.9201
1748564955.5464818,2.2032,2.1578,2.2328,1.5215,1.5013,1.5344,1.9209,1.8736,1.7377,1.8696,1.8183,1.9652,1.6786,1.8032,1.9467
1748564955.6607292,2.2024,2.197,2.2016,1.4011,1.403,1.3912,1.7552,1.7307,1.7267,1.0288,0.9536,0.9622,0.9928,0.9195,0.8899
1748564955.775994,1.994,1.9913,1.9838,1.002,0.9641,0.9622,1.0573,1.042,1.0285,0.9232,0.8848,0.877,0.9321,0.895,0.8891
1748564955.888619,1.6109,1.6166,1.612,0.9281,0.895,0.8977,0.9595,0.9579,0.9453,0.9141,0.8918,0.8894,0.9359,0.905,0.8894
1748564956.00228,1.378,1.3966,1.4017,0.9157,0.8897,0.901,0.9778,0.9826,0.9657,0.9974,0.995,1.0183,1.0379,1.0318,0.9681
1748564956.1163478,1.2346,1.237,1.2596,0.9093,0.8859,0.9007,1.0288,1.0272,1.0116,1.14,1.1475,1.1658,1.6335,1.6367,1.648
1748564956.230473,1.111,1.1228,1.1459,0.9085,0.8843,0.9077,1.522,1.5137,1.5134,1.72,1.727,1.7404,1.7791,1.7812,1.7922
1748564956.3495538,1.5867,1.6037,1.6324,1.0627,0.9412,1.0447,1.8159,1.7818,1.7581,1.2018,1.1118,0.8757,1.2335,1.1389,0.8918
1748564956.4590132,2.1694,2.1307,2.2185,1.5032,1.4164,1.594,1.9059,1.8524,1.7213,1.7963,1.8081,1.9523,1.6609,1.792,1.944
1748564956.5724359,2.1817,2.1516,2.2285,1.5287,1.4806,1.5666,1.9206,1.868,1.7358,1.8062,1.7823,1.9335,1.627,1.7678,1.9228
1748564956.686595,2.175,2.1396,2.2118,1.5088,1.4664,1.5575,1.901,1.8527,1.6993,1.8658,1.8454,1.9727,1.6445,1.7831,1.9322
1748564956.8007932,2.2677,2.2432,2.2715,1.6053,1.5784,1.5298,1.9886,1.9655,1.8226,1.7895,1.8121,1.9768,1.7291,1.8637,2.0101
1748564956.9165041,2.2774,2.2594,2.2634,1.2179,1.198,1.1825,1.3146,1.2853,1.2741,0.9195,0.8889,0.8736,0.9305,0.898,0.8854
1748564957.0285592,1.8696,1.8634,1.8629,0.9635,0.9259,0.9257,0.9834,0.9668,0.9579,0.913,0.8824,0.8727,0.9238,0.8953,0.8864
1748564957.142396,1.6722,1.6773,1.6773,0.9396,0.8945,0.9001,0.9703,0.9533,0.9367,0.9345,0.9085,0.9211,0.9482,0.9122,0.8913
1748564957.2564201,1.5247,1.5336,1.5344,0.9318,0.8889,0.8969,0.9818,0.9678,0.9421,0.9993,0.9917,1.0108,0.984,0.9566,0.9372
1748564957.370404,1.3281,1.3442,1.3469,0.9147,0.8835,0.891,1.0044,0.9907,0.9665,1.114,1.1218,1.1408,1.537,1.5478,1.5599
1748564957.485916,1.1465,1.161,1.1865,0.9187,0.8851,0.9082,1.5075,1.4836,1.4844,1.8704,1.8726,1.882,1.0817,1.0541,0.9249
1748564957.598575,1.8905,1.876,1.9174,1.3428,1.1011,1.1688,1.908,1.8513,1.8116,1.9456,1.8919,1.9427,1.4804,1.3834,0.9165
1748564957.7126641,2.1511,2.099,2.1823,1.5473,1.468,1.569,1.9059,1.8457,1.7189,1.7707,1.7834,1.9378,1.6115,1.7549,1.9107
1748564957.826428,2.1844,2.1516,2.2212,1.5284,1.5478,1.5601,1.9026,1.8693,1.7439,1.7691,1.7603,1.9268,1.6096,1.7546,1.9112
1748564957.943601,2.1793,2.1508,2.2218,1.5209,1.5755,1.5846,1.9212,1.89,1.7549,1.8717,1.8392,1.994,1.6609,1.7965,1.9491
1748564958.054595,2.251,2.2215,2.2454,1.5773,1.6289,1.4968,1.8696,1.8465,1.753,1.4919,1.4632,1.5078,1.2931,1.2236,0.8878
1748564958.1688352,2.2521,2.2475,2.2516,1.1639,1.1344,1.1223,1.2254,1.197,1.183,0.9181,0.8873,0.8733,0.9289,0.8948,0.8846
1748564958.2826712,1.9177,1.9099,1.9056,0.9568,0.9141,0.9155,0.9866,0.9611,0.945,0.9184,0.8854,0.8754,0.9335,0.8953,0.8859
1748564958.396553,1.7898,1.7869,1.7901,0.9453,0.8924,0.898,0.9877,0.9579,0.9321,0.9517,0.9249,0.9378,0.9598,0.9176,0.887
1748564958.514486,1.7173,1.7232,1.7232,0.9407,0.8867,0.894,0.9993,0.9678,0.941,1.0291,1.0229,1.0439,0.9783,0.934,0.9082
1748564958.625012,1.4777,1.482,1.4871,0.9206,0.8838,0.8913,1.0285,1.0028,0.9805,1.1709,1.1838,1.1997,1.4927,1.508,1.5142
1748564958.7386398,1.2104,1.2209,1.237,0.9278,0.8864,0.912,1.4299,1.4009,1.4035,1.9123,1.9085,1.9163,1.0186,0.9872,0.9085
1748564958.852673,2.0856,2.0501,2.0995,1.4712,1.2099,1.277,1.9282,1.8554,1.7718,2.0466,1.9913,2.045,1.5881,1.5274,1.0017
1748564958.966667,2.1296,2.0622,2.1272,1.5225,1.5397,1.4538,1.8022,1.7933,1.6614,1.7224,1.7409,1.7989,1.4613,1.5075,1.0737
1748564959.081155,2.1823,2.1522,2.2282,1.5432,1.5854,1.5333,1.875,1.8441,1.6891,1.7353,1.7245,1.9016,1.6093,1.7417,1.8951
1748564959.194924,2.175,2.1409,2.2148,1.5395,1.58,1.5271,1.85,1.8403,1.695,1.8632,1.8212,1.969,1.5741,1.619,1.035
1748564959.308556,2.2301,2.182,2.2196,1.5427,1.6131,1.4704,1.8734,1.8414,1.7339,1.5346,1.5048,1.5489,1.3622,1.237,0.8867
1748564959.422611,2.2553,2.2478,2.2497,1.2287,1.2013,1.1895,1.3383,1.3087,1.295,0.92,0.8848,0.8762,0.9289,0.8958,0.8859
1748564959.5367198,1.8957,1.8948,1.893,0.9412,0.9087,0.9152,0.9721,0.9622,0.9515,0.9106,0.8819,0.8725,0.9232,0.8937,0.8856
1748564959.654079,1.6789,1.684,1.6877,0.9286,0.8899,0.8985,0.9684,0.9579,0.9375,0.9343,0.916,0.9297,0.945,0.916,0.8881
1748564959.764871,1.4828,1.4887,1.4962,0.9144,0.8846,0.8956,0.9743,0.9703,0.9536,1.0197,1.02,1.039,0.9592,0.9407,0.9206
1748564959.878741,1.1991,1.2064,1.2203,0.905,0.883,0.8948,1.0699,1.0651,1.0474,1.2819,1.3007,1.3176,1.3877,1.2829,1.6689
1748564959.992543,1.158,1.1696,1.2107,0.9168,0.8934,0.9558,1.6265,1.6106,1.6002,1.8911,1.882,1.8959,1.0191,0.9966,0.8913
1748564960.1067169,2.1678,2.1011,2.1949,1.609,1.4793,1.5996,1.959,1.8822,1.7275,1.9419,1.9432,2.0257,1.6319,1.6098,1.1266
1748564960.224252,2.1543,2.1248,2.1949,1.5346,1.4446,1.5475,1.8777,1.8186,1.6705,1.7224,1.7536,1.9005,1.561,1.7229,1.8787
1748564960.335383,2.1807,2.1546,2.2247,1.5282,1.4959,1.5505,1.8903,1.8433,1.6885,1.8092,1.796,1.9314,1.6061,1.7632,1.8994
1748564960.448548,2.2269,2.1973,2.2647,1.5242,1.5115,1.569,1.937,1.8822,1.7245,1.911,1.8763,1.9513,1.6466,1.7914,1.6329
1748564960.562593,2.2682,2.2698,2.2653,1.533,1.5373,1.518,1.7495,1.7305,1.7151,1.0745,1.0173,1.0339,1.0006,0.9439,0.887
1748564960.6769862,2.1425,2.1355,2.1296,1.0183,0.984,0.9834,1.0409,1.0261,1.0157,0.9122,0.8819,0.8738,0.9224,0.8924,0.8859
1748564960.791389,1.5978,1.6034,1.6031,0.9326,0.8964,0.9026,0.9652,0.952,0.9394,0.9198,0.9007,0.9122,0.9412,0.9104,0.8864
1748564960.904759,1.4882,1.5086,1.508,0.9284,0.8883,0.8975,0.9807,0.9695,0.9466,0.9896,0.9821,1.0033,0.956,0.9259,0.8897
1748564961.018582,1.371,1.385,1.385,0.9128,0.8854,0.8948,0.985,0.9786,0.9652,1.0648,1.0699,1.0882,1.1236,1.3127,1.0997
1748564961.1325529,1.1706,1.1798,1.1972,0.9082,0.8843,0.8961,1.3055,1.2937,1.295,1.6115,1.6115,1.6262,0.9754,0.9512,0.9034
1748564961.246815,1.4723,1.4847,1.5199,0.9754,0.9066,0.9775,1.7235,1.7022,1.6816,1.2937,1.3791,1.2451,1.1013,1.0393,0.8918
1748564961.362997,2.1723,2.1143,2.2201,1.5344,1.5086,1.6123,1.9295,1.8712,1.7345,1.8696,1.8685,2.0079,1.6918,1.8188,1.9623
1748564961.475132,2.1836,2.1495,2.2244,1.508,1.5059,1.5486,1.8865,1.8433,1.7173,1.7299,1.731,1.8994,1.5873,1.728,1.8919
1748564961.588588,2.2046,2.1699,2.2338,1.5059,1.5164,1.5604,1.8978,1.8653,1.7098,1.7912,1.7772,1.9351,1.6346,1.7758,1.922
1748564961.7025878,2.2749,2.2532,2.3225,1.5408,1.5389,1.5537,1.9542,1.9139,1.8054,1.7928,1.7683,1.9123,1.4761,1.5841,0.9821
1748564961.816757,2.2475,2.2529,2.2505,1.3407,1.3404,1.3361,1.7568,1.7407,1.7407,0.9668,0.9195,0.9308,0.9498,0.9079,0.8883
1748564961.934291,2.2164,2.2051,2.197,0.9834,0.9418,0.9439,1.0116,0.9883,0.978,0.9179,0.8859,0.876,0.9289,0.8924,0.8851
1748564962.0448189,1.8403,1.8339,1.8355,0.941,0.8977,0.9039,0.9711,0.9501,0.9351,0.927,0.8897,0.8843,0.9415,0.9015,0.8875
1748564962.158668,1.7501,1.7503,1.7538,0.9369,0.891,0.8977,0.9815,0.956,0.9281,0.9509,0.931,0.9442,0.9555,0.9192,0.8891
1748564962.2725701,1.5811,1.5873,1.5878,0.9265,0.8875,0.8932,0.9791,0.9576,0.9348,1.0339,1.0288,1.0484,0.9595,0.9254,0.8932
1748564962.3868,1.3447,1.3538,1.3603,0.9232,0.8848,0.8921,1.1201,1.0868,1.075,1.5161,1.533,1.5464,1.6346,1.6461,1.6587
1748564962.5022888,1.3659,1.3775,1.4111,0.9673,0.9012,0.9396,1.5381,1.5037,1.4954,1.2246,1.2789,1.024,1.0503,0.9853,0.8899
1748564962.615295,2.1694,2.1009,2.2013,1.5999,1.5558,1.5849,1.9779,1.9139,1.7726,1.8876,1.8809,2.0198,1.727,1.8358,1.9698
1748564962.72874,2.1699,2.1323,2.1936,1.5088,1.5016,1.4667,1.846,1.8049,1.6574,1.7154,1.7251,1.8782,1.59,1.7232,1.8666
1748564962.8427289,2.1844,2.1602,2.2177,1.5051,1.5553,1.5072,1.8801,1.8554,1.6832,1.8118,1.8124,1.9491,1.6477,1.7904,1.9177
1748564962.956697,2.2328,2.2183,2.2706,1.5408,1.6192,1.471,1.9306,1.8793,1.7388,1.8548,1.8132,1.8911,1.5381,1.6593,0.9756
1748564963.074625,2.2567,2.2529,2.2578,1.3407,1.3367,1.3275,1.695,1.6636,1.641,0.9426,0.8891,0.8905,0.9485,0.9042,0.8862
1748564963.184789,2.0241,2.0235,2.016,0.9684,0.9353,0.9326,0.9928,0.9813,0.9686,0.9163,0.8881,0.8754,0.9273,0.8924,0.8856
1748564963.298638,1.7471,1.7506,1.7525,0.9396,0.8916,0.8983,0.9743,0.9568,0.9369,0.9496,0.9278,0.9399,0.9584,0.9206,0.8894
1748564963.412767,1.659,1.6816,1.6703,0.9313,0.8894,0.8932,1.0095,0.9845,0.9606,1.0611,1.0546,1.0715,0.9767,0.9388,0.8999
1748564963.527265,1.4269,1.4291,1.4317,0.9184,0.8838,0.8945,1.0218,1.0057,0.9885,1.1314,1.1389,1.154,1.5376,1.5456,1.5558
1748564963.641796,1.1983,1.2013,1.219,0.9155,0.8862,0.9039,1.442,1.4205,1.4175,1.7836,1.7823,1.7941,1.756,1.7627,1.7694
1748564963.754768,1.6837,1.6937,1.7135,1.0801,0.9512,1.0251,1.7697,1.7401,1.7039,1.511,1.305,1.0957,1.2351,1.136,0.8926
1748564963.8687072,2.1046,2.0595,2.1527,1.5145,1.4586,1.5411,1.8908,1.8392,1.691,1.803,1.7973,1.9453,1.6421,1.774,1.919
1748564963.9827352,2.179,2.1559,2.211,1.5078,1.5177,1.5096,1.8752,1.8363,1.7025,1.7262,1.713,1.8846,1.5964,1.7305,1.8814
1748564964.096761,2.1807,2.1581,2.2177,1.4959,1.5147,1.5233,1.8744,1.8435,1.6848,1.7664,1.7662,1.922,1.6039,1.7611,1.9056
1748564964.214037,2.2475,2.2309,2.2895,1.5865,1.5763,1.5244,1.9308,1.8908,1.7675,1.7721,1.7541,1.9222,1.6198,1.7775,1.9217
1748564964.325171,2.2287,2.2188,2.2212,1.3436,1.3536,1.3415,1.7707,1.7544,1.7501,0.9482,0.8945,0.9168,0.952,0.9053,0.8873
1748564964.4388611,2.2158,2.2105,2.2118,1.0114,0.9759,0.9767,1.0428,1.0186,1.0114,0.9138,0.8827,0.876,0.9278,0.891,0.8878
1748564964.552835,1.8935,1.8954,1.8911,0.9418,0.9042,0.9085,0.9756,0.9558,0.9431,0.9224,0.8945,0.8983,0.9396,0.9055,0.8875
1748564964.6667252,1.7579,1.7589,1.7576,0.9243,0.8913,0.8991,0.9668,0.9528,0.9324,0.9343,0.9189,0.9386,0.9426,0.9155,0.8897
1748564964.7808042,1.5196,1.529,1.533,0.9141,0.8867,0.8926,0.9716,0.967,0.9472,1.0355,1.035,1.0527,0.9437,0.9243,0.8916
1748564964.8949099,1.237,1.2542,1.2665,0.9155,0.8859,0.8999,1.4312,1.414,1.4116,1.6953,1.7014,1.7149,0.9598,0.9324,0.8929
1748564965.0086982,1.757,1.7509,1.7742,1.1449,0.9864,1.0554,1.8054,1.7608,1.7146,1.3657,1.3179,1.0938,1.3197,1.1921,0.8894
1748564965.122785,2.1565,2.1234,2.2142,1.4906,1.4237,1.4269,1.785,1.7815,1.6496,1.7777,1.7815,1.8551,1.5902,1.7385,1.8846
1748564965.237035,2.1788,2.1441,2.2137,1.5008,1.5352,1.5365,1.8591,1.8331,1.6845,1.7305,1.7382,1.9,1.5663,1.7369,1.8836
1748564965.350765,2.1855,2.1568,2.2231,1.5086,1.5567,1.5483,1.8806,1.8556,1.6961,1.8194,1.7989,1.9459,1.6375,1.7885,1.9217
1748564965.46483,2.2532,2.232,2.2688,1.472,1.5145,1.3888,1.8674,1.8841,1.7742,1.8959,1.8744,2.0187,1.6942,1.8782,1.9754
1748564965.5790231,2.2132,2.2078,2.2185,1.2684,1.255,1.237,1.5019,1.4718,1.4532,0.9265,0.8891,0.877,0.9364,0.9015,0.8862
1748564965.6927412,1.9496,1.9505,1.9526,0.9611,0.9211,0.9238,0.9834,0.9665,0.96,0.916,0.883,0.8746,0.9294,0.8932,0.8889
1748564965.81113,1.7791,1.7842,1.7947,0.9369,0.8932,0.9015,0.9751,0.9595,0.9396,0.9337,0.913,0.927,0.9528,0.9173,0.8894
1748564965.920933,1.6496,1.6614,1.6603,0.9216,0.8883,0.8975,0.9748,0.967,0.9429,0.9692,0.9662,0.9823,0.9528,0.9284,0.8926
1748564966.0349162,1.3759,1.3759,1.3866,0.9085,0.8859,0.8958,1.0183,1.0079,0.9939,1.107,1.1185,1.1352,1.6004,1.608,1.612
1748564966.148808,1.1937,1.2021,1.2365,0.9149,0.8921,0.9289,1.537,1.5199,1.5158,1.8572,1.8572,1.8696,0.9931,0.9751,0.8948
1748564966.263047,2.1135,2.0904,2.1506,1.4178,1.2281,1.3307,1.9161,1.8497,1.7503,2.0232,1.9749,2.102,1.742,1.8548,1.4522
1748564966.379145,2.1713,2.1353,2.2129,1.5481,1.5161,1.5349,1.8578,1.8194,1.6711,1.673,1.6977,1.8728,1.5827,1.7253,1.882
1748564966.4912739,2.1551,2.1294,2.2021,1.5252,1.5604,1.5499,1.8699,1.8441,1.7014,1.7407,1.7272,1.8983,1.616,1.7433,1.8957
1748564966.604937,2.1893,2.1675,2.1938,1.4763,1.558,1.4479,1.836,1.8371,1.7057,1.8376,1.8,1.8693,1.5228,1.605,1.0903
1748564966.7187,2.203,2.1874,2.1979,1.4852,1.4849,1.4436,1.7777,1.7412,1.7208,1.1621,1.0938,1.1161,1.0729,0.984,0.887
1748564966.833001,2.2553,2.2451,2.2454,1.0927,1.0592,1.0503,1.1344,1.1078,1.0941,0.9219,0.8867,0.8752,0.9324,0.8953,0.8859
1748564966.9468858,1.8049,1.7992,1.803,0.9404,0.9018,0.9074,0.9646,0.9474,0.9359,0.9152,0.8864,0.8757,0.931,0.8967,0.8867
1748564967.061056,1.62,1.6265,1.623,0.9262,0.891,0.8985,0.9676,0.9576,0.938,0.9429,0.9308,0.9477,0.9523,0.9254,0.898
1748564967.1748888,1.5072,1.5096,1.5118,0.9155,0.8875,0.8937,0.9767,0.9713,0.9547,1.0234,1.0232,1.0428,1.1381,1.089,1.1226
1748564967.288982,1.2542,1.2606,1.2725,0.9071,0.8835,0.8926,1.0799,1.0702,1.0573,1.237,1.2606,1.2776,1.6445,1.6534,1.6625
1748564967.403069,1.1868,1.198,1.237,0.9246,0.8983,0.9447,1.6123,1.5964,1.5902,1.9016,1.8951,1.9091,1.0173,0.9928,0.8972
1748564967.51703,2.1927,2.1339,2.1852,1.6034,1.5362,1.5384,1.9805,1.9225,1.7796,1.865,1.8806,2.0262,1.6542,1.8435,1.987
1748564967.630961,2.1619,2.1323,2.2056,1.4911,1.4527,1.5207,1.8521,1.8137,1.6767,1.6633,1.684,1.8562,1.555,1.6985,1.8615
1748564967.745056,2.1847,2.1557,2.2196,1.4927,1.5067,1.5338,1.8701,1.8419,1.7009,1.753,1.7409,1.9042,1.6203,1.749,1.8986
1748564967.858894,2.1995,2.1766,2.2183,1.4806,1.4841,1.5193,1.8967,1.8607,1.7224,1.7944,1.7713,1.9236,1.5969,1.5953,0.9802
1748564967.972922,2.2199,2.1949,2.2046,1.5486,1.5733,1.4653,1.8664,1.821,1.7519,1.3783,1.3289,1.3324,1.2126,1.0739,0.8894
1748564968.090386,2.2604,2.2583,2.2615,1.1725,1.1376,1.1279,1.2249,1.1956,1.183,0.9181,0.887,0.8744,0.9294,0.8945,0.8867
1748564968.20091,1.9483,1.9472,1.9467,0.9415,0.9039,0.9071,0.967,0.9463,0.9375,0.9168,0.8824,0.8768,0.9281,0.894,0.887
1748564968.314911,1.7761,1.7732,1.7799,0.9356,0.8905,0.8996,0.9756,0.9533,0.9297,0.9442,0.9257,0.9388,0.9539,0.9179,0.8899
1748564968.429187,1.6125,1.62,1.6219,0.9216,0.8875,0.8942,0.9756,0.9617,0.9378,0.985,0.9791,0.9985,0.9842,0.9533,0.9163
1748564968.543186,1.3547,1.3632,1.3697,0.9104,0.8851,0.8924,1.0186,1.0044,0.9874,1.1255,1.1363,1.1521,1.5792,1.5843,1.5905
1748564968.658431,1.1983,1.2085,1.2359,0.9189,0.8902,0.9227,1.5056,1.4817,1.4822,1.9051,1.9002,1.9059,0.9998,0.9686,0.8958
1748564968.771119,2.0864,2.0469,2.1033,1.4739,1.2805,1.3442,1.951,1.8991,1.8078,2.0533,2.0082,2.1116,1.6609,1.5889,1.1658
1748564968.885168,2.1702,2.1527,2.1815,1.4524,1.4363,1.4229,1.8427,1.811,1.6617,1.7643,1.7785,1.8293,1.543,1.7509,1.0323
1748564968.998934,2.1713,2.1452,2.2134,1.4753,1.5123,1.468,1.803,1.8376,1.6869,1.7149,1.7345,1.886,1.4726,1.6469,1.7619
1748564969.1153998,2.1817,2.1559,2.1847,1.4497,1.5172,1.4312,1.8285,1.839,1.6979,1.8828,1.8546,1.9099,1.4715,1.5513,0.9525
1748564969.228073,2.2118,2.1976,2.197,1.4557,1.4624,1.3882,1.796,1.7611,1.7221,1.2074,1.1427,1.161,1.1142,1.0205,0.8881
1748564969.341067,2.28,2.2819,2.28,1.042,1.0041,0.9966,1.132,1.1113,1.0957,0.9224,0.8875,0.8741,0.9329,0.8972,0.8875
1748564969.455106,1.8199,1.8188,1.8191,0.9343,0.9001,0.905,0.967,0.9566,0.9447,0.9155,0.8854,0.8762,0.9265,0.898,0.8891
1748564969.569052,1.6826,1.6864,1.6834,0.9292,0.8926,0.8991,0.9708,0.9584,0.9386,0.9407,0.9257,0.9394,0.9498,0.9208,0.8891
1748564969.685107,1.551,1.5599,1.561,0.92,0.8881,0.8956,0.978,0.9662,0.9455,1.0073,1.0054,1.0237,1.5287,1.2271,1.537
1748564969.797309,1.3256,1.3326,1.3407,0.912,0.8848,0.8926,1.0385,1.021,1.0073,1.1674,1.1779,1.1959,1.5994,1.608,1.6147
1748564969.911239,1.2416,1.2617,1.2894,0.927,0.8924,0.9281,1.5336,1.5091,1.5107,1.9166,1.9077,1.912,1.002,0.9829,0.9026
1748564970.024944,2.2081,2.1551,2.207,1.5105,1.3947,1.4119,1.9214,1.8688,1.7707,2.0249,2.0152,2.0643,1.6332,1.6998,1.1253
1748564970.138988,2.1406,2.1232,2.1522,1.4497,1.472,1.4017,1.7965,1.7925,1.6563,1.7211,1.7366,1.8062,1.4532,1.5327,1.14
1748564970.25569,2.1764,2.1568,2.197,1.4723,1.547,1.464,1.8261,1.8191,1.6837,1.7237,1.724,1.8349,1.4522,1.562,1.32
1748564970.36722,2.1801,2.1578,2.1825,1.4801,1.5435,1.4218,1.9067,1.8688,1.6904,1.8495,1.7947,1.9526,1.6515,1.6754,1.2684
1748564970.4809668,2.2301,2.2083,2.2739,1.5838,1.674,1.4315,1.9067,1.9112,1.7963,1.5666,1.5518,1.6515,1.4497,1.4315,0.8905
