timestamp,R0C0,R0C1,R0C2,R1C0,R1C1,R1C2,R2C0,R2C1,R2C2,R3C0,R3C1,R3C2,R4C0,R4C1,R4C2
1748565675.679847,1.0559,0.9829,1.0189,1.032,0.9797,0.9917,0.0,0.0,0.0,1.0559,0.9829,1.0189,1.032,0.9797,0.9917
1748565675.6823812,1.0559,0.9829,1.0189,1.032,0.9797,0.9917,0.0,0.0,0.0,1.0559,0.9829,1.0189,1.032,0.9797,0.9917
1748565675.689854,1.0559,0.9829,1.0189,1.032,0.9797,0.9917,0.0,0.0,0.0,1.0559,0.9829,1.0189,1.032,0.9797,0.9917
1748565675.6964731,1.0559,0.9829,1.0189,1.032,0.9797,0.9917,0.0,0.0,0.0,1.0559,0.9829,1.0189,1.032,0.9797,0.9917
1748565675.702247,1.0559,0.9829,1.0189,1.032,0.9797,0.9917,0.0,0.0,0.0,1.0559,0.9829,1.0189,1.032,0.9797,0.9917
1748565675.7088928,1.0559,0.9829,1.0189,1.032,0.9797,0.9917,0.0,0.0,0.0,1.0559,0.9829,1.0189,1.032,0.9797,0.9917
1748565675.714946,1.0543,0.9842,1.0186,1.031,0.9759,0.9891,0.9638,0.9249,0.9173,0.9324,0.9071,0.8795,0.9421,0.9173,0.8924
1748565675.720695,1.0546,0.9848,1.0189,1.0296,0.9762,0.9891,0.9617,0.9275,0.9168,0.9326,0.9063,0.8797,0.9415,0.9165,0.8913
1748565675.726453,1.0541,0.9866,1.0189,1.0302,0.9748,0.9883,0.9619,0.9265,0.9176,0.9313,0.9061,0.8805,0.9426,0.9165,0.8918
1748565675.733585,1.0533,0.9848,1.0181,1.0291,0.9743,0.9877,0.9619,0.9265,0.9165,0.9313,0.9061,0.8797,0.9421,0.9165,0.8929
1748565675.746787,1.0592,0.992,1.024,1.0353,0.9818,0.9928,0.9646,0.927,0.9176,0.9335,0.9058,0.88,0.9437,0.9168,0.8913
1748565675.8286579,1.0723,1.003,1.0355,1.0436,0.9907,1.0009,0.9649,0.9275,0.9171,0.9329,0.9085,0.8816,0.9437,0.9165,0.8926
1748565675.942812,1.0807,1.014,1.0444,1.0457,0.9934,1.0057,0.9646,0.9278,0.9171,0.931,0.9063,0.8805,0.9412,0.9155,0.8913
1748565676.0570629,1.0858,1.0205,1.0543,1.0471,0.9947,1.0081,0.9657,0.9302,0.9187,0.9318,0.9077,0.88,0.941,0.9176,0.8916
1748565676.170621,1.0903,1.0234,1.0562,1.0492,1.0003,1.0138,0.967,0.9343,0.9179,0.9324,0.9074,0.8797,0.9421,0.9187,0.8918
1748565676.284708,1.1013,1.035,1.0702,1.0643,1.0092,1.0234,0.9719,0.9418,0.9281,0.934,0.912,0.8797,0.9423,0.9222,0.8913
1748565676.398773,1.1352,1.0433,1.0906,1.0989,1.0202,1.0425,1.0028,0.9668,0.941,0.9571,0.931,0.8808,0.9678,0.9434,0.8899
1748565676.513073,1.237,1.0449,1.1639,1.2418,1.0952,1.1521,1.1325,1.0954,0.9977,1.0702,1.0388,0.8784,1.0809,1.0503,0.8921
1748565676.6280372,1.7697,1.7656,1.7721,1.5865,1.4406,1.5325,1.3584,1.403,1.1905,1.1153,1.1946,0.8811,1.1242,1.2072,0.8932
1748565676.7407858,1.8255,1.8607,1.8347,1.7057,1.6136,1.6558,1.3684,1.439,1.2136,1.1024,1.2107,0.8819,1.1118,1.2225,0.8924
1748565676.85474,1.8186,1.8618,1.8301,1.7154,1.6313,1.6705,1.3541,1.436,1.1994,1.0995,1.2203,0.8803,1.1091,1.2287,0.891
1748565676.96875,1.8186,1.8661,1.832,1.739,1.6598,1.6953,1.3641,1.4672,1.2032,1.104,1.2537,0.88,1.1137,1.266,0.8924
1748565677.084772,1.8019,1.8478,1.818,1.7256,1.637,1.6885,1.353,1.471,1.1929,1.1011,1.2708,0.8808,1.1118,1.2768,0.8924
1748565677.197014,1.7947,1.839,1.8046,1.7382,1.6485,1.6988,1.3407,1.4594,1.19,1.0927,1.255,0.88,1.0981,1.2604,0.8916
1748565677.310774,1.8022,1.8161,1.8057,1.7192,1.6832,1.692,1.2768,1.2725,1.1919,0.9907,0.9856,0.8792,0.9934,0.9909,0.8918
1748565677.424809,1.7828,1.7858,1.7801,1.5494,1.5126,1.5212,1.0936,1.0737,1.0508,0.9348,0.9224,0.8789,0.9437,0.9321,0.8913
1748565677.538937,1.4903,1.4699,1.4782,1.3082,1.2735,1.2835,0.9963,0.9762,0.9684,0.9195,0.9044,0.8789,0.931,0.9149,0.8907
1748565677.656118,1.1591,1.1019,1.1304,1.1064,1.0594,1.0731,0.9686,0.9396,0.9305,0.9289,0.909,0.8816,0.9412,0.9192,0.891
1748565677.7668521,1.0968,1.0122,1.0535,1.0315,0.9668,0.984,0.9807,0.9345,0.9235,0.9574,0.9214,0.8784,0.9689,0.934,0.891
1748565677.880695,1.082,0.9584,1.017,1.0181,0.9198,0.9485,1.024,0.9423,0.9235,1.0063,0.9364,0.8816,1.0178,0.949,0.8913
1748565677.994679,1.0353,0.9203,1.0183,0.9807,0.9039,0.9582,1.085,1.0436,0.967,1.0175,0.9751,0.8846,1.0256,0.9848,0.8924
1748565678.108889,1.1886,0.9173,1.1693,1.1819,1.032,1.1363,1.2762,1.2687,1.0828,1.1551,1.1629,0.8883,1.168,1.1771,0.8932
1748565678.227369,1.8954,1.9021,1.9083,1.8427,1.7487,1.7871,1.6676,1.7664,1.482,1.3101,1.5341,0.8881,1.3152,1.5395,0.8945
1748565678.337549,1.8983,1.937,1.9214,1.8435,1.7493,1.8041,1.6131,1.7412,1.4315,1.2786,1.5336,0.8864,1.287,1.5395,0.8929
1748565678.4508228,1.9002,1.958,1.9222,1.858,1.7842,1.8218,1.5682,1.7138,1.356,1.2768,1.5349,0.8843,1.2832,1.5443,0.8934
1748565678.564994,1.9053,1.9687,1.9314,1.8529,1.7621,1.8186,1.5475,1.7031,1.3168,1.2907,1.5478,0.8875,1.2977,1.5561,0.8929
1748565678.679116,1.8994,1.9488,1.9166,1.8951,1.8438,1.8605,1.4452,1.5284,1.237,1.1502,1.2577,0.8803,1.1398,1.2279,0.8921
1748565678.793893,1.8524,1.8457,1.8384,1.7428,1.7194,1.7186,1.1126,1.0863,1.0675,0.9281,0.913,0.8787,0.9402,0.92,0.8913
1748565678.906933,1.1634,1.1091,1.1355,1.187,1.1416,1.1529,0.9751,0.9455,0.9391,0.9254,0.9055,0.8781,0.9356,0.9163,0.8905
1748565679.020865,1.1043,1.0218,1.0675,1.0259,0.966,0.9818,0.9807,0.9391,0.9267,0.9558,0.9262,0.8787,0.9689,0.9396,0.8924
1748565679.134791,1.0769,0.9756,1.0342,0.9936,0.916,0.9472,1.0087,0.9426,0.9281,0.9896,0.9386,0.8805,0.999,0.9482,0.8932
1748565679.248827,1.0194,0.9326,1.0089,0.956,0.901,0.9453,1.0237,0.985,0.9437,0.9899,0.9531,0.8797,1.0003,0.9662,0.8921
1748565679.367105,1.013,0.9155,1.0815,0.966,0.9155,1.0425,1.1935,1.1755,1.0672,1.324,1.2574,0.9681,1.1035,1.0917,0.8916
1748565679.477491,1.8744,1.8605,1.8873,1.8159,1.6988,1.7662,1.6716,1.749,1.471,1.3141,1.5105,0.883,1.3211,1.5207,0.8921
1748565679.5909948,1.8981,1.9341,1.9142,1.8274,1.7184,1.7834,1.6246,1.7407,1.4436,1.2706,1.5086,0.8835,1.2789,1.5199,0.8918
1748565679.7051158,1.8962,1.9443,1.9139,1.854,1.764,1.818,1.5752,1.706,1.3737,1.269,1.5102,0.8835,1.2773,1.5228,0.8929
1748565679.818902,1.8994,1.9596,1.9231,1.8223,1.7186,1.785,1.5424,1.6902,1.3197,1.269,1.515,0.883,1.2722,1.5217,0.8932
1748565679.934481,1.8973,1.9201,1.9059,1.8699,1.8438,1.8443,1.3702,1.3898,1.2896,1.0033,1.017,0.8805,1.0052,1.0151,0.8907
1748565680.047022,1.6117,1.5943,1.5948,1.4425,1.4052,1.4124,1.0374,1.0186,1.0036,0.9216,0.9053,0.8787,0.9308,0.9149,0.8902
1748565680.1608052,1.1795,1.129,1.1535,1.0906,1.0447,1.0576,0.9681,0.9423,0.9335,0.927,0.9066,0.8789,0.9369,0.9171,0.8916
1748565680.2749388,1.1212,1.0355,1.0785,1.0167,0.9447,0.966,0.9904,0.9407,0.9246,0.9665,0.9273,0.8784,0.9791,0.9394,0.8934
1748565680.389236,1.0723,0.9772,1.0328,0.9821,0.9066,0.938,1.0084,0.9477,0.9257,0.9845,0.9335,0.8797,0.9963,0.9463,0.8932
1748565680.503344,1.0065,0.9257,1.0054,0.9488,0.8975,0.9437,1.0506,1.0183,0.9552,0.9926,0.9574,0.8816,1.0025,0.9678,0.8913
1748565680.6170182,1.107,0.9155,1.1312,1.0777,0.9799,1.0844,1.2539,1.234,1.0817,1.1279,1.1145,0.8821,1.1465,1.1357,0.8924
1748565680.7308722,1.8863,1.8962,1.9026,1.7936,1.6646,1.7415,1.6609,1.7425,1.4624,1.3028,1.504,0.8811,1.3074,1.5105,0.8937
1748565680.845032,1.897,1.9435,1.9212,1.8269,1.7098,1.7839,1.6246,1.7369,1.4312,1.2768,1.5094,0.8813,1.287,1.5174,0.8929
1748565680.958974,1.8991,1.9572,1.9236,1.8556,1.7638,1.8183,1.5741,1.702,1.3509,1.2813,1.5174,0.884,1.291,1.5309,0.8942
1748565681.0762491,1.8938,1.9596,1.919,1.8505,1.7753,1.8172,1.5459,1.6912,1.3047,1.2845,1.5389,0.8816,1.2985,1.5572,0.894
1748565681.186977,1.8425,1.8462,1.8438,1.8151,1.7933,1.7952,1.2999,1.2802,1.237,0.9539,0.9356,0.8795,0.9625,0.9412,0.8907
1748565681.301016,1.5086,1.4836,1.4879,1.4183,1.3799,1.3906,1.0143,0.9912,0.9799,0.9184,0.902,0.8792,0.9297,0.9136,0.8905
1748565681.415383,1.1658,1.1153,1.1408,1.0823,1.0323,1.0468,0.9673,0.9399,0.9286,0.9289,0.9077,0.8781,0.9378,0.9181,0.8907
1748565681.5292249,1.1091,1.0143,1.0635,1.0105,0.9326,0.9544,1.0006,0.9415,0.9246,0.9805,0.93,0.8792,0.9942,0.9418,0.8905
1748565681.643996,1.049,0.9587,1.0218,0.9686,0.9023,0.9383,1.0157,0.967,0.9324,0.9861,0.9412,0.88,0.9963,0.9531,0.8905
1748565681.756958,0.9904,0.9163,1.0006,0.9421,0.8932,0.9439,1.0731,1.0457,0.981,0.9891,0.9606,0.877,0.9985,0.9681,0.8918
1748565681.8709939,1.2287,0.9528,1.237,1.2058,1.0455,1.1983,1.4121,1.4105,1.2042,1.2174,1.2238,0.8824,1.237,1.2467,0.8926
1748565681.984899,1.8881,1.9188,1.9094,1.7879,1.6252,1.7409,1.6442,1.7425,1.4581,1.2835,1.4992,0.8813,1.2913,1.5083,0.8921
1748565682.1196811,1.8892,1.9376,1.9104,1.8384,1.7192,1.7955,1.5996,1.7181,1.3912,1.2778,1.5123,0.8811,1.2891,1.522,0.8929
1748565682.214763,1.8854,1.9531,1.9177,1.8422,1.7353,1.8051,1.5634,1.7009,1.3369,1.288,1.5231,0.8813,1.2964,1.5322,0.8929
1748565682.3269188,1.8927,1.962,1.9228,1.8666,1.7525,1.8116,1.5518,1.6378,1.2674,1.3101,1.4578,0.8797,1.3047,1.461,0.8926
1748565682.441092,1.821,1.8317,1.8309,1.6875,1.662,1.6644,1.1556,1.1395,1.1161,0.9249,0.9093,0.8757,0.9302,0.9171,0.8897
1748565682.555142,1.1983,1.1583,1.1776,1.1758,1.1333,1.1454,0.9775,0.9611,0.9439,0.9147,0.9004,0.8797,0.9289,0.9082,0.8902
1748565682.669,1.0941,1.0294,1.0683,1.0202,0.9703,0.9834,0.9625,0.9402,0.9281,0.9305,0.912,0.8789,0.938,0.923,0.8913
1748565682.787609,1.0705,0.9872,1.0396,0.9848,0.9147,0.9388,0.9904,0.9404,0.9227,0.9657,0.9267,0.8757,0.9767,0.9369,0.8878
1748565682.897009,1.0068,0.9359,0.9982,0.9461,0.8937,0.9394,1.0146,0.9759,0.9418,0.9783,0.9429,0.8784,0.9877,0.9541,0.8899
1748565683.01107,0.9818,0.913,1.0347,0.9351,0.8921,0.9942,1.1371,1.1158,1.0261,1.1591,1.5287,1.5526,1.0619,1.0331,0.8953
1748565683.124958,1.8637,1.8212,1.8699,1.7788,1.6214,1.717,1.7157,1.7667,1.5027,1.3461,1.5013,0.8813,1.3495,1.5088,0.8891
1748565683.2395608,1.8674,1.8871,1.8865,1.7914,1.6681,1.7382,1.6636,1.7431,1.4739,1.2888,1.4962,0.8792,1.2961,1.5013,0.8913
1748565683.353614,1.8833,1.9419,1.9094,1.8301,1.7181,1.7906,1.587,1.7001,1.3769,1.2776,1.5048,0.8779,1.2856,1.5118,0.8897
1748565683.467076,1.2077,1.6692,1.4019,1.8336,1.7431,1.8043,1.5773,1.6979,1.3385,1.2808,1.5072,0.8795,1.2878,1.5121,0.8921
1748565683.581095,1.8825,1.9021,1.8889,1.8411,1.8049,1.8145,1.3732,1.3845,1.2781,1.0114,1.028,0.8792,1.0116,1.0237,0.8883
1748565683.6950028,0.9168,0.977,0.9609,1.4027,1.3643,1.3745,1.0315,1.0162,0.9971,0.9155,0.8983,0.8776,0.9235,0.9122,0.8886
1748565683.8092952,1.2005,1.1578,1.1819,1.0847,1.0393,1.0538,0.9676,0.9458,0.934,0.9168,0.9031,0.8781,0.9297,0.9136,0.8883
1748565683.923748,1.1199,1.0455,1.0874,1.0081,0.9482,0.9668,0.9751,0.9383,0.9232,0.9434,0.9187,0.8776,0.9547,0.9297,0.8897
1748565684.037077,1.075,0.9848,1.0337,0.9848,0.9061,0.9321,0.9982,0.9386,0.9216,0.9791,0.9262,0.8749,0.9901,0.9396,0.8897
1748565684.1510599,0.9971,0.9232,1.003,0.9396,0.8889,0.9402,1.046,1.0175,0.9582,0.9805,0.9506,0.8784,0.9936,0.9643,0.8897
1748565684.265356,1.1569,0.9297,1.1706,1.1212,0.9947,1.1226,1.2921,1.2762,1.097,1.1629,1.1508,0.8765,1.1822,1.1725,0.8894
1748565684.37921,1.8868,1.9094,1.9034,1.785,1.6351,1.7253,1.6765,1.7581,1.4962,1.2891,1.4959,0.8808,1.2945,1.5059,0.8916
1748565684.494744,1.857,1.8871,1.8779,1.8212,1.7141,1.7815,1.6141,1.7235,1.4326,1.2633,1.4887,0.88,1.2741,1.4981,0.8907
1748565684.6072252,1.8828,1.9556,1.912,1.8443,1.7401,1.8043,1.5795,1.7052,1.3592,1.2891,1.519,0.8816,1.2985,1.5293,0.8905
1748565684.721038,1.9069,1.977,1.9351,1.8779,1.781,1.8282,1.5204,1.6101,1.2571,1.2633,1.3936,0.8795,1.2561,1.3804,0.8916
1748565684.835063,1.8349,1.836,1.8358,1.6117,1.5841,1.5862,1.1373,1.1207,1.0936,0.9278,0.9114,0.8784,0.9367,0.9189,0.8897
1748565684.9527302,1.2005,1.165,1.1833,1.118,1.0804,1.0903,0.9673,0.949,0.9404,0.9147,0.8988,0.8781,0.9249,0.9114,0.8891
1748565685.063395,1.0906,1.0234,1.0648,0.9926,0.9418,0.9595,0.967,0.9394,0.9227,0.9407,0.9181,0.8765,0.952,0.9302,0.8889
1748565685.177228,1.0525,0.9732,1.0315,0.9622,0.9061,0.934,0.9936,0.949,0.9302,0.9697,0.9345,0.8768,0.9815,0.9439,0.8902
1748565685.291209,0.9864,0.9208,0.9934,0.931,0.8921,0.9404,1.0302,1.0028,0.9563,0.9732,0.9463,0.877,0.984,0.9625,0.8897
1748565685.4055848,0.9762,0.9122,1.0584,0.9297,0.9023,1.0248,1.1798,1.1669,1.0753,1.1717,1.3547,1.5693,1.0619,1.0632,0.891
1748565685.524557,1.8384,1.8328,1.8559,1.7895,1.6327,1.7245,1.7001,1.7589,1.4852,1.3477,1.5029,0.8792,1.3506,1.5086,0.8905
1748565685.6331,1.8693,1.9056,1.8919,1.7947,1.6687,1.7452,1.6367,1.7342,1.4578,1.2719,1.4874,0.8819,1.2773,1.4965,0.8929
1748565685.747128,1.872,1.9231,1.8967,1.8336,1.7178,1.792,1.5832,1.6937,1.3651,1.2821,1.5021,0.8821,1.2907,1.5113,0.8907
1748565685.8610308,1.8811,1.9496,1.9104,1.8395,1.7323,1.7973,1.5744,1.6926,1.338,1.2972,1.518,0.8792,1.3036,1.5319,0.8924
1748565685.975413,1.857,1.8731,1.8618,1.836,1.81,1.8167,1.3281,1.316,1.2539,0.9697,0.9595,0.8805,0.9746,0.9587,0.8899
1748565686.091116,1.4296,1.4033,1.406,1.219,1.1822,1.1916,0.9891,0.9697,0.9606,0.9147,0.8969,0.8784,0.9243,0.909,0.8897
1748565686.203277,1.1247,1.06,1.0965,1.0138,0.9643,0.978,0.9703,0.9412,0.9262,0.9383,0.9173,0.8787,0.9501,0.9289,0.8902
1748565686.317267,1.0823,0.9934,1.0463,0.9842,0.9117,0.9412,1.0052,0.9501,0.9278,0.985,0.9351,0.8781,0.9952,0.945,0.8916
1748565686.431232,1.0001,0.9332,1.0014,0.9386,0.8948,0.938,1.021,0.9904,0.9472,0.9746,0.9429,0.8797,0.9861,0.9595,0.8905
1748565686.5454001,0.9681,0.913,1.0157,0.9246,0.8929,0.9708,1.1218,1.107,1.0342,1.5096,1.511,1.3466,1.0189,1.0081,0.8942
1748565686.661221,1.7033,1.5293,1.7288,1.6931,1.486,1.645,1.7028,1.7503,1.472,1.3581,1.4978,0.8813,1.3641,1.5094,0.8975
1748565686.77336,1.861,1.8932,1.8828,1.7807,1.6389,1.724,1.6407,1.7366,1.4557,1.2759,1.4868,0.8859,1.2802,1.4984,0.8977
1748565686.8871622,1.857,1.9102,1.8854,1.8349,1.7138,1.7912,1.5851,1.6939,1.3646,1.2794,1.4978,0.883,1.2891,1.5088,0.8958
1748565687.0011468,1.8688,1.9443,1.8989,1.8339,1.7192,1.7904,1.5612,1.6859,1.3197,1.2918,1.5118,0.8873,1.3004,1.5209,0.898
1748565687.115674,1.8556,1.8747,1.8648,1.8336,1.8057,1.8178,1.3544,1.3547,1.2749,0.9909,0.9858,0.8784,0.9917,0.9829,0.891
1748565687.2295182,1.381,1.3541,1.3694,1.3404,1.3068,1.3122,1.0202,1.0052,0.9912,0.9141,0.9004,0.8776,0.9224,0.9101,0.8907
1748565687.343262,1.1725,1.1212,1.1467,1.0573,1.0095,1.0202,0.9686,0.9429,0.9332,0.9267,0.9095,0.877,0.9402,0.9192,0.8907
1748565687.45737,1.1019,1.0256,1.0691,0.9931,0.9278,0.9477,0.9885,0.9394,0.9232,0.9625,0.9232,0.8781,0.9732,0.9375,0.8905
1748565687.571209,1.0347,0.9563,1.0148,0.9595,0.8953,0.9326,1.0103,0.9614,0.9335,0.9791,0.9375,0.8776,0.9926,0.9469,0.8918
1748565687.685305,0.9762,0.9141,1.0033,0.9361,0.8891,0.9525,1.0903,1.0678,1.0009,1.0001,1.0165,1.0353,1.0087,0.9832,0.8926
1748565687.800179,1.735,1.594,1.7581,1.691,1.4747,1.638,1.6775,1.7272,1.4315,1.3482,1.4898,0.8843,1.3549,1.5062,0.8958
1748565687.913481,1.8656,1.9069,1.8833,1.7826,1.638,1.7296,1.6147,1.7122,1.4296,1.2588,1.4629,0.8846,1.2674,1.4742,0.8918
1748565688.0272179,1.8527,1.9222,1.8854,1.8234,1.7031,1.7807,1.5674,1.6939,1.3495,1.2644,1.4976,0.8813,1.2754,1.5099,0.8929
1748565688.141257,1.8572,1.9394,1.8892,1.8368,1.728,1.7992,1.5333,1.6848,1.2896,1.2725,1.5188,0.8846,1.2805,1.5311,0.8918
1748565688.2554219,1.8395,1.8476,1.8457,1.7675,1.746,1.7493,1.27,1.2416,1.2142,0.941,0.9195,0.8789,0.9472,0.9278,0.891
1748565688.369279,1.172,1.1328,1.15,1.086,1.0495,1.0621,0.9641,0.9426,0.9369,0.9149,0.8985,0.8789,0.9249,0.9112,0.8899
1748565688.483466,1.0884,1.0162,1.0573,0.9934,0.9343,0.9506,0.9856,0.9426,0.9281,0.963,0.9275,0.8787,0.9751,0.9402,0.8924
1748565688.597103,1.0538,0.9823,1.0414,0.963,0.905,0.938,1.0084,0.9668,0.9391,0.9754,0.9402,0.88,0.9883,0.9539,0.8916
1748565688.7112,0.9896,0.927,0.9985,0.9292,0.8902,0.9388,1.0291,1.003,0.9563,0.9705,0.9458,0.8776,0.9834,0.9592,0.8921
1748565688.825357,0.9754,0.9147,1.0678,0.9297,0.9039,1.0253,1.1787,1.1653,1.0745,1.5438,1.551,0.9909,1.0699,1.0624,0.8934
1748565688.941191,1.8226,1.8255,1.8489,1.7758,1.5913,1.7039,1.6877,1.7329,1.4616,1.3399,1.4683,0.8843,1.331,1.4715,0.9001
1748565689.053212,1.847,1.9045,1.8709,1.7844,1.6297,1.7361,1.6115,1.7125,1.432,1.2467,1.4699,0.8813,1.2609,1.4798,0.901
1748565689.1674502,1.8484,1.9201,1.8774,1.818,1.6918,1.774,1.5773,1.6974,1.371,1.2609,1.4957,0.8792,1.2711,1.5086,0.9018
1748565689.281156,1.8556,1.9443,1.8948,1.857,1.742,1.8194,1.5424,1.692,1.2913,1.2827,1.5389,0.8813,1.2926,1.5513,0.8924
1748565689.3985238,1.8188,1.8366,1.8253,1.7861,1.763,1.7683,1.2888,1.273,1.233,0.9434,0.9273,0.877,0.9531,0.9372,0.8899
1748565689.509948,1.269,1.237,1.2547,1.1414,1.1102,1.121,0.9754,0.9595,0.9509,0.9101,0.8958,0.877,0.92,0.9104,0.8899
1748565689.6233869,1.1134,1.0613,1.0952,0.9979,0.9555,0.9708,0.9705,0.9434,0.9305,0.9345,0.9206,0.8784,0.948,0.9332,0.8897
1748565689.737258,1.0635,0.996,1.0444,0.9592,0.9104,0.9359,0.9848,0.9442,0.9364,0.9606,0.9318,0.8781,0.9686,0.9447,0.8897
1748565689.851284,0.9931,0.941,1.0097,0.9273,0.8926,0.9378,1.0073,0.9813,0.9536,0.9638,0.9431,0.8808,0.9743,0.9568,0.8913
1748565689.968464,0.9705,0.9147,1.0774,0.92,0.902,1.0315,1.194,1.187,1.0944,1.5502,1.3235,1.5908,1.0729,1.0678,0.8945
1748565690.080291,1.8231,1.8306,1.8529,1.7667,1.6082,1.7103,1.7283,1.7678,1.5196,1.3614,1.4984,0.8819,1.3788,1.5048,0.902
1748565690.193321,1.7968,1.8049,1.818,1.7815,1.6402,1.7399,1.6372,1.7221,1.4659,1.259,1.4589,0.8813,1.2698,1.4726,0.8934
1748565690.307461,1.8411,1.89,1.8693,1.8188,1.6816,1.7724,1.5792,1.6907,1.3563,1.2784,1.4895,0.8789,1.2899,1.5078,0.8953
1748565690.421321,1.8599,1.9343,1.893,1.8363,1.7076,1.7936,1.5526,1.6867,1.3082,1.287,1.5147,0.8813,1.2966,1.529,0.894
1748565690.539095,1.8516,1.8699,1.8564,1.8309,1.7949,1.8016,1.37,1.3686,1.2947,0.9813,0.9813,0.8784,0.9864,0.9826,0.8916
1748565690.649405,1.4669,1.4503,1.4567,1.2899,1.255,1.2601,1.0033,0.9856,0.978,0.9114,0.8977,0.8773,0.9227,0.9055,0.8899
1748565690.763516,1.2048,1.1709,1.1886,1.0546,1.0049,1.0197,0.9673,0.9407,0.9318,0.9286,0.9079,0.8779,0.9407,0.9184,0.8899
1748565690.87731,1.1212,1.0519,1.0922,0.999,0.9284,0.9509,0.9901,0.9396,0.9224,0.9638,0.923,0.8781,0.9759,0.9335,0.8897
1748565690.9915001,1.0597,0.9783,1.0312,0.9721,0.8999,0.9353,1.0097,0.9466,0.9259,0.9874,0.9318,0.8768,0.9955,0.9434,0.8907
1748565691.1076212,0.9829,0.9179,0.999,0.9313,0.8894,0.9437,1.0632,1.0366,0.9735,0.9901,0.9627,0.8824,0.996,0.9673,0.8926
1748565691.219497,1.2617,0.9689,1.2663,1.2741,1.0807,1.237,1.4629,1.4441,1.2117,1.2695,1.2612,0.8827,1.2907,1.288,0.894
1748565691.333438,1.7949,1.7998,1.8089,1.7603,1.6112,1.6969,1.6276,1.7068,1.4476,1.2609,1.432,0.8803,1.27,1.4449,0.8945
1748565691.447419,1.8288,1.8879,1.8567,1.8078,1.662,1.7597,1.5494,1.6681,1.3299,1.2604,1.4763,0.8781,1.2679,1.4852,0.8961
1748565691.561481,1.843,1.9249,1.8744,1.8126,1.6641,1.7646,1.5357,1.6738,1.2999,1.2703,1.5059,0.8795,1.2786,1.5161,0.8991
1748565691.678211,1.8476,1.9249,1.8785,1.8546,1.7393,1.8046,1.4812,1.5618,1.2271,1.2048,1.3165,0.8808,1.1919,1.2878,0.8907
1748565691.789827,1.8239,1.8306,1.8274,1.5021,1.464,1.4691,1.0804,1.0624,1.0439,0.9157,0.8996,0.8773,0.9262,0.9104,0.8897
1748565691.9033449,1.237,1.2217,1.2316,1.0568,1.021,1.0334,0.9622,0.9402,0.9335,0.9149,0.8983,0.8784,0.9249,0.9133,0.8899
1748565692.017442,1.1389,1.0836,1.1145,1.0081,0.9515,0.9662,0.9783,0.9404,0.9246,0.9429,0.9171,0.8787,0.9549,0.93,0.8899
1748565692.131775,1.0737,0.9944,1.0436,0.9743,0.9039,0.9359,0.9955,0.9396,0.9216,0.9775,0.9224,0.8776,0.9888,0.9386,0.8899
1748565692.250507,0.9915,0.9292,0.9963,0.9308,0.8918,0.9369,1.0307,1.0003,0.9512,0.9743,0.9442,0.8784,0.9848,0.9566,0.891
1748565692.3595362,1.0441,0.9136,1.097,1.017,0.9474,1.0546,1.2209,1.1921,1.0643,1.0973,1.0774,0.883,1.1056,1.0871,0.8916
1748565692.47345,1.8339,1.854,1.8607,1.7788,1.6096,1.6958,1.7125,1.7568,1.5126,1.3211,1.4661,0.8827,1.3224,1.4747,0.8913
1748565692.587449,1.7914,1.8084,1.8151,1.7887,1.6337,1.7356,1.6088,1.7087,1.4293,1.255,1.4637,0.8816,1.2684,1.4718,0.8924
1748565692.701557,1.8441,1.9201,1.876,1.8143,1.6781,1.763,1.5623,1.6918,1.3528,1.266,1.4978,0.8819,1.2765,1.5064,0.891
1748565692.8157911,1.8449,1.9322,1.8825,1.8392,1.713,1.7917,1.5118,1.6633,1.2625,1.2714,1.5086,0.8789,1.277,1.515,0.8913
1748565692.929505,1.7976,1.807,1.8046,1.7589,1.7377,1.7428,1.2733,1.2539,1.2198,0.9391,0.9198,0.8779,0.9458,0.9275,0.8897
1748565693.043469,1.3254,1.3076,1.3154,1.1043,1.0707,1.0817,0.9668,0.9461,0.9418,0.9093,0.8948,0.8789,0.9176,0.9061,0.8916
1748565693.157534,1.1583,1.1142,1.1355,1.0087,0.9566,0.9686,0.9735,0.9375,0.9243,0.9418,0.9152,0.8779,0.9544,0.9273,0.8907
1748565693.2717261,1.1097,1.0307,1.0734,0.9944,0.9128,0.9404,1.0092,0.9423,0.9208,0.9891,0.9281,0.88,0.9995,0.9404,0.8902
1748565693.388799,1.0224,0.9579,1.0146,0.9412,0.8905,0.9292,0.9993,0.9598,0.9305,0.967,0.9316,0.877,0.9818,0.9426,0.8907
1748565693.499874,0.9676,0.9155,1.0036,0.9232,0.891,0.9549,1.0927,1.0726,1.0071,1.0549,1.0997,1.0812,1.0089,0.9901,0.891
1748565693.613463,1.5553,1.2829,1.5618,1.5524,1.3275,1.4898,1.6625,1.6891,1.4076,1.3603,1.4618,0.8899,1.3718,1.4874,0.8905
1748565693.727486,1.7925,1.8312,1.8196,1.7613,1.5892,1.7079,1.6147,1.713,1.4334,1.237,1.4438,0.8787,1.2469,1.45,0.8907
1748565693.841568,1.8092,1.8758,1.8435,1.8075,1.6676,1.7654,1.5601,1.6899,1.3501,1.237,1.4874,0.8792,1.2561,1.5008,0.8937
1748565693.957238,1.828,1.9161,1.864,1.8145,1.6778,1.7707,1.5419,1.6877,1.3141,1.262,1.5113,0.8789,1.2711,1.5293,0.8897
1748565694.070132,1.8387,1.8597,1.8417,1.8,1.7592,1.7691,1.3713,1.3807,1.2947,0.9936,0.9985,0.8787,0.9942,0.9952,0.8894
1748565694.183531,1.2276,1.2037,1.2177,1.1102,1.0764,1.085,0.9724,0.9549,0.9485,0.913,0.895,0.877,0.9192,0.9061,0.8897
1748565694.297488,1.0984,1.049,1.0796,0.9818,0.9399,0.9523,0.9676,0.9372,0.9265,0.9367,0.9149,0.877,0.9472,0.9278,0.8899
1748565694.4114828,1.0713,1.0017,1.0549,0.966,0.9082,0.9388,1.0017,0.9576,0.9378,0.9732,0.938,0.8784,0.985,0.9477,0.8905
1748565694.527146,0.9985,0.9421,1.0076,0.9275,0.8921,0.9316,1.0057,0.9791,0.9485,0.9627,0.9404,0.8765,0.9713,0.9523,0.8902
1748565694.639539,0.9614,0.9152,1.002,0.9136,0.8916,0.9541,1.1156,1.104,1.0449,0.9834,0.967,0.8808,0.9928,0.9797,0.8926
1748565694.753552,1.2365,1.0221,1.3141,1.1776,1.0686,1.2348,1.5658,1.5537,1.3726,1.2813,1.2853,0.905,1.2937,1.334,0.8916
1748565694.86754,1.9059,1.9257,1.9214,1.7401,1.565,1.6813,1.6641,1.7517,1.4822,1.2907,1.4954,0.8905,1.3004,1.5032,0.8905
1748565694.981958,1.9053,1.9483,1.9239,1.8051,1.6663,1.7638,1.6053,1.7168,1.403,1.2856,1.5078,0.8843,1.2931,1.5145,0.8899
1748565695.099635,1.9214,1.9816,1.9462,1.8247,1.6883,1.7823,1.5859,1.7082,1.3533,1.3068,1.5231,0.8816,1.3146,1.5336,0.8897
1748565695.210031,1.9513,2.0104,1.9703,1.8677,1.7579,1.8102,1.5301,1.5916,1.2786,1.2362,1.3372,0.8784,1.2236,1.3055,0.8907
1748565695.3236759,1.7028,1.6934,1.6883,1.3444,1.305,1.3114,1.0371,1.0197,1.0084,0.9149,0.9004,0.8776,0.9232,0.9112,0.8916
1748565695.437484,1.154,1.1207,1.1419,1.0103,0.9751,0.9848,0.9568,0.9348,0.9284,0.9163,0.9026,0.877,0.9289,0.9144,0.8897
1748565695.55162,1.1142,1.0409,1.0847,0.9915,0.9203,0.9458,0.9998,0.9453,0.9278,0.9794,0.9324,0.8776,0.9917,0.9461,0.8897
1748565695.669987,1.0347,0.9732,1.0267,0.9423,0.895,0.9305,0.9931,0.9571,0.9361,0.9657,0.9321,0.8773,0.9764,0.9442,0.8899
1748565695.779708,0.9662,0.9155,0.9912,0.9165,0.8894,0.9402,1.0533,1.0363,0.9818,0.9681,0.9523,0.8838,0.9789,0.9635,0.891
1748565695.893654,1.0817,0.9273,1.1422,1.0664,0.9821,1.0941,1.2797,1.2684,1.1083,1.179,1.1537,0.9609,1.1545,1.1446,0.8899
1748565696.0076811,1.8508,1.8846,1.8704,1.7253,1.5486,1.6617,1.6649,1.7409,1.4857,1.2883,1.4747,0.8889,1.287,1.4806,0.8924
1748565696.12195,1.8358,1.8798,1.8562,1.7734,1.6198,1.7315,1.5854,1.6953,1.3906,1.2601,1.4782,0.8918,1.2641,1.4847,0.8942
1748565696.236769,1.864,1.9316,1.8908,1.7879,1.6397,1.7439,1.5387,1.6765,1.3262,1.2555,1.4959,0.8832,1.2636,1.5075,0.8956
1748565696.3496141,1.8645,1.9411,1.8946,1.8038,1.6469,1.7525,1.5357,1.6536,1.2547,1.3098,1.4812,0.8811,1.3216,1.4785,0.8913
1748565696.463524,1.7804,1.792,1.7887,1.6474,1.6203,1.6238,1.1744,1.1532,1.1336,0.9208,0.9044,0.8776,0.9302,0.9138,0.8897
1748565696.577642,1.1731,1.1467,1.1604,1.0148,0.9815,0.9928,0.9541,0.9335,0.9284,0.9109,0.8964,0.8762,0.9235,0.9074,0.8878
1748565696.6917892,1.1215,1.0562,1.0941,0.9931,0.9238,0.9437,0.9966,0.9445,0.9243,0.9711,0.9265,0.8784,0.9837,0.9386,0.8899
1748565696.807837,1.0804,1.003,1.0559,0.97,0.901,0.9337,1.013,0.9595,0.93,0.9802,0.9326,0.8773,0.9917,0.9439,0.8913
1748565696.91957,0.9893,0.931,0.9942,0.9275,0.8899,0.9313,1.0178,0.9877,0.9445,0.9662,0.9391,0.8781,0.9786,0.9525,0.8921
1748565697.033748,0.9907,0.9128,1.0664,0.9496,0.9085,1.0232,1.1843,1.1655,1.0608,1.5604,1.5701,1.5945,1.0876,1.0707,0.8916
1748565697.147607,1.8352,1.8374,1.8661,1.7662,1.591,1.688,1.7313,1.7683,1.5067,1.3678,1.4825,0.8832,1.356,1.4782,0.8902
1748565697.264867,1.8121,1.8194,1.8255,1.7536,1.6069,1.7041,1.605,1.7025,1.4312,1.237,1.4503,0.8805,1.237,1.4583,0.8907
1748565697.3761668,1.8658,1.9287,1.893,1.782,1.6327,1.7321,1.5599,1.688,1.3514,1.2588,1.4911,0.8811,1.2682,1.4997,0.8905
1748565697.489721,1.865,1.9373,1.8946,1.7853,1.6386,1.7396,1.5322,1.6767,1.2931,1.2649,1.5102,0.8813,1.2735,1.5209,0.891
1748565697.603533,1.8559,1.8817,1.8634,1.7922,1.7581,1.7745,1.3794,1.3788,1.3017,0.9907,0.9864,0.8789,0.9917,0.9829,0.8897
1748565697.717618,1.4481,1.4328,1.4342,1.1704,1.1355,1.1443,0.9907,0.9732,0.9668,0.9074,0.8953,0.8773,0.9189,0.9047,0.8897
1748565697.837387,1.1137,1.0699,1.0941,0.9904,0.949,0.9625,0.9657,0.934,0.9275,0.9292,0.9098,0.8776,0.9415,0.9208,0.8894
1748565697.9462762,1.0831,1.0065,1.0565,0.9721,0.9082,0.9386,1.0049,0.9541,0.9332,0.9748,0.9326,0.8768,0.9845,0.9447,0.8907
1748565698.0596092,0.9982,0.9423,0.9985,0.9278,0.8918,0.9273,0.9977,0.9686,0.9434,0.9552,0.9302,0.877,0.9673,0.9431,0.8897
1748565698.1739001,0.9568,0.9125,0.9915,0.913,0.8899,0.9439,1.1102,1.0949,1.0414,0.9818,0.9673,0.8883,0.9853,0.97,0.8907
1748565698.287672,1.3267,1.0619,1.3702,1.2947,1.133,1.2988,1.6037,1.5932,1.3839,1.3189,1.3313,0.8886,1.335,1.359,0.8897
1748565698.406564,1.792,1.7544,1.7965,1.7251,1.5695,1.6477,1.6816,1.7428,1.5083,1.288,1.4438,0.8891,1.291,1.4487,0.8899
1748565698.5157251,1.8024,1.7863,1.8116,1.7957,1.6684,1.7522,1.5878,1.6961,1.3992,1.2469,1.4618,0.8819,1.2622,1.4755,0.8913
1748565698.629778,1.8881,1.9505,1.9118,1.7898,1.6273,1.738,1.5242,1.6587,1.2768,1.2735,1.4927,0.8867,1.2784,1.4997,0.8899
1748565698.743663,1.8905,1.9577,1.919,1.8194,1.6705,1.7533,1.5233,1.6144,1.2241,1.2913,1.4237,0.8797,1.2765,1.3936,0.8907
1748565698.857915,1.7791,1.7734,1.7656,1.3635,1.3283,1.3329,1.0597,1.0425,1.0275,0.9128,0.898,0.877,0.9238,0.9101,0.8894
1748565698.972875,1.1032,1.0662,1.0895,0.9805,0.9447,0.9571,0.9555,0.9332,0.9278,0.9184,0.9028,0.8773,0.9308,0.9155,0.8897
1748565699.0857868,1.0705,0.9979,1.0527,0.9711,0.9098,0.9372,1.0108,0.9611,0.9375,0.9783,0.9364,0.8773,0.9893,0.9472,0.8899
1748565699.2004778,1.0191,0.9582,1.0189,0.9386,0.8934,0.9321,1.0181,0.9842,0.948,0.9673,0.9388,0.877,0.978,0.9506,0.8897
1748565699.313816,0.9638,0.9155,0.9923,0.9138,0.8897,0.9402,1.0705,1.0554,1.0025,0.9746,0.9563,0.8848,0.978,0.9646,0.8899
1748565699.434217,1.0968,0.9574,1.1758,1.0645,0.9832,1.1164,1.349,1.3326,1.1817,1.1645,1.1497,0.8795,1.1843,1.1725,0.8905
1748565699.541895,1.8865,1.9085,1.9069,1.7227,1.5473,1.6614,1.6743,1.7452,1.4871,1.3627,1.5454,0.9775,1.3028,1.4898,0.8902
1748565699.656227,1.8693,1.8822,1.8822,1.7678,1.6112,1.7235,1.5967,1.695,1.4081,1.2765,1.486,0.9539,1.266,1.475,0.8897
1748565699.769687,1.9214,1.9666,1.9368,1.7895,1.6276,1.7425,1.573,1.6896,1.3538,1.284,1.508,0.902,1.2902,1.5142,0.891
1748565699.883808,1.9368,1.9964,1.9545,1.8051,1.6464,1.7541,1.5314,1.6663,1.2588,1.3066,1.5083,0.8813,1.3259,1.5083,0.8905
1748565699.997802,1.843,1.8473,1.8438,1.5803,1.5408,1.5432,1.161,1.1408,1.1183,0.9227,0.9044,0.8768,0.9326,0.9155,0.8897
1748565700.111849,1.1782,1.1486,1.1647,0.9974,0.967,0.9764,0.9563,0.9361,0.93,0.9125,0.8953,0.877,0.9227,0.9077,0.8897
1748565700.225718,1.1347,1.0627,1.0989,1.0006,0.9208,0.9418,1.0165,0.9501,0.9273,0.9858,0.9302,0.8781,0.9974,0.9415,0.8897
1748565700.339864,1.0705,0.995,1.0484,0.959,0.8988,0.9308,1.0111,0.96,0.9324,0.9764,0.9321,0.877,0.9864,0.9421,0.8897
1748565700.453707,0.9791,0.9289,0.9928,0.9184,0.8897,0.9302,1.0194,0.9939,0.9547,0.9638,0.9399,0.8779,0.9729,0.9517,0.8897
1748565700.569746,0.9896,0.9133,1.0702,0.9469,0.9144,1.0237,1.1991,1.1817,1.0737,1.5636,1.5792,1.5996,1.0906,1.0729,0.8916
1748565700.6821902,1.8591,1.8658,1.879,1.7369,1.5516,1.6689,1.6934,1.7415,1.4857,1.3264,1.4551,0.8805,1.3264,1.4597,0.8891
1748565700.795729,1.8626,1.8943,1.8793,1.7495,1.5857,1.6958,1.6106,1.7111,1.4323,1.237,1.4583,0.8792,1.2604,1.4688,0.8897
1748565700.9097059,1.8793,1.9378,1.9,1.7664,1.6117,1.7208,1.5601,1.6891,1.359,1.2416,1.4847,0.8789,1.2596,1.4941,0.8899
1748565701.023896,1.8774,1.9545,1.9067,1.8043,1.6808,1.7627,1.5516,1.7028,1.3251,1.2695,1.5325,0.8792,1.2776,1.5395,0.8916
1748565701.141383,1.8371,1.8476,1.8347,1.7396,1.7141,1.7178,1.3208,1.3052,1.2687,0.9415,0.9284,0.8768,0.9477,0.9337,0.8886
1748565701.2521112,1.2249,1.198,1.2085,1.0514,1.021,1.0304,0.9617,0.9421,0.9394,0.9063,0.8942,0.8773,0.9176,0.9055,0.8891
1748565701.365945,1.0793,1.0221,1.057,0.97,0.9187,0.9386,0.9743,0.9386,0.923,0.9496,0.9171,0.8765,0.9649,0.931,0.8894
1748565701.4799201,1.0444,0.9805,1.0396,0.9474,0.8996,0.9343,1.0151,0.9748,0.9453,0.9703,0.9386,0.877,0.9815,0.9512,0.8897
1748565701.5939221,0.9783,0.9281,0.9955,0.9168,0.8897,0.9297,1.0226,1.003,0.9633,0.9611,0.9412,0.8765,0.9705,0.9531,0.8897
1748565701.708695,0.9582,0.9122,1.0205,0.9155,0.8945,0.9799,1.1459,1.1363,1.0675,1.0323,1.0962,0.912,1.0323,1.021,0.8905
1748565701.822795,1.8726,1.825,1.8782,1.7468,1.5808,1.6902,1.7732,1.7965,1.5521,1.3971,1.5059,0.8795,1.4006,1.5129,0.8913
1748565701.9357939,1.8986,1.9239,1.9153,1.7404,1.561,1.6894,1.6372,1.7275,1.4454,1.2899,1.4916,0.9085,1.2937,1.4943,0.8897
1748565702.049973,1.8967,1.9419,1.919,1.7777,1.619,1.7337,1.5902,1.6993,1.3786,1.2835,1.4938,0.8848,1.2926,1.5027,0.8902
1748565702.1638532,1.9042,1.9676,1.9249,1.7836,1.6249,1.739,1.5728,1.6902,1.3383,1.2964,1.5134,0.8886,1.3025,1.5201,0.8902
1748565702.280843,1.9319,2.0034,1.9564,1.8449,1.691,1.7788,1.5765,1.6732,1.2542,1.3568,1.5045,0.8805,1.3598,1.4976,0.8902
1748565702.392329,1.8285,1.8333,1.829,1.4132,1.3796,1.3847,1.0611,1.0449,1.0285,0.9117,0.8972,0.8762,0.9198,0.9074,0.8883
1748565702.506016,1.1021,1.0653,1.0866,0.9888,0.9568,0.967,0.9512,0.9313,0.9238,0.9147,0.8996,0.8765,0.9249,0.9136,0.8897
1748565702.619804,1.0871,1.0159,1.0659,0.9805,0.9152,0.9407,1.0057,0.9549,0.9329,0.9786,0.9375,0.8773,0.992,0.9477,0.8894
1748565702.733975,1.0216,0.9678,1.0216,0.9321,0.8956,0.9302,0.9872,0.9558,0.9369,0.9555,0.93,0.8773,0.9678,0.9429,0.8894
1748565702.8515441,0.9638,0.9251,0.9861,0.9095,0.8846,0.9383,1.0353,1.0202,0.9756,0.963,0.9439,0.8784,0.9716,0.9576,0.8897
1748565702.962105,1.053,0.9278,1.1403,1.02,0.9652,1.0946,1.291,1.2805,1.1355,1.2977,1.4167,1.2217,1.1508,1.1446,0.8897
1748565703.075935,1.8562,1.8768,1.8814,1.7009,1.5344,1.6225,1.6877,1.7525,1.5075,1.305,1.4718,0.8808,1.3103,1.479,0.8905
1748565703.1899168,1.8358,1.8648,1.8516,1.7562,1.5881,1.7119,1.5924,1.6974,1.4057,1.2542,1.4616,0.8808,1.2633,1.4728,0.8897
1748565703.303942,1.876,1.9354,1.8981,1.7673,1.605,1.7213,1.5464,1.6703,1.3283,1.2636,1.4831,0.8797,1.2725,1.4941,0.8897
1748565703.419002,1.8785,1.9518,1.9061,1.7947,1.6493,1.7517,1.5212,1.6644,1.2711,1.2719,1.5075,0.8787,1.2778,1.5123,0.8905
1748565703.532126,1.8105,1.8186,1.8183,1.7031,1.6791,1.6872,1.2773,1.2558,1.2241,0.938,0.9165,0.8773,0.9426,0.9254,0.8894
1748565703.6458619,1.3493,1.3307,1.3372,1.0688,1.0334,1.0447,0.9595,0.9404,0.9359,0.9082,0.8905,0.877,0.9165,0.9031,0.8891
1748565703.759889,1.1666,1.1218,1.1462,1.006,0.9477,0.9646,0.9746,0.934,0.9203,0.9463,0.9141,0.877,0.9611,0.9262,0.8897
1748565703.87397,1.1462,1.0519,1.0957,1.0208,0.9152,0.9407,1.0318,0.9429,0.9171,1.01,0.9289,0.877,1.02,0.9404,0.8897
1748565703.987872,1.0705,0.9917,1.0406,0.9778,0.8953,0.9284,1.0186,0.9482,0.9195,0.992,0.9281,0.877,1.0049,0.9412,0.8897
1748565704.102169,1.0028,0.9351,1.0057,0.9418,0.8894,0.9372,1.0525,1.0111,0.9523,0.9926,0.9504,0.8824,1.0025,0.96,0.8899
1748565704.215992,1.2467,0.9926,1.237,1.2324,1.0358,1.1822,1.3839,1.3536,1.1207,1.2757,1.2491,0.9036,1.2695,1.237,0.8891
1748565704.3301032,1.8344,1.8871,1.8618,1.7624,1.5865,1.7122,1.627,1.7345,1.4428,1.2759,1.4857,0.8811,1.2819,1.4927,0.8897
1748565704.4439712,1.8156,1.8701,1.8435,1.7694,1.6112,1.7216,1.5601,1.6875,1.363,1.2362,1.4659,0.8797,1.237,1.479,0.8899
1748565704.5590131,1.8274,1.9147,1.8615,1.7901,1.6391,1.745,1.5341,1.6888,1.3138,1.2418,1.5072,0.8781,1.2614,1.5129,0.8897
1748565704.672436,1.8301,1.9072,1.8661,1.8049,1.6585,1.756,1.5204,1.6633,1.2346,1.3109,1.5021,0.8784,1.3273,1.4978,0.8894
1748565704.785902,1.7783,1.7874,1.782,1.6821,1.6552,1.6582,1.2198,1.1986,1.1696,0.9302,0.9098,0.8762,0.9412,0.9189,0.8891
1748565704.8999748,1.1591,1.1314,1.1467,1.02,0.9912,0.9993,0.9625,0.9431,0.9372,0.9106,0.8937,0.8762,0.9187,0.9063,0.8894
1748565705.013885,1.0976,1.0404,1.0747,0.9826,0.9284,0.9412,0.9815,0.9418,0.9257,0.9493,0.9192,0.8792,0.9625,0.9297,0.8897
1748565705.130579,1.0562,0.9853,1.0363,0.9582,0.9001,0.9286,1.0017,0.9544,0.9329,0.9673,0.9302,0.8776,0.9797,0.941,0.8897
1748565705.242487,0.9928,0.9386,0.9987,0.9267,0.8918,0.93,1.0076,0.9802,0.9461,0.9598,0.9345,0.8768,0.9716,0.9477,0.8897
1748565705.356292,0.959,0.912,0.9952,0.9133,0.8889,0.9512,1.1333,1.1193,1.06,0.9799,0.9676,0.8878,0.9934,0.9791,0.8897
