timestamp,R0C0,R0C1,R0C2,R1C0,R1C1,R1C2,R2C0,R2C1,R2C2,R3C0,R3C1,R3C2,R4C0,R4C1,R4C2
1748564892.115702,1.2899,1.2982,1.3004,0.9259,0.8956,0.8993,0.9474,0.9329,0.9292,0.9112,0.883,0.8792,0.9222,0.895,0.8891
1748564892.147011,1.2891,1.295,1.298,0.9259,0.8948,0.9012,0.9469,0.9305,0.9284,0.9098,0.8843,0.8776,0.9192,0.8924,0.8894
1748564892.159851,1.287,1.295,1.2972,0.9251,0.8953,0.9001,0.9466,0.9329,0.9286,0.9104,0.884,0.8776,0.9189,0.8924,0.8891
1748564892.273924,1.2875,1.2926,1.2939,0.9284,0.8993,0.9007,0.948,0.9326,0.9281,0.9101,0.883,0.8779,0.92,0.8934,0.8894
1748564892.388006,1.2835,1.2913,1.2926,0.9262,0.8967,0.9023,0.9474,0.931,0.9297,0.9112,0.8862,0.8789,0.9211,0.894,0.8902
1748564892.5052469,1.2875,1.2953,1.2947,0.9257,0.8948,0.9015,0.9504,0.9318,0.9308,0.9104,0.887,0.8781,0.9203,0.8956,0.8891
1748564892.615892,1.3012,1.3084,1.3106,0.9224,0.895,0.8996,0.9466,0.9351,0.9284,0.9106,0.8835,0.8773,0.9189,0.8942,0.8889
1748564892.729812,1.3117,1.3195,1.3187,0.9251,0.8926,0.9023,0.9463,0.9318,0.9273,0.9104,0.8843,0.8779,0.9208,0.8932,0.8894
1748564892.844362,1.3227,1.3286,1.3302,0.9257,0.8983,0.902,0.9482,0.9332,0.9292,0.9093,0.8851,0.8749,0.9203,0.8956,0.8878
1748564892.957819,1.3399,1.345,1.3453,0.9265,0.8961,0.902,0.9469,0.9332,0.9281,0.9109,0.8846,0.8779,0.92,0.8924,0.8894
1748564893.07253,1.3538,1.3581,1.3643,0.9273,0.8975,0.902,0.9469,0.9324,0.9292,0.9098,0.884,0.877,0.9198,0.8937,0.8894
1748564893.185809,1.3522,1.3541,1.3552,0.923,0.8924,0.9007,0.9447,0.9316,0.9267,0.9055,0.8819,0.8768,0.9195,0.8918,0.8851
1748564893.299764,1.3358,1.3453,1.3453,0.9243,0.8934,0.8988,0.9463,0.9308,0.9265,0.9112,0.8808,0.8757,0.9181,0.8918,0.8881
1748564893.4138958,1.3278,1.3353,1.3364,0.9246,0.8929,0.8996,0.9472,0.9318,0.9251,0.9093,0.8848,0.877,0.9195,0.8916,0.8875
1748564893.530968,1.3219,1.3264,1.3273,0.9259,0.8932,0.8996,0.9455,0.9294,0.9259,0.9071,0.8816,0.877,0.9184,0.8918,0.8878
1748564893.641953,1.3074,1.316,1.317,0.9246,0.8918,0.8985,0.9429,0.9302,0.9254,0.9058,0.8827,0.8754,0.9211,0.8907,0.8883
1748564893.755969,1.2958,1.3044,1.3042,0.9243,0.8907,0.8996,0.9423,0.9294,0.9246,0.9085,0.884,0.8757,0.9181,0.8907,0.8881
1748564893.869772,1.2832,1.2929,1.2926,0.9224,0.8934,0.898,0.9429,0.9275,0.9238,0.9082,0.883,0.8768,0.9181,0.8921,0.8881
1748564893.9838521,1.277,1.2859,1.2864,0.9216,0.8918,0.8977,0.9415,0.93,0.9251,0.9087,0.8819,0.8773,0.9171,0.8926,0.8873
1748564894.099442,1.2703,1.28,1.28,0.9219,0.8916,0.8988,0.9412,0.9273,0.9211,0.9061,0.8824,0.876,0.9176,0.8926,0.8867
1748564894.2123609,1.3103,1.3205,1.3203,0.9214,0.8918,0.8969,0.941,0.9273,0.9243,0.9047,0.8808,0.8762,0.916,0.8913,0.8883
1748564894.325804,1.4172,1.4213,1.4242,0.9232,0.8921,0.8993,0.9421,0.9281,0.9243,0.9071,0.8797,0.8765,0.9184,0.8913,0.8881
1748564894.439887,1.4777,1.4796,1.4817,0.9257,0.8916,0.8991,0.9421,0.9275,0.9238,0.9114,0.8838,0.8754,0.9176,0.8932,0.8889
1748564894.554114,1.5107,1.5113,1.515,0.9281,0.8932,0.8964,0.9515,0.9337,0.9289,0.9165,0.8848,0.8773,0.9292,0.894,0.8889
1748564894.6683362,1.5475,1.5486,1.5491,0.9579,0.8961,0.9026,1.003,0.9764,0.9595,0.9584,0.8999,0.8819,0.9705,0.9128,0.8897
1748564894.7840629,1.6249,1.6217,1.6362,1.017,0.9195,0.9378,1.2582,1.201,1.1551,1.23,1.1752,1.222,1.0745,0.9823,0.8921
1748564894.89597,1.7917,1.7895,1.8438,1.14,1.014,1.1572,1.7012,1.6598,1.5792,1.457,1.3915,1.5088,1.3004,1.1932,0.8905
1748564895.010035,2.1264,2.0821,2.1135,1.5212,1.3794,1.4052,1.7944,1.7151,1.623,1.5013,1.4076,1.507,1.4167,1.2273,0.8899
1748564895.123905,2.1508,2.1022,2.1339,1.4976,1.3783,1.3882,1.7936,1.724,1.6168,1.5467,1.453,1.5462,1.4159,1.2698,0.8905
1748564895.239456,2.1218,2.0622,2.1175,1.4782,1.3643,1.4124,1.8124,1.774,1.6542,1.6098,1.555,1.6458,1.436,1.3587,0.8899
1748564895.352232,2.1003,2.0485,2.0998,1.4567,1.3434,1.3877,1.8178,1.7893,1.6566,1.6574,1.583,1.684,1.4409,1.3831,0.8921
1748564895.465863,2.185,2.1535,2.1678,1.5354,1.471,1.461,1.771,1.6872,1.6566,1.2617,1.0965,1.1368,1.2359,0.9869,0.8897
1748564895.5800629,1.9983,1.9886,1.9918,1.0406,0.9923,0.9931,1.2042,1.1903,1.1749,0.9429,0.8921,0.8795,0.9544,0.9031,0.8894
1748564895.693994,1.7667,1.7635,1.7656,0.9523,0.9184,0.9243,1.0087,0.9979,0.9931,0.9203,0.8891,0.8779,0.9332,0.898,0.8894
1748564895.808052,1.6748,1.674,1.6743,0.9386,0.8988,0.905,0.9764,0.9614,0.9536,0.9222,0.8905,0.8776,0.9378,0.9012,0.8891
1748564895.923399,1.5642,1.5717,1.5687,0.9316,0.8916,0.8975,0.9673,0.9536,0.9396,0.9356,0.9085,0.8988,0.9426,0.9109,0.8897
1748564896.035968,1.497,1.5062,1.5102,0.9284,0.8902,0.8996,0.9899,0.9721,0.9509,1.0194,1.0114,1.0318,0.9603,0.9294,0.8916
1748564896.150002,1.277,1.2813,1.2907,0.9224,0.8864,0.9018,1.1142,1.0893,1.071,1.2939,1.3772,1.4183,0.9627,0.9281,0.8932
1748564896.263964,1.1712,1.1717,1.2115,0.9415,0.8948,0.941,1.4868,1.4548,1.4575,1.0132,0.9762,0.8886,1.0251,0.9826,0.8953
1748564896.378089,2.0289,1.9891,2.0278,1.5421,1.186,1.2794,1.965,1.8658,1.7777,2.0337,1.9894,1.0151,1.6018,1.4828,0.8932
1748564896.495994,2.1388,2.1011,2.1455,1.5556,1.4371,1.4755,1.8615,1.8315,1.6945,1.829,1.8266,1.8693,1.507,1.4992,0.9034
1748564896.606016,2.1799,2.1723,2.2059,1.5505,1.4962,1.4825,1.8669,1.8492,1.7028,1.8065,1.8008,1.8438,1.4882,1.5091,0.9044
1748564896.71991,2.1541,2.1245,2.1608,1.5115,1.4836,1.4798,1.8293,1.828,1.6778,1.7928,1.7952,1.839,1.4702,1.5293,0.9044
1748564896.8339572,2.2148,2.185,2.2172,1.5875,1.6227,1.5644,1.8384,1.7922,1.6746,1.5964,1.5502,1.6055,1.4191,1.2606,0.8977
1748564896.948214,2.2261,2.2234,2.2282,1.1881,1.1392,1.1287,1.4086,1.3737,1.3517,0.9643,0.9112,0.8975,0.9676,0.9098,0.8894
1748564897.066099,1.8476,1.8433,1.843,0.9665,0.9267,0.9294,1.0138,0.9936,0.9821,0.9216,0.8897,0.8808,0.9318,0.8991,0.8899
1748564897.176235,1.7229,1.7178,1.7165,0.9353,0.898,0.9044,0.9689,0.9544,0.9421,0.9224,0.8945,0.8883,0.938,0.9036,0.8894
1748564897.290012,1.6055,1.6098,1.6109,0.9267,0.8897,0.9015,0.9732,0.9643,0.9421,0.9657,0.9517,0.9713,0.9515,0.9251,0.8921
1748564897.404105,1.3694,1.3735,1.3807,0.9147,0.8894,0.8991,0.9791,0.9775,0.9595,1.0355,1.0371,1.0586,0.9474,0.9278,0.8934
1748564897.5180302,1.1569,1.1516,1.1736,0.9138,0.8889,0.9023,1.2899,1.2781,1.2649,1.5601,1.5704,1.5808,0.9539,0.9308,0.8905
1748564897.635264,1.3952,1.4213,1.4809,0.9716,0.9128,1.0009,1.6415,1.6192,1.5897,1.1948,1.1204,0.9141,1.103,1.0514,0.8932
1748564897.7467341,2.1449,2.0622,2.1482,1.5961,1.5032,1.5427,1.8806,1.8476,1.7044,1.8685,1.8693,1.9072,1.5524,1.5354,0.9071
1748564897.860054,2.1573,2.1229,2.1573,1.526,1.4661,1.4704,1.8188,1.8065,1.6732,1.7219,1.7407,1.7761,1.4395,1.4747,0.9079
1748564897.9740028,2.1514,2.1159,2.1578,1.5228,1.4825,1.4874,1.8191,1.8159,1.6748,1.7592,1.7716,1.8073,1.4567,1.5088,0.9028
1748564898.088216,2.1525,2.1167,2.1576,1.4925,1.4358,1.4543,1.8274,1.8266,1.6869,1.7922,1.7987,1.8272,1.4532,1.504,0.9047
1748564898.205657,2.1804,2.1562,2.167,1.511,1.4914,1.4605,1.7525,1.7022,1.663,1.2628,1.1849,1.2104,1.1467,1.0084,0.8907
1748564898.316478,2.221,2.2253,2.2368,1.1432,1.1013,1.0938,1.2738,1.237,1.2238,0.9351,0.8961,0.8789,0.9421,0.9044,0.8886
1748564898.430145,1.785,1.7801,1.7863,0.9447,0.9122,0.9165,0.9834,0.9695,0.9606,0.916,0.8883,0.8784,0.9292,0.8985,0.8891
1748564898.5441978,1.5596,1.5674,1.5647,0.9351,0.8905,0.9018,0.9681,0.9576,0.9399,0.9391,0.9211,0.9359,0.9474,0.9157,0.8905
1748564898.658016,1.3786,1.396,1.4035,0.9206,0.8894,0.901,0.9754,0.9695,0.949,1.0189,1.0183,1.0363,0.9549,0.9313,0.8948
1748564898.776222,1.1895,1.2005,1.2107,0.9141,0.8883,0.9007,1.0178,1.0076,0.9877,1.1446,1.1736,1.1886,0.9493,0.9275,0.8942
1748564898.886486,1.0941,1.1051,1.1341,0.9165,0.8889,0.9155,1.5182,1.4973,1.493,1.0132,0.9719,0.9222,0.9762,0.9498,0.895
1748564899.000036,1.7232,1.7278,1.7753,1.1395,0.9807,1.122,1.8543,1.8054,1.7552,1.3812,1.3087,1.1008,1.3528,1.2512,0.9007
1748564899.1140969,2.1793,2.1516,2.1879,1.5137,1.4562,1.486,1.8527,1.8296,1.7022,1.8339,1.8452,1.8752,1.4849,1.5072,0.9128
1748564899.22816,2.16,2.1245,2.164,1.5177,1.4771,1.4806,1.8406,1.8258,1.6934,1.7828,1.7823,1.8229,1.4594,1.4938,0.9026
1748564899.342035,2.167,2.1294,2.1726,1.5107,1.4766,1.4817,1.821,1.8223,1.6778,1.8113,1.8272,1.8586,1.4626,1.5279,0.9012
1748564899.457278,2.2693,2.2414,2.2645,1.5115,1.4688,1.4546,1.8492,1.8452,1.7146,1.811,1.8135,1.8433,1.4492,1.5142,0.9042
1748564899.570515,2.2132,2.2016,2.2043,1.4194,1.4197,1.407,1.67,1.6362,1.6149,0.9883,0.9391,0.9439,0.9686,0.9152,0.8883
1748564899.6840808,1.8986,1.8951,1.8948,0.9885,0.9458,0.9458,1.0237,1.0025,0.9936,0.9219,0.8894,0.8752,0.9324,0.9012,0.8897
1748564899.798219,1.6969,1.6953,1.6969,0.9386,0.901,0.9036,0.9684,0.9541,0.941,0.9259,0.8929,0.8881,0.9407,0.9028,0.8891
1748564899.9124029,1.5824,1.5875,1.5867,0.9302,0.8889,0.8975,0.9695,0.9563,0.9383,0.9528,0.9369,0.9493,0.9541,0.9176,0.8948
1748564900.027309,1.4618,1.4718,1.4747,0.923,0.8913,0.8993,0.9678,0.9587,0.9418,0.9912,0.9864,1.0049,0.948,0.9241,0.8924
1748564900.140144,1.1862,1.1999,1.2104,0.9141,0.8867,0.8996,1.0503,1.035,1.0178,1.2539,1.2647,1.2792,0.9531,0.9278,0.8964
1748564900.254119,1.0944,1.1064,1.1564,0.9241,0.8945,0.9533,1.5776,1.5432,1.5432,1.1733,1.0355,1.0304,1.0181,0.992,0.8905
1748564900.368096,2.0246,1.9975,2.0853,1.5349,1.2531,1.4777,1.9639,1.8943,1.7957,2.0609,2.0496,2.0622,1.6096,1.5679,0.8945
1748564900.4822621,2.1401,2.1065,2.1557,1.5174,1.4309,1.4777,1.8486,1.8355,1.7159,1.7783,1.8059,1.8352,1.4548,1.4898,0.9015
1748564900.5962088,2.1511,2.1159,2.1565,1.5075,1.4548,1.479,1.8293,1.821,1.7028,1.763,1.7724,1.8078,1.4331,1.4801,0.902
1748564900.7102249,2.1578,2.1218,2.1643,1.5169,1.4495,1.4898,1.8701,1.865,1.7181,1.9075,1.9013,1.9274,1.4825,1.5341,0.9007
1748564900.824075,2.2145,2.175,2.1989,1.59,1.5892,1.5588,1.8304,1.7694,1.706,1.4266,1.3399,1.3821,1.2765,1.1003,0.8894
1748564900.9382,2.1879,2.1922,2.1984,1.1218,1.0793,1.0742,1.2773,1.237,1.226,0.9394,0.8996,0.894,0.9453,0.9063,0.8881
1748564901.052397,1.864,1.8567,1.8594,0.9622,0.9187,0.9246,1.0003,0.9772,0.9643,0.9224,0.8891,0.8808,0.9351,0.9004,0.8891
1748564901.167661,1.756,1.7525,1.7501,0.9496,0.9004,0.9074,0.9842,0.9558,0.938,0.9404,0.9015,0.8985,0.9528,0.9095,0.8897
1748564901.280226,1.6974,1.695,1.6982,0.9515,0.8913,0.8991,0.9928,0.9579,0.9313,0.9641,0.941,0.9533,0.9673,0.9206,0.8905
1748564901.3942559,1.6297,1.6278,1.6297,0.948,0.8891,0.8988,1.0025,0.9654,0.9348,1.0551,1.0484,1.0688,0.9864,0.9437,0.9157
1748564901.508147,1.4368,1.4441,1.4454,0.9404,0.8867,0.8964,1.0954,1.0476,1.0302,1.4951,1.5094,1.525,0.9786,0.9286,0.8985
1748564901.62498,1.3098,1.3165,1.3541,0.9789,0.8975,0.9404,1.5086,1.464,1.4696,1.093,1.0573,1.1059,1.0578,0.9842,0.8937
1748564901.736264,2.1785,2.1054,2.1734,1.6007,1.5346,1.5389,1.9397,1.9102,1.7866,1.9875,1.9916,2.0149,1.5569,1.5978,0.9079
1748564901.850132,2.1576,2.1157,2.1578,1.5317,1.4949,1.4608,1.84,1.818,1.6974,1.8067,1.8006,1.8438,1.4567,1.4828,0.9147
1748564901.964295,2.1702,2.1323,2.175,1.5094,1.5311,1.4809,1.8336,1.8349,1.7116,1.749,1.7627,1.8032,1.4312,1.5078,0.9187
1748564902.078272,2.1809,2.1363,2.1858,1.5244,1.5397,1.4822,1.8632,1.8637,1.7315,1.8368,1.8352,1.872,1.4629,1.5352,0.9157
1748564902.192308,2.2255,2.2051,2.2193,1.4667,1.4788,1.443,1.7659,1.7412,1.7154,1.1682,1.111,1.1336,1.0645,0.9926,0.8897
1748564902.307474,2.2827,2.2814,2.2792,1.0925,1.0465,1.0441,1.2104,1.1803,1.1634,0.9335,0.8948,0.8779,0.9445,0.9053,0.8899
1748564902.4203572,1.7842,1.7796,1.7783,0.9506,0.9077,0.9095,0.9807,0.9638,0.9506,0.9206,0.8891,0.877,0.9345,0.9015,0.8897
1748564902.5341408,1.6375,1.6359,1.6346,0.9442,0.8942,0.9028,0.9883,0.96,0.9388,0.9622,0.9399,0.9488,0.9652,0.9241,0.8899
1748564902.648216,1.5626,1.5722,1.576,0.9434,0.8894,0.8991,1.006,0.9716,0.9423,1.053,1.0463,1.0656,0.9743,0.9305,0.8945
1748564902.762447,1.457,1.4642,1.4691,0.9313,0.8864,0.8969,1.032,1.002,0.978,1.1551,1.1658,1.1811,0.9619,0.9224,0.8916
1748564902.877768,1.1766,1.1854,1.1994,0.9262,0.8889,0.9012,1.4739,1.4497,1.4484,1.818,1.8151,1.818,0.9692,0.9335,0.8967
1748564902.990159,1.6872,1.6869,1.7326,1.1134,0.9539,1.0608,1.8315,1.7904,1.7541,1.4559,1.4129,1.0576,1.3055,1.1779,0.8921
1748564903.104239,2.1398,2.0896,2.1479,1.4957,1.4057,1.4616,1.8505,1.8368,1.7194,1.8632,1.8607,1.8954,1.4565,1.497,0.9069
1748564903.218376,2.1444,2.0993,2.149,1.5105,1.4925,1.4704,1.8554,1.8556,1.7409,1.7976,1.8073,1.8414,1.4309,1.5156,0.909
1748564903.3324318,2.1568,2.1148,2.1616,1.4771,1.4919,1.4573,1.8414,1.8513,1.7358,1.7775,1.7979,1.8282,1.4137,1.5121,0.909
1748564903.446892,2.1691,2.1374,2.1852,1.4922,1.4755,1.4514,1.8863,1.9,1.7863,1.8194,1.8403,1.8785,1.4624,1.5569,0.9434
1748564903.560197,2.2185,2.2177,2.2185,1.3979,1.3901,1.371,1.7369,1.7133,1.6988,0.9818,0.941,0.9461,0.9646,0.9224,0.8897
1748564903.67419,1.973,1.9663,1.9636,0.9834,0.9455,0.9504,1.0543,1.0406,1.0275,0.9243,0.891,0.8776,0.9324,0.9012,0.8891
1748564903.788467,1.6765,1.6765,1.6754,0.9359,0.8999,0.9061,0.9732,0.9649,0.949,0.9176,0.8899,0.8832,0.9326,0.9034,0.8897
1748564903.90381,1.5193,1.5303,1.5344,0.9297,0.8907,0.9026,0.9778,0.9665,0.9437,0.9461,0.9388,0.9506,0.9506,0.9219,0.8907
1748564904.0167098,1.403,1.4223,1.4205,0.9206,0.8889,0.9004,0.9762,0.9708,0.9506,1.0036,1.0038,1.0229,0.9506,0.9289,0.8937
1748564904.130295,1.186,1.1999,1.2117,0.9147,0.8864,0.8996,1.0694,1.0533,1.0363,1.2652,1.2845,1.302,0.9549,0.9332,0.8961
1748564904.244373,1.1376,1.1492,1.1999,0.9294,0.8945,0.9533,1.5865,1.572,1.5728,1.8742,1.8688,1.8747,1.0269,0.9952,0.8926
1748564904.35822,2.1702,2.1146,2.1785,1.5757,1.4331,1.5314,1.9252,1.8836,1.7793,1.9948,1.9875,2.001,1.5236,1.5755,0.9155
1748564904.472272,2.1291,2.0896,2.1355,1.493,1.4449,1.4573,1.8438,1.8387,1.7347,1.7511,1.7917,1.8148,1.418,1.4833,0.9058
1748564904.5877519,2.1592,2.1234,2.1664,1.4712,1.4608,1.4516,1.8419,1.8403,1.7307,1.7466,1.7699,1.8011,1.4065,1.4822,0.9077
1748564904.7005749,2.179,2.1396,2.1785,1.4828,1.4691,1.4591,1.8758,1.8747,1.7554,1.8731,1.8589,1.8948,1.4473,1.5212,0.9066
1748564904.814282,2.1968,2.1831,2.1933,1.4906,1.5005,1.4583,1.7756,1.746,1.7119,1.2182,1.1532,1.1766,1.1056,1.0339,0.8881
1748564904.9284768,2.2556,2.2561,2.2543,1.0858,1.0449,1.0406,1.2316,1.2058,1.1892,0.9329,0.8953,0.8805,0.941,0.9066,0.8886
1748564905.0423949,1.8374,1.8323,1.8312,0.949,0.913,0.9163,0.9896,0.9713,0.9614,0.9195,0.8907,0.8784,0.9308,0.9004,0.8897
1748564905.157753,1.6579,1.6638,1.6526,0.9407,0.8956,0.9053,0.9807,0.9619,0.941,0.9399,0.9173,0.9289,0.9528,0.9157,0.8899
1748564905.270637,1.5174,1.5309,1.5333,0.9348,0.8897,0.9007,0.9864,0.967,0.9407,0.988,0.9786,0.9944,0.9619,0.9262,0.8905
1748564905.384347,1.3858,1.403,1.4068,0.9227,0.8878,0.8988,1.0076,0.9901,0.9678,1.1,1.1073,1.1239,0.9579,0.9273,0.8956
1748564905.498271,1.179,1.1905,1.2074,0.9259,0.8881,0.9026,1.482,1.4565,1.4591,1.8078,1.8016,1.8121,0.9759,0.9404,0.901
1748564905.6125288,1.7909,1.7917,1.8204,1.2246,1.002,1.0954,1.8771,1.8159,1.7729,1.929,1.8817,1.9107,1.396,1.2416,0.8948
1748564905.7277398,2.1817,2.1439,2.1898,1.486,1.4428,1.454,1.846,1.8258,1.7194,1.8231,1.8341,1.865,1.4446,1.4882,0.9181
1748564905.84034,2.1554,2.117,2.1594,1.4704,1.508,1.4444,1.8427,1.8435,1.7347,1.7525,1.778,1.8081,1.4068,1.5126,0.9109
1748564905.954606,2.1662,2.1275,2.1699,1.4696,1.5279,1.4575,1.8511,1.864,1.7382,1.8371,1.8457,1.8768,1.4334,1.5435,0.9109
1748564906.068444,2.2285,2.1879,2.2314,1.5327,1.5932,1.4573,1.8768,1.8685,1.7683,1.5349,1.5311,1.5884,1.3743,1.3133,0.894
1748564906.1823418,2.2185,2.2083,2.2081,1.1964,1.161,1.1478,1.4103,1.3821,1.3654,0.9431,0.9063,0.9012,0.9515,0.9106,0.8894
1748564906.296812,1.8779,1.8712,1.8707,0.9668,0.9171,0.923,0.999,0.9767,0.9646,0.9281,0.8897,0.8762,0.9404,0.9007,0.8894
1748564906.410513,1.6963,1.699,1.699,0.9466,0.8942,0.9034,0.9778,0.9552,0.9356,0.9388,0.9039,0.8899,0.9544,0.912,0.8905
1748564906.524479,1.5679,1.5816,1.5798,0.9469,0.8905,0.9018,0.9977,0.9676,0.9388,1.0165,1.0028,1.0191,0.974,0.9284,0.8929
1748564906.638426,1.5019,1.5129,1.5182,0.9337,0.8886,0.8977,1.0122,0.9834,0.9611,1.0911,1.0954,1.114,0.9668,0.9278,0.8937
1748564906.752467,1.2674,1.2786,1.2894,0.9284,0.8878,0.8972,1.3275,1.302,1.3042,1.6816,1.6813,1.6899,0.9743,0.9335,0.901
1748564906.86759,1.6397,1.6359,1.6663,1.031,0.9184,0.9791,1.7635,1.7315,1.7173,1.129,1.0294,0.8808,1.1578,1.0484,0.8916
1748564906.980403,2.1468,2.1009,2.1549,1.4578,1.4454,1.4524,1.858,1.8433,1.7388,1.8589,1.8564,1.8989,1.4457,1.5177,0.9364
1748564907.0945358,2.1653,2.1218,2.1653,1.4581,1.4855,1.4167,1.8433,1.8358,1.7433,1.735,1.753,1.7866,1.3915,1.472,0.9165
1748564907.208354,2.164,2.128,2.1656,1.4446,1.5185,1.4299,1.8315,1.8441,1.7399,1.7079,1.7447,1.7726,1.3778,1.5096,0.916
1748564907.32255,2.1987,2.1702,2.2035,1.4283,1.5185,1.4103,1.865,1.8822,1.7912,1.7648,1.778,1.8298,1.425,1.5456,0.9082
1748564907.436534,2.2543,2.2368,2.2441,1.342,1.3334,1.3117,1.7092,1.681,1.6679,0.9574,0.9066,0.8776,0.9657,0.9147,0.8894
1748564907.550355,1.9453,1.9386,1.9343,0.9668,0.9254,0.9254,1.0181,1.0028,0.9928,0.9254,0.8899,0.8765,0.9367,0.9007,0.8894
1748564907.6645079,1.7251,1.7186,1.7154,0.941,0.8942,0.9001,0.9775,0.9654,0.9463,0.927,0.8972,0.8819,0.9426,0.9117,0.8899
1748564907.778489,1.5765,1.5865,1.5859,0.9361,0.8905,0.9007,0.9915,0.977,0.9509,0.9958,0.9861,1.003,0.9627,0.9284,0.8913
1748564907.892544,1.4164,1.4344,1.4366,0.9259,0.8889,0.8999,1.0001,0.9891,0.9673,1.0608,1.064,1.0817,0.9598,0.9297,0.8996
1748564908.006419,1.226,1.237,1.2537,0.92,0.8883,0.8983,1.204,1.1849,1.1744,1.4959,1.5086,1.5204,0.963,0.9308,0.901
1748564908.120522,1.2741,1.2934,1.3388,0.9563,0.901,0.952,1.6163,1.5932,1.5838,1.0428,0.9888,0.9055,1.0495,0.9947,0.8942
1748564908.2347012,2.1393,2.0845,2.1404,1.4962,1.4927,1.4763,1.9048,1.8919,1.7998,1.894,1.9171,1.9435,1.4828,1.5631,0.916
1748564908.348758,2.1611,2.1202,2.1568,1.4446,1.4637,1.3944,1.8293,1.825,1.7227,1.7479,1.7673,1.7992,1.3866,1.4836,0.9055
1748564908.463052,2.1551,2.1218,2.1608,1.4312,1.5064,1.4121,1.821,1.8315,1.7221,1.7267,1.7439,1.7788,1.3775,1.49,0.9053
1748564908.5764039,2.182,2.1463,2.185,1.4411,1.49,1.4089,1.843,1.8529,1.7423,1.7947,1.8,1.8352,1.403,1.5086,0.9047
1748564908.690449,2.1962,2.1594,2.1855,1.4914,1.5121,1.3974,1.8457,1.8202,1.7557,1.3906,1.3796,1.3923,1.2144,1.1279,0.8897
1748564908.804736,2.2809,2.2752,2.2825,1.0624,1.0205,1.0178,1.2236,1.201,1.1857,0.9343,0.8932,0.876,0.9429,0.9058,0.8875
1748564908.9194958,1.828,1.8258,1.8229,0.9426,0.9077,0.9128,0.9805,0.9676,0.956,0.9198,0.8886,0.8765,0.9326,0.9015,0.8889
1748564909.032448,1.6477,1.6587,1.6636,0.9367,0.8948,0.9018,0.9786,0.967,0.9407,0.9531,0.9351,0.949,0.9598,0.9243,0.8913
1748564909.14649,1.5473,1.5591,1.5593,0.9289,0.8897,0.901,0.9917,0.9791,0.9547,1.0425,1.0393,1.0592,0.9609,0.9297,0.8926
1748564909.260752,1.3348,1.3412,1.3528,0.9208,0.8883,0.8969,1.0406,1.0213,1.0046,1.1645,1.1768,1.194,0.9592,0.9308,0.9018
1748564909.374968,1.1852,1.1956,1.2142,0.9232,0.8875,0.9087,1.507,1.482,1.4831,1.807,1.8089,1.8194,0.9802,0.9493,0.9028
1748564909.4891598,1.7442,1.7536,1.7718,1.1328,0.967,1.0439,1.8129,1.7646,1.7253,1.2735,1.1349,0.8883,1.291,1.1618,0.9004
1748564909.602489,2.168,2.1371,2.1833,1.4557,1.4242,1.4116,1.8167,1.8059,1.6864,1.8092,1.818,1.8521,1.4199,1.4825,0.9015
1748564909.71646,2.1578,2.1189,2.1562,1.4505,1.5236,1.4097,1.7992,1.8129,1.6896,1.7221,1.753,1.782,1.3799,1.5072,0.9012
1748564909.8305569,2.1629,2.1267,2.1672,1.4484,1.5403,1.4213,1.7963,1.8202,1.6885,1.7455,1.7737,1.8024,1.3928,1.5247,0.9001
1748564909.944981,2.2301,2.1997,2.233,1.4479,1.5196,1.3888,1.8419,1.8535,1.7393,1.7699,1.7834,1.8161,1.4009,1.5142,0.9018
1748564910.0586739,2.2191,2.2118,2.2293,1.345,1.3396,1.3259,1.7074,1.6808,1.6617,0.9896,0.9367,0.9423,0.9695,0.9179,0.8875
1748564910.1727161,2.1799,2.1831,2.168,0.9711,0.9356,0.9394,1.0178,1.0046,0.9926,0.9232,0.8886,0.8776,0.9351,0.9012,0.8897
1748564910.2864902,1.7407,1.7372,1.7382,0.9313,0.895,0.902,0.9627,0.949,0.9378,0.9208,0.8921,0.8787,0.934,0.9061,0.8894
1748564910.4005141,1.6407,1.6464,1.6555,0.9302,0.8902,0.902,0.9772,0.9641,0.9372,0.992,0.977,0.9952,0.9579,0.9294,0.8902
1748564910.51471,1.5601,1.5661,1.5693,0.9211,0.8881,0.8975,0.9874,0.9756,0.9571,1.0482,1.0471,1.068,0.9611,0.9308,0.9039
1748564910.6295521,1.302,1.3114,1.3187,0.9163,0.8867,0.8967,1.0842,1.0702,1.0538,1.3375,1.349,1.3632,0.9533,0.9249,0.898
1748564910.742941,1.1669,1.1846,1.216,0.9308,0.8913,0.9284,1.4882,1.4624,1.4696,1.0594,1.2845,0.8897,1.0097,0.9716,0.9026
1748564910.856576,2.0955,2.0622,2.11,1.5086,1.2878,1.2899,1.9249,1.8527,1.7664,2.0053,2.0281,2.0302,1.5244,1.5857,1.7345
1748564910.970699,2.0998,2.041,2.099,1.4659,1.4951,1.4057,1.7938,1.7844,1.6601,1.7409,1.7673,1.8065,1.4261,1.4997,0.9147
1748564911.084664,2.1506,2.114,2.1474,1.4446,1.5279,1.4175,1.8,1.7987,1.666,1.7294,1.7286,1.7804,1.406,1.4946,0.9152
1748564911.2014458,2.1694,2.1304,2.1632,1.4479,1.5236,1.4043,1.8151,1.8231,1.6829,1.8065,1.775,1.8352,1.4258,1.5174,0.9144
1748564911.3126569,2.1788,2.153,2.1662,1.4283,1.4449,1.3603,1.7705,1.738,1.691,1.2778,1.2064,1.237,1.169,1.0678,0.8897
1748564911.426504,2.2258,2.2253,2.2253,1.237,1.2252,1.2115,1.5008,1.4621,1.4532,0.9506,0.9122,0.9189,0.9517,0.9125,0.8891
1748564911.540612,1.9333,1.9244,1.922,0.9536,0.9155,0.9176,0.992,0.9762,0.9665,0.923,0.8881,0.8789,0.9351,0.9001,0.8907
1748564911.6548128,1.572,1.5846,1.5819,0.9313,0.8924,0.902,0.9735,0.9625,0.9407,0.9533,0.9394,0.9528,0.9549,0.9235,0.8873
1748564911.773131,1.3071,1.3307,1.3356,0.9214,0.8889,0.8999,1.0068,0.9944,0.9783,1.0678,1.0675,1.0855,0.9638,0.9378,0.9031
1748564911.882656,1.201,1.2144,1.2252,0.9152,0.8859,0.9004,1.0782,1.0702,1.0581,1.2211,1.2348,1.2542,0.9571,0.9359,0.9028
1748564911.99667,1.1097,1.1253,1.1492,0.9109,0.8859,0.9104,1.5282,1.5174,1.5164,1.7173,1.7194,1.7372,0.9649,0.941,0.898
1748564912.110825,1.2762,1.3093,1.3638,0.9477,0.9058,0.984,1.6673,1.6472,1.6203,1.1188,1.0358,0.9058,1.0624,1.0251,0.8897
1748564912.224549,2.1132,2.0574,2.179,1.6128,1.5583,1.6391,1.9736,1.9209,1.7979,1.7624,1.7955,1.9666,1.6375,1.7906,1.9472
1748564912.345214,2.1191,2.0853,2.1715,1.5217,1.5029,1.5456,1.8846,1.8492,1.7278,1.6708,1.6869,1.8683,1.5298,1.688,1.8508
1748564912.452569,2.1288,2.1054,2.1874,1.5088,1.5416,1.5454,1.8693,1.8508,1.7127,1.6783,1.6754,1.8615,1.5207,1.677,1.8422
1748564912.566584,2.1514,2.1205,2.2005,1.4976,1.5303,1.5113,1.8922,1.8693,1.7396,1.7154,1.6918,1.7909,1.4425,1.5884,1.114
1748564912.680747,2.1449,2.1259,2.1922,1.4844,1.5083,1.4398,1.8511,1.8212,1.6988,1.7106,1.6877,1.8452,1.594,1.8086,1.9349
1748564912.795081,2.2164,2.2169,2.2183,1.3358,1.3469,1.3361,1.7922,1.7796,1.7756,0.9474,0.9074,0.8942,0.9469,0.9104,0.8878
1748564912.909055,2.2158,2.2145,2.2116,1.0699,1.0393,1.0323,1.1228,1.0962,1.0879,0.9192,0.887,0.8773,0.9273,0.8956,0.8894
1748564913.022762,1.8924,1.8844,1.8852,0.9472,0.9047,0.9117,0.9764,0.9609,0.9453,0.9265,0.891,0.8768,0.9415,0.9036,0.8899
1748564913.136839,1.6321,1.6372,1.637,0.9257,0.8905,0.9004,0.9676,0.9617,0.9391,0.956,0.9412,0.9595,0.9498,0.9246,0.8902
1748564913.250599,1.424,1.4328,1.4331,0.9184,0.8878,0.8961,0.9923,0.9823,0.967,1.0479,1.0449,1.0675,0.9442,0.9243,0.8907
1748564913.364798,1.2021,1.2139,1.2244,0.9187,0.887,0.8996,1.2837,1.2668,1.2593,1.525,1.5341,1.5486,0.9558,0.9257,0.8891
1748564913.48136,1.1274,1.1478,1.1825,0.9372,0.8967,0.9335,1.5096,1.49,1.4895,1.0449,0.9743,0.9026,1.0087,0.9703,0.8902
1748564913.5928829,1.9392,1.937,1.9574,1.4774,1.2633,1.2136,1.9,1.8317,1.7334,1.9754,2.0079,1.9932,1.5024,1.4954,0.8977
1748564913.706679,2.0939,2.0622,2.1011,1.4763,1.5088,1.3928,1.7917,1.7844,1.6491,1.7683,1.771,1.8169,1.4296,1.4941,0.8975
1748564913.820909,2.102,2.085,2.1081,1.4538,1.5489,1.4183,1.7761,1.7785,1.6399,1.727,1.7022,1.7694,1.4022,1.4788,0.8967
1748564913.934806,2.1345,2.1307,2.1463,1.4331,1.536,1.3906,1.7917,1.7933,1.6574,1.7576,1.7256,1.7909,1.4057,1.4933,0.898
1748564914.052338,2.204,2.1973,2.2081,1.5236,1.5647,1.4395,1.8559,1.8008,1.7221,1.4941,1.4312,1.4976,1.4052,1.1892,0.8916
1748564914.162872,2.2368,2.2376,2.2465,1.3267,1.3036,1.2982,1.6746,1.6397,1.6265,0.9533,0.9104,0.9181,0.9676,0.9106,0.8891
1748564914.2766762,1.9851,1.9789,1.9792,0.9783,0.9396,0.9404,1.0186,1.0097,0.9993,0.9222,0.8875,0.8784,0.9337,0.8961,0.8894
1748564914.390622,1.7758,1.7799,1.7804,0.9359,0.8991,0.9071,0.9703,0.967,0.9536,0.9292,0.9071,0.9232,0.948,0.9165,0.8897
1748564914.5048761,1.5489,1.5532,1.5561,0.9179,0.8899,0.9007,0.9778,0.9813,0.9657,0.9697,0.9654,0.9821,0.977,0.9453,0.9117
1748564914.6222022,1.2663,1.2762,1.288,0.9133,0.8886,0.8996,1.0157,1.0191,1.01,1.1083,1.1169,1.1355,0.9533,0.9356,0.8991
1748564914.733239,1.1526,1.1666,1.1951,0.9157,0.8918,0.9273,1.555,1.5411,1.5349,1.7181,1.7157,1.7342,0.9917,0.9697,0.8975
1748564914.846949,1.6797,1.7006,1.7224,1.0562,0.9791,1.0772,1.7337,1.7049,1.648,1.277,1.187,0.949,1.237,1.1827,0.902
1748564914.960771,2.1143,2.0848,2.1256,1.4573,1.4344,1.4487,1.818,1.8054,1.7031,1.7135,1.7237,1.7853,1.4248,1.4723,0.9007
1748564915.07473,2.1165,2.0899,2.1242,1.4608,1.5349,1.4495,1.8051,1.8092,1.7041,1.6399,1.6563,1.7184,1.3834,1.4782,0.901
1748564915.193558,2.1385,2.1052,2.1369,1.45,1.5464,1.4401,1.8046,1.8143,1.7041,1.6603,1.6671,1.739,1.4009,1.4949,0.8999
1748564915.302925,2.1557,2.1277,2.1613,1.4393,1.5045,1.3925,1.8172,1.8255,1.7178,1.7296,1.6961,1.771,1.3998,1.4943,0.9004
1748564915.41677,2.1919,2.1764,2.1828,1.4699,1.486,1.4309,1.8035,1.7509,1.7146,1.2257,1.1274,1.1564,1.1698,1.02,0.8899
1748564915.53081,2.2048,2.2048,2.2064,1.3063,1.2867,1.2738,1.5072,1.4801,1.4659,0.9286,0.8897,0.8765,0.938,0.8983,0.8886
1748564915.645026,2.0087,2.0147,2.0085,0.9635,0.9265,0.9324,0.9934,0.988,0.9721,0.9181,0.8875,0.8749,0.9286,0.8985,0.8886
1748564915.764569,1.4648,1.4825,1.4704,0.9302,0.8972,0.9066,0.9676,0.9649,0.9447,0.931,0.9198,0.9367,0.9493,0.9249,0.8889
1748564915.872719,1.2131,1.2365,1.237,0.916,0.8907,0.905,0.9802,0.988,0.9684,1.0122,1.0124,1.0345,0.9496,0.9313,0.8907
1748564915.9871,1.0952,1.1183,1.1266,0.9144,0.8897,0.9034,1.0696,1.0713,1.0613,1.1459,1.1607,1.1792,0.9574,0.9353,0.8948
1748564916.100724,1.0568,1.0823,1.1212,0.9157,0.891,0.9402,1.5803,1.5623,1.5591,1.7981,1.8051,1.8097,0.9939,0.9783,0.891
1748564916.2147892,1.6096,1.6389,1.6703,1.1226,0.9939,1.0858,1.8024,1.7702,1.7221,1.3157,1.2531,1.2211,1.2878,1.2064,0.8934
1748564916.3345568,2.1003,2.0622,2.1581,1.5164,1.4884,1.5755,1.8167,1.8379,1.6977,1.7592,1.7673,1.9252,1.5986,1.7417,0.996
1748564916.443244,2.1371,2.1183,2.1476,1.4548,1.5395,1.4503,1.7947,1.8089,1.6834,1.6851,1.6891,1.7549,1.407,1.5005,0.9372
1748564916.556834,2.139,2.1208,2.146,1.4524,1.5325,1.4379,1.8032,1.8108,1.6824,1.7369,1.7146,1.799,1.4312,1.5247,1.0108
1748564916.67085,2.1815,2.167,2.1882,1.4468,1.4825,1.3821,1.8065,1.8145,1.6988,1.7307,1.7017,1.7697,1.4003,1.482,0.9165
1748564916.787178,2.261,2.2599,2.2615,1.4113,1.418,1.4057,1.7533,1.7264,1.7186,0.9767,0.9093,0.88,0.9832,0.9157,0.8886
1748564916.898942,2.0729,2.0622,2.0622,1.0825,1.0412,1.0299,1.0581,1.0189,1.0049,0.9321,0.8883,0.8776,0.9412,0.898,0.8897
1748564917.012954,1.832,1.8245,1.8229,0.999,0.9337,0.9294,1.0063,0.9533,0.9402,0.9525,0.8905,0.8736,0.9657,0.9026,0.8897
1748564917.126942,1.6466,1.6603,1.6598,0.9923,0.9036,0.905,1.0154,0.9566,0.9249,0.9713,0.9241,0.9313,1.0028,0.9259,0.8889
1748564917.240814,1.6705,1.6759,1.6773,0.9928,0.8937,0.9001,1.035,0.9595,0.9241,1.0216,0.9832,0.9985,1.0165,0.93,0.8902
1748564917.359169,1.5875,1.5959,1.5967,0.9614,0.8891,0.8967,1.0441,0.9874,0.959,1.1634,1.1672,1.1862,0.999,0.9369,0.9053
1748564917.46894,1.3855,1.4003,1.4089,0.9595,0.8878,0.8988,1.4573,1.4076,1.4121,1.8701,1.8653,1.8699,1.0001,0.9294,0.8937
1748564917.582967,1.7511,1.7428,1.7562,1.1768,0.9729,0.9944,1.8175,1.7621,1.7302,1.3581,1.2351,1.4884,1.2947,1.122,0.8905
1748564917.696921,2.1377,2.0926,2.1288,1.4777,1.5105,1.4068,1.818,1.821,1.6979,1.8374,1.8126,1.8696,1.4387,1.5105,0.9061
1748564917.810865,2.1699,2.1476,2.167,1.4215,1.5051,1.3608,1.7933,1.807,1.691,1.7377,1.7202,1.7828,1.3796,1.4836,0.9023
1748564917.9287941,2.1535,2.1288,2.1527,1.4081,1.5078,1.3619,1.7957,1.8159,1.6953,1.7098,1.7057,1.7659,1.3767,1.4949,0.9074
1748564918.0390809,2.1796,2.1659,2.1801,1.4011,1.4976,1.3388,1.8183,1.8317,1.7248,1.7452,1.7065,1.7783,1.3791,1.4916,0.9036
1748564918.152771,2.2524,2.2441,2.2443,1.3453,1.3262,1.306,1.8041,1.789,1.7836,1.0146,0.9442,0.9563,1.0175,0.9262,0.8889
1748564918.266877,2.1323,2.1224,2.1232,1.0202,0.9703,0.9684,1.0686,1.0323,1.0186,0.938,0.8891,0.8768,0.9463,0.8967,0.8878
1748564918.3809001,1.774,1.7906,1.792,0.9523,0.9053,0.9087,0.9778,0.9544,0.9412,0.9273,0.8899,0.8773,0.9388,0.9007,0.8889
1748564918.5004642,1.6437,1.6563,1.6276,0.9407,0.8929,0.8999,0.967,0.9515,0.9305,0.9275,0.8983,0.8827,0.9421,0.9144,0.8897
1748564918.6091368,1.5056,1.5137,1.5182,0.9318,0.8905,0.8975,0.9724,0.9574,0.9326,0.9592,0.9515,0.9668,0.9574,0.9257,0.8897
1748564918.722914,1.3627,1.3796,1.3823,0.9176,0.8881,0.8964,1.0143,0.9979,0.9783,1.0957,1.1021,1.1226,0.9555,0.9297,0.8975
1748564918.8371148,1.2139,1.23,1.2528,0.9265,0.8889,0.9082,1.5126,1.4874,1.4857,1.7949,1.7965,1.8059,0.9923,0.9555,0.9036
1748564918.950925,1.6899,1.6928,1.7165,1.0973,0.9732,1.0202,1.8014,1.7643,1.7291,1.4968,1.8392,1.858,1.237,1.1459,0.887
1748564919.066936,2.1627,2.1323,2.1707,1.4559,1.4728,1.4033,1.7917,1.7925,1.6679,1.7519,1.753,1.8065,1.4132,1.482,0.9039
1748564919.179459,2.1635,2.1371,2.1648,1.4232,1.4892,1.3729,1.7702,1.7893,1.6724,1.6571,1.6738,1.7313,1.3786,1.4798,0.9036
1748564919.292983,2.1637,2.1393,2.1621,1.4076,1.4712,1.3643,1.7807,1.7968,1.673,1.6724,1.6912,1.7447,1.3823,1.4774,0.9007
1748564919.4068239,2.2027,2.179,2.2016,1.403,1.4753,1.3512,1.8035,1.8191,1.7012,1.7302,1.7256,1.7828,1.3928,1.4898,0.9034
1748564919.5210629,2.207,2.1962,2.1952,1.4344,1.4331,1.4105,1.8229,1.7925,1.775,1.0807,1.0183,1.0388,1.0686,0.9566,0.8894
1748564919.635587,2.2733,2.2733,2.2655,1.0667,1.0277,1.021,1.1599,1.136,1.122,0.9294,0.8889,0.8776,0.9396,0.8996,0.8875
1748564919.748937,1.8994,1.8951,1.8946,0.9493,0.9114,0.9138,0.9756,0.9592,0.9501,0.9171,0.8856,0.877,0.931,0.8985,0.8873
1748564919.863008,1.6851,1.6883,1.684,0.9292,0.8934,0.9007,0.9649,0.9488,0.9326,0.9219,0.8967,0.8851,0.9388,0.9082,0.8894
1748564919.976918,1.5483,1.5567,1.5548,0.9254,0.8899,0.8999,0.9665,0.9528,0.9335,0.9442,0.9353,0.9501,0.9466,0.9195,0.8899
1748564920.091209,1.4027,1.417,1.4199,0.9163,0.8862,0.8956,0.9866,0.9772,0.9582,1.0463,1.0455,1.0678,0.9555,0.9326,0.9018
1748564920.20492,1.2107,1.2249,1.237,0.9206,0.8891,0.9053,1.4758,1.4543,1.4562,1.7065,1.7087,1.7202,1.3162,1.1704,1.1441
1748564920.318938,1.6687,1.6708,1.6966,1.0866,0.9633,1.0063,1.7783,1.7404,1.7074,1.2109,1.1021,0.9447,1.2198,1.1215,0.8894
1748564920.432876,2.1355,2.1025,2.1508,1.4215,1.443,1.3869,1.781,1.7855,1.6601,1.7509,1.7511,1.807,1.3984,1.4739,0.9053
1748564920.5471182,2.1455,2.1173,2.146,1.3979,1.4433,1.3466,1.7662,1.7734,1.6595,1.663,1.6789,1.7294,1.356,1.4516,0.9031
1748564920.661181,2.1538,2.1307,2.1589,1.3893,1.4274,1.3391,1.771,1.7906,1.6611,1.7014,1.7149,1.7664,1.3745,1.4621,0.9001
1748564920.77599,2.2003,2.179,2.2059,1.4043,1.4769,1.3393,1.8266,1.8366,1.7213,1.7331,1.739,1.7895,1.3885,1.4874,0.8991
1748564920.889291,2.2158,2.2099,2.2048,1.4261,1.4189,1.3995,1.8212,1.7933,1.7842,1.0718,1.0022,1.0197,1.0511,0.9434,0.8905
1748564921.002916,2.25,2.2395,2.2457,1.0431,1.0116,1.0063,1.1215,1.096,1.0796,0.9216,0.8873,0.876,0.9335,0.894,0.8878
1748564921.1169438,1.8645,1.8497,1.8535,0.9515,0.9061,0.909,0.9826,0.9584,0.9434,0.9238,0.8889,0.8752,0.938,0.901,0.8899
1748564921.2318048,1.7758,1.7775,1.7799,0.9407,0.895,0.9007,0.9802,0.9576,0.9356,0.9412,0.9165,0.9302,0.9571,0.9184,0.8897
1748564921.345365,1.637,1.6372,1.6394,0.9329,0.8897,0.8958,0.9802,0.959,0.934,0.9681,0.9558,0.9727,0.9587,0.9251,0.8921
1748564921.4589849,1.4737,1.4779,1.4828,0.9206,0.887,0.8967,1.0173,0.9952,0.9748,1.086,1.0952,1.1107,0.9592,0.9294,0.8993
1748564921.572947,1.2674,1.2765,1.2891,0.93,0.8889,0.9028,1.4527,1.4183,1.4218,1.8084,1.8054,1.8121,0.9856,0.9439,0.9018
1748564921.6872,1.789,1.7726,1.7944,1.1956,1.0057,1.028,1.8194,1.7673,1.7251,1.8822,1.8489,1.8742,1.3294,1.1843,0.8899
1748564921.8049212,2.1541,2.1259,2.1573,1.4387,1.4672,1.3796,1.7804,1.7823,1.6415,1.7697,1.7613,1.8204,1.4129,1.4903,0.9721
